0 0 6.98e+10 1.089e+11 1.521e+11 1.52498e+11 2.492e+11 7.406e+11 1.5145e+12 2.7413e+12 4.5457e+12
1 0 5.71305e+10 1.08795e+11 1.515e+11 1.51353e+11 2.13095e+11 7.48815e+11 1.51227e+12 2.74167e+12 4.5455e+12
2 0 4.90799e+10 1.08588e+11 1.50064e+11 1.49773e+11 2.36246e+11 7.69751e+11 1.50575e+12 2.74282e+12 4.54497e+12
3 0 6.77206e+10 1.0847e+11 1.48687e+11 1.48989e+11 2.37261e+11 7.9487e+11 1.49535e+12 2.74483e+12 4.54421e+12
4 0 6.47058e+10 1.08555e+11 1.48293e+11 1.48418e+11 2.12333e+11 8.15437e+11 1.48156e+12 2.74778e+12 4.54336e+12
5 0 4.65561e+10 1.0877e+11 1.49149e+11 1.48796e+11 2.49197e+11 8.25367e+11 1.46504e+12 2.75172e+12 4.5425e+12
6 0 6.18345e+10 1.08896e+11 1.50658e+11 1.50726e+11 2.13861e+11 8.22034e+11 1.44656e+12 2.75666e+12 4.54171e+12
7 0 6.90864e+10 1.08828e+11 1.51866e+11 1.52206e+11 2.35276e+11 8.06325e+11 1.42707e+12 2.76258e+12 4.54099e+12
9 0 5.21435e+10 1.08617e+11 1.52017e+11 1.51784e+11 2.38191e+11 7.82623e+11 1.40766e+12 2.76944e+12 4.54032e+12
10 0 5.3564e+10 1.08472e+11 1.51014e+11 1.50782e+11 2.11683e+11 7.5851e+11 1.38949e+12 2.77715e+12 4.53961e+12
11 0 6.94438e+10 1.0853e+11 1.49472e+11 1.49863e+11 2.491e+11 7.43048e+11 1.37377e+12 2.78556e+12 4.53875e+12
12 0 6.051e+10 1.08729e+11 1.48393e+11 1.4836e+11 2.1471e+11 7.42845e+11 1.36163e+12 2.7945e+12 4.5376e+12
13 0 4.70244e+10 1.08892e+11 1.48496e+11 1.48109e+11 2.34227e+11 7.57973e+11 1.35398e+12 2.80378e+12 4.5361e+12
14 0 6.57246e+10 1.08853e+11 1.49689e+11 1.50025e+11 2.39136e+11 7.81923e+11 1.35144e+12 2.81328e+12 4.53428e+12
15 0 6.69592e+10 1.08658e+11 1.51209e+11 1.51348e+11 2.11039e+11 8.05638e+11 1.35424e+12 2.82295e+12 4.53227e+12
17 0 4.8071e+10 1.08486e+11 1.52079e+11 1.51633e+11 2.48999e+11 8.21501e+11 1.36216e+12 2.83279e+12 4.53017e+12
18 0 5.85816e+10 1.08501e+11 1.51745e+11 1.51923e+11 2.15572e+11 8.25094e+11 1.37459e+12 2.8428e+12 4.52809e+12
19 0 6.97351e+10 1.08697e+11 1.50437e+11 1.50743e+11 2.33209e+11 8.15527e+11 1.39052e+12 2.85297e+12 4.5261e+12
20 0 5.55877e+10 1.08872e+11 1.48963e+11 1.48568e+11 2.40017e+11 7.95445e+11 1.40864e+12 2.86328e+12 4.52424e+12
21 0 5.03132e+10 1.08873e+11 1.48279e+11 1.4827e+11 2.10505e+11 7.70888e+11 1.42759e+12 2.87373e+12 4.5225e+12
22 0 6.83961e+10 1.08693e+11 1.48844e+11 1.49222e+11 2.48812e+11 7.50295e+11 1.4463e+12 2.88426e+12 4.52082e+12
23 0 6.35319e+10 1.08505e+11 1.50294e+11 1.5005e+11 2.16504e+11 7.41838e+11 1.46385e+12 2.89477e+12 4.51905e+12
25 0 4.63552e+10 1.08492e+11 1.51663e+11 1.51448e+11 2.32138e+11 7.49202e+11 1.47941e+12 2.90509e+12 4.51706e+12
26 0 6.31367e+10 1.08657e+11 1.52084e+11 1.52425e+11 2.40884e+11 7.69128e+11 1.49226e+12 2.91505e+12 4.51477e+12
27 0 6.8583e+10 1.08857e+11 1.51328e+11 1.51383e+11 2.0999e+11 7.93558e+11 1.50182e+12 2.92447e+12 4.51218e+12
28 0 5.07361e+10 1.08885e+11 1.49837e+11 1.49483e+11 2.48596e+11 8.13973e+11 1.50766e+12 2.93325e+12 4.50939e+12
29 0 5.50959e+10 1.08725e+11 1.48555e+11 1.48681e+11 2.17448e+11 8.24273e+11 1.50952e+12 2.94136e+12 4.50649e+12
30 0 6.96863e+10 1.08526e+11 1.4834e+11 1.48644e+11 2.31072e+11 8.21698e+11 1.5073e+12 2.94877e+12 4.50359e+12
31 0 5.90548e+10 1.08474e+11 1.49339e+11 1.49036e+11 2.41708e+11 8.06921e+11 1.50111e+12 2.95551e+12 4.50077e+12
33 0 4.77811e+10 1.08629e+11 1.50878e+11 1.50751e+11 2.09573e+11 7.84043e+11 1.49121e+12 2.96162e+12 4.49811e+12
34 0 6.66806e+10 1.08832e+11 1.51954e+11 1.52362e+11 2.48311e+11 7.60306e+11 1.47806e+12 2.96715e+12 4.4956e+12
35 0 6.60424e+10 1.08899e+11 1.51932e+11 1.51811e+11 2.18445e+11 7.44517e+11 1.46227e+12 2.97214e+12 4.49321e+12
36 0 4.72365e+10 1.08761e+11 1.50805e+11 1.5046e+11 2.29969e+11 7.43347e+11 1.44461e+12 2.97661e+12 4.49081e+12
37 0 6.00559e+10 1.08548e+11 1.49263e+11 1.4964e+11 2.4251e+11 7.57319e+11 1.42596e+12 2.98048e+12 4.48825e+12
38 0 6.95343e+10 1.08469e+11 1.48329e+11 1.48391e+11 2.09187e+11 7.80482e+11 1.40732e+12 2.98362e+12 4.48544e+12
39 0 5.40482e+10 1.08587e+11 1.48611e+11 1.48181e+11 2.48009e+11 8.04137e+11 1.38964e+12 2.98592e+12 4.48237e+12
41 0 5.16855e+10 1.08804e+11 1.49918e+11 1.50203e+11 2.19446e+11 8.20671e+11 1.37401e+12 2.98728e+12 4.47911e+12
42 0 6.8942e+10 1.08904e+11 1.51391e+11 1.51602e+11 2.28887e+11 8.25328e+11 1.3617e+12 2.98763e+12 4.47575e+12
43 0 6.22564e+10 1.08796e+11 1.52105e+11 1.51681e+11 2.43257e+11 8.16777e+11 1.35382e+12 2.98697e+12 4.4724e+12
44 0 4.64604e+10 1.08583e+11 1.51607e+11 1.51683e+11 2.08884e+11 7.97226e+11 1.35108e+12 2.9853e+12 4.46917e+12
45 0 6.43437e+10 1.08465e+11 1.50203e+11 1.50549e+11 2.47627e+11 7.72376e+11 1.35374e+12 2.9827e+12 4.46613e+12
46 0 6.79491e+10 1.08562e+11 1.48795e+11 1.48504e+11 2.20477e+11 7.5071e+11 1.36155e+12 2.97927e+12 4.46335e+12
47 0 4.94517e+10 1.08767e+11 1.4828e+11 1.48126e+11 2.27778e+11 7.40889e+11 1.3739e+12 2.97514e+12 4.4608e+12
49 0 5.66436e+10 1.08896e+11 1.49017e+11 1.49381e+11 2.43963e+11 7.47276e+11 1.38983e+12 2.97043e+12 4.45836e+12
50 0 6.97932e+10 1.08826e+11 1.50517e+11 1.50467e+11 2.08653e+11 7.67037e+11 1.40822e+12 2.96519e+12 4.45589e+12
51 0 5.75472e+10 1.08615e+11 1.51794e+11 1.51461e+11 2.47202e+11 7.92069e+11 1.42783e+12 2.95939e+12 4.4533e+12
52 0 4.87738e+10 1.08476e+11 1.52055e+11 1.52256e+11 2.21547e+11 8.13515e+11 1.44747e+12 2.95299e+12 4.45054e+12
53 0 6.75168e+10 1.08532e+11 1.51136e+11 1.5139e+11 2.26657e+11 8.24902e+11 1.46604e+12 2.94595e+12 4.44766e+12
54 0 6.50065e+10 1.08741e+11 1.4962e+11 1.49284e+11 2.44655e+11 8.23159e+11 1.48259e+12 2.93823e+12 4.44474e+12
55 0 4.6663e+10 1.0889e+11 1.48454e+11 1.48391e+11 2.0846e+11 8.0872e+11 1.49635e+12 2.92982e+12 4.44185e+12
57 0 6.14641e+10 1.08844e+11 1.48419e+11 1.48821e+11 2.46755e+11 7.85532e+11 1.50669e+12 2.92075e+12 4.43913e+12
58 0 6.92003e+10 1.0865e+11 1.49556e+11 1.49332e+11 2.22589e+11 7.60857e+11 1.51315e+12 2.91107e+12 4.43665e+12
59 0 5.25414e+10 1.08481e+11 1.51082e+11 1.50823e+11 2.25563e+11 7.4382e+11 1.5154e+12 2.90091e+12 4.4345e+12
60 0 5.31532e+10 1.08512e+11 1.52031e+11 1.52454e+11 2.45256e+11 7.41698e+11 1.51322e+12 2.89045e+12 4.43265e+12
61 0 6.9354e+10 1.08703e+11 1.51822e+11 1.51787e+11 2.08381e+11 7.55491e+11 1.50663e+12 2.87987e+12 4.43102e+12
62 0 6.08935e+10 1.0888e+11 1.5058e+11 1.5018e+11 2.46224e+11 7.79158e+11 1.496e+12 2.86931e+12 4.42944e+12
63 0 4.68647e+10 1.08872e+11 1.49069e+11 1.494e+11 2.23693e+11 8.03557e+11 1.48192e+12 2.85886e+12 4.42782e+12
65 0 6.54452e+10 1.08683e+11 1.48278e+11 1.48414e+11 2.24441e+11 8.20711e+11 1.46508e+12 2.84856e+12 4.42609e+12
66 0 6.71887e+10 1.085e+11 1.4875e+11 1.48323e+11 2.45857e+11 8.2579e+11 1.44631e+12 2.83843e+12 4.42426e+12
67 0 4.83394e+10 1.08486e+11 1.50138e+11 1.50325e+11 2.08327e+11 8.17486e+11 1.42657e+12 2.82846e+12 4.42237e+12
68 0 5.81724e+10 1.08665e+11 1.51557e+11 1.5184e+11 2.4568e+11 7.98007e+11 1.40697e+12 2.81867e+12 4.42051e+12
69 0 6.97656e+10 1.08862e+11 1.52108e+11 1.51761e+11 2.24764e+11 7.73039e+11 1.38867e+12 2.80905e+12 4.41878e+12
70 0 5.60093e+10 1.08884e+11 1.51443e+11 1.51364e+11 2.23354e+11 7.51077e+11 1.37289e+12 2.79963e+12 4.41729e+12
71 0 4.99613e+10 1.08725e+11 1.49982e+11 1.50344e+11 2.46383e+11 7.40854e+11 1.36075e+12 2.79047e+12 4.41613e+12
73 0 6.82256e+10 1.08521e+11 1.48645e+11 1.48534e+11 2.08382e+11 7.46873e+11 1.35316e+12 2.78173e+12 4.41531e+12
74 0 6.38597e+10 1.08479e+11 1.48318e+11 1.48017e+11 2.4507e+11 7.66421e+11 1.35075e+12 2.77357e+12 4.41475e+12
75 0 4.63806e+10 1.08628e+11 1.49211e+11 1.49484e+11 2.25876e+11 7.91425e+11 1.3537e+12 2.76618e+12 4.4143e+12
76 0 6.27913e+10 1.08832e+11 1.50738e+11 1.50908e+11 2.22261e+11 8.12987e+11 1.36183e+12 2.75969e+12 4.41385e+12
77 0 6.87335e+10 1.08897e+11 1.51913e+11 1.51543e+11 2.46894e+11 8.24573e+11 1.37451e+12 2.75416e+12 4.41335e+12
78 0 5.11068e+10 1.08753e+11 1.51987e+11 1.52018e+11 2.08478e+11 8.23072e+11 1.39078e+12 2.74964e+12 4.41276e+12
79 0 5.4679e+10 1.08549e+11 1.50937e+11 1.51316e+11 2.44449e+11 8.08911e+11 1.40943e+12 2.74614e+12 4.41211e+12
81 0 6.96329e+10 1.08471e+11 1.49405e+11 1.4913e+11 2.26952e+11 7.86061e+11 1.42908e+12 2.74363e+12 4.41146e+12
82 0 5.94566e+10 1.08599e+11 1.4837e+11 1.48178e+11 2.21208e+11 7.61763e+11 1.44838e+12 2.74206e+12 4.41093e+12
83 0 4.75502e+10 1.08809e+11 1.48525e+11 1.48965e+11 2.47318e+11 7.44916e+11 1.46629e+12 2.74135e+12 4.41065e+12
84 0 6.64342e+10 1.08896e+11 1.49773e+11 1.49624e+11 2.08682e+11 7.42524e+11 1.48201e+12 2.74142e+12 4.41072e+12
85 0 6.63022e+10 1.08789e+11 1.51283e+11 1.50951e+11 2.43745e+11 7.55617e+11 1.49489e+12 2.74226e+12 4.41117e+12
86 0 4.74394e+10 1.08573e+11 1.52078e+11 1.52476e+11 2.28082e+11 7.78532e+11 1.50436e+12 2.74391e+12 4.41194e+12
87 0 5.96609e+10 1.08467e+11 1.51699e+11 1.51743e+11 2.20144e+11 8.0247e+11 1.51003e+12 2.74647e+12 4.4129e+12
89 0 6.96029e+10 1.08566e+11 1.50361e+11 1.49946e+11 2.47743e+11 8.19594e+11 1.51165e+12 2.74997e+12 4.41395e+12
90 0 5.4463e+10 1.08776e+11 1.48889e+11 1.49132e+11 2.0892e+11 8.25045e+11 1.50914e+12 2.75446e+12 4.41499e+12
91 0 5.13015e+10 1.08904e+11 1.4827e+11 1.48489e+11 2.43048e+11 8.17403e+11 1.5026e+12 2.75991e+12 4.41597e+12
92 0 6.88058e+10 1.08817e+11 1.48906e+11 1.48526e+11 2.29159e+11 7.98688e+11 1.4923e+12 2.76631e+12 4.41688e+12
93 0 6.26114e+10 1.0861e+11 1.50368e+11 1.50392e+11 2.19145e+11 7.74331e+11 1.47872e+12 2.77358e+12 4.41777e+12
94 0 4.64008e+10 1.0847e+11 1.51701e+11 1.52047e+11 2.48077e+11 7.52534e+11 1.46248e+12 2.78161e+12 4.41872e+12
95 0 6.40266e+10 1.08534e+11 1.52081e+11 1.51885e+11 2.09274e+11 7.41864e+11 1.44439e+12 2.79026e+12 4.41987e+12
97 0 6.81344e+10 1.08743e+11 1.51267e+11 1.51009e+11 2.42265e+11 7.46975e+11 1.42539e+12 2.79933e+12 4.42134e+12
98 0 4.97865e+10 1.0889e+11 1.4975e+11 1.50054e+11 2.30276e+11 7.65595e+11 1.40653e+12 2.80867e+12 4.42316e+12
99 0 5.62236e+10 1.08849e+11 1.4852e+11 1.48625e+11 2.18119e+11 7.90084e+11 1.38888e+12 2.81819e+12 4.4253e+12
