0 0 6.98e+10 1.089e+11 1.521e+11 1.52498e+11 2.492e+11 7.406e+11 1.5145e+12 2.7413e+12 4.5457e+12
0 0 6.88195e+10 1.08896e+11 1.52092e+11 1.52077e+11 2.49166e+11 7.40602e+11 1.5145e+12 2.7413e+12 4.5457e+12
0 0 6.59394e+10 1.08885e+11 1.52057e+11 1.51677e+11 2.49063e+11 7.4061e+11 1.5145e+12 2.7413e+12 4.5457e+12
0 0 6.13881e+10 1.08866e+11 1.51987e+11 1.52091e+11 2.48893e+11 7.40621e+11 1.51449e+12 2.7413e+12 4.5457e+12
0 0 5.5722e+10 1.0884e+11 1.51894e+11 1.52272e+11 2.48655e+11 7.40638e+11 1.51449e+12 2.7413e+12 4.5457e+12
0 0 5.01352e+10 1.08809e+11 1.51787e+11 1.51651e+11 2.4835e+11 7.4066e+11 1.51448e+12 2.7413e+12 4.5457e+12
0 0 4.66651e+10 1.08774e+11 1.51655e+11 1.5131e+11 2.47979e+11 7.40686e+11 1.51448e+12 2.7413e+12 4.5457e+12
0 0 4.7198e+10 1.08734e+11 1.51493e+11 1.51709e+11 2.47542e+11 7.40717e+11 1.51447e+12 2.74131e+12 4.5457e+12
0 0 5.14072e+10 1.08694e+11 1.51319e+11 1.51637e+11 2.47041e+11 7.40752e+11 1.51446e+12 2.74131e+12 4.5457e+12
0 0 5.71727e+10 1.08652e+11 1.51137e+11 1.5089e+11 2.46476e+11 7.40793e+11 1.51445e+12 2.74131e+12 4.5457e+12
0 0 6.26437e+10 1.08612e+11 1.50935e+11 1.50657e+11 2.4585e+11 7.40838e+11 1.51444e+12 2.74131e+12 4.5457e+12
0 0 6.68177e+10 1.08574e+11 1.50715e+11 1.5102e+11 2.45163e+11 7.40888e+11 1.51443e+12 2.74131e+12 4.54569e+12
0 0 6.92423e+10 1.08541e+11 1.50495e+11 1.5072e+11 2.44417e+11 7.40943e+11 1.51441e+12 2.74132e+12 4.54569e+12
0 0 6.97399e+10 1.08512e+11 1.50276e+11 1.49943e+11 2.43615e+11 7.41002e+11 1.5144e+12 2.74132e+12 4.54569e+12
0 0 6.82802e+10 1.0849e+11 1.50048e+11 1.49867e+11 2.42758e+11 7.41066e+11 1.51438e+12 2.74132e+12 4.54569e+12
0 0 6.49578e+10 1.08475e+11 1.49816e+11 1.50181e+11 2.41848e+11 7.41135e+11 1.51436e+12 2.74132e+12 4.54569e+12
0 0 6.00615e+10 1.08468e+11 1.49598e+11 1.49707e+11 2.40889e+11 7.41208e+11 1.51434e+12 2.74133e+12 4.54569e+12
0 0 5.42711e+10 1.08469e+11 1.49392e+11 1.49006e+11 2.39882e+11 7.41286e+11 1.51432e+12 2.74133e+12 4.54569e+12
0 0 4.89907e+10 1.08478e+11 1.49187e+11 1.49124e+11 2.3883e+11 7.41369e+11 1.5143e+12 2.74133e+12 4.54568e+12
0 0 4.63886e+10 1.08494e+11 1.48994e+11 1.49381e+11 2.37737e+11 7.41456e+11 1.51428e+12 2.74134e+12 4.54568e+12
0 0 4.79644e+10 1.08518e+11 1.48828e+11 1.48806e+11 2.36607e+11 7.41548e+11 1.51425e+12 2.74134e+12 4.54568e+12
0 0 5.27714e+10 1.08547e+11 1.48681e+11 1.48285e+11 2.35441e+11 7.41645e+11 1.51423e+12 2.74135e+12 4.54568e+12
0 0 5.86013e+10 1.08582e+11 1.48546e+11 1.48609e+11 2.34244e+11 7.41746e+11 1.5142e+12 2.74135e+12 4.54567e+12
0 0 6.38182e+10 1.08621e+11 1.48435e+11 1.48804e+11 2.33021e+11 7.41851e+11 1.51417e+12 2.74136e+12 4.54567e+12
0 0 6.75886e+10 1.08661e+11 1.4836e+11 1.4821e+11 2.31775e+11 7.41962e+11 1.51414e+12 2.74136e+12 4.54567e+12
0 0 6.95473e+10 1.08703e+11 1.48308e+11 1.47946e+11 2.3051e+11 7.42077e+11 1.51411e+12 2.74136e+12 4.54567e+12
0 0 6.95602e+10 1.08744e+11 1.48273e+11 1.48458e+11 2.29232e+11 7.42196e+11 1.51408e+12 2.74137e+12 4.54566e+12
0 0 6.76266e+10 1.08782e+11 1.48271e+11 1.48583e+11 2.27944e+11 7.4232e+11 1.51405e+12 2.74138e+12 4.54566e+12
0 0 6.38784e+10 1.08817e+11 1.48305e+11 1.48042e+11 2.26653e+11 7.42449e+11 1.51401e+12 2.74138e+12 4.54566e+12
0 0 5.86766e+10 1.08847e+11 1.4836e+11 1.48076e+11 2.25362e+11 7.42582e+11 1.51398e+12 2.74139e+12 4.54565e+12
0 0 5.28462e+10 1.08871e+11 1.48433e+11 1.48721e+11 2.24079e+11 7.42719e+11 1.51394e+12 2.74139e+12 4.54565e+12
0 0 4.80114e+10 1.08888e+11 1.4854e+11 1.48762e+11 2.22807e+11 7.42861e+11 1.5139e+12 2.7414e+12 4.54565e+12
0 0 4.63813e+10 1.08897e+11 1.48676e+11 1.48332e+11 2.21553e+11 7.43007e+11 1.51386e+12 2.74141e+12 4.54564e+12
0 0 4.89339e+10 1.08899e+11 1.48825e+11 1.48651e+11 2.20323e+11 7.43158e+11 1.51382e+12 2.74141e+12 4.54564e+12
0 0 5.4194e+10 1.08893e+11 1.48989e+11 1.49349e+11 2.19122e+11 7.43313e+11 1.51378e+12 2.74142e+12 4.54564e+12
0 0 5.99889e+10 1.08879e+11 1.4918e+11 1.49289e+11 2.17956e+11 7.43473e+11 1.51374e+12 2.74143e+12 4.54563e+12
0 0 6.49026e+10 1.08858e+11 1.49387e+11 1.49e+11 2.16832e+11 7.43637e+11 1.51369e+12 2.74143e+12 4.54563e+12
0 0 6.82481e+10 1.0883e+11 1.49596e+11 1.49548e+11 2.15755e+11 7.43805e+11 1.51365e+12 2.74144e+12 4.54563e+12
0 0 6.97332e+10 1.08798e+11 1.49811e+11 1.50203e+11 2.1473e+11 7.43978e+11 1.5136e+12 2.74145e+12 4.54562e+12
0 0 6.92613e+10 1.08761e+11 1.50041e+11 1.50029e+11 2.13765e+11 7.44155e+11 1.51355e+12 2.74146e+12 4.54562e+12
0 0 6.68613e+10 1.08721e+11 1.50273e+11 1.49886e+11 2.12863e+11 7.44336e+11 1.5135e+12 2.74146e+12 4.54561e+12
0 0 6.27082e+10 1.0868e+11 1.50493e+11 1.50575e+11 2.12031e+11 7.44521e+11 1.51345e+12 2.74147e+12 4.54561e+12
0 0 5.72493e+10 1.08639e+11 1.5071e+11 1.51093e+11 2.11272e+11 7.44711e+11 1.5134e+12 2.74148e+12 4.5456e+12
0 0 5.14779e+10 1.086e+11 1.5093e+11 1.50798e+11 2.10593e+11 7.44905e+11 1.51335e+12 2.74149e+12 4.5456e+12
0 0 4.72334e+10 1.08563e+11 1.51135e+11 1.50788e+11 2.09998e+11 7.45103e+11 1.5133e+12 2.7415e+12 4.54559e+12
0 0 4.66441e+10 1.08531e+11 1.51318e+11 1.51519e+11 2.09489e+11 7.45305e+11 1.51324e+12 2.74151e+12 4.54559e+12
0 0 5.0071e+10 1.08505e+11 1.5149e+11 1.51824e+11 2.0907e+11 7.45511e+11 1.51318e+12 2.74152e+12 4.54558e+12
0 0 5.56447e+10 1.08486e+11 1.51652e+11 1.51416e+11 2.08744e+11 7.45721e+11 1.51313e+12 2.74153e+12 4.54558e+12
0 0 6.13192e+10 1.08473e+11 1.51787e+11 1.51513e+11 2.08513e+11 7.45936e+11 1.51307e+12 2.74154e+12 4.54557e+12
0 0 6.58896e+10 1.08469e+11 1.51894e+11 1.52193e+11 2.08379e+11 7.46154e+11 1.51301e+12 2.74155e+12 4.54557e+12
0 0 6.87935e+10 1.08472e+11 1.51984e+11 1.52236e+11 2.08343e+11 7.46377e+11 1.51295e+12 2.74156e+12 4.54556e+12
0 0 6.97994e+10 1.08484e+11 1.52055e+11 1.51738e+11 2.08404e+11 7.46603e+11 1.51288e+12 2.74157e+12 4.54556e+12
0 0 6.88446e+10 1.08503e+11 1.52093e+11 1.51917e+11 2.08563e+11 7.46833e+11 1.51282e+12 2.74158e+12 4.54555e+12
1 0 6.59885e+10 1.08528e+11 1.521e+11 1.52465e+11 2.08818e+11 7.47067e+11 1.51276e+12 2.74159e+12 4.54555e+12
1 0 6.14567e+10 1.0856e+11 1.5209e+11 1.52234e+11 2.09168e+11 7.47306e+11 1.51269e+12 2.7416e+12 4.54554e+12
1 0 5.57994e+10 1.08596e+11 1.52057e+11 1.51688e+11 2.0961e+11 7.47547e+11 1.51262e+12 2.74161e+12 4.54554e+12
1 0 5.02002e+10 1.08635e+11 1.51989e+11 1.51927e+11 2.10142e+11 7.47793e+11 1.51255e+12 2.74162e+12 4.54553e+12
1 0 4.66876e+10 1.08676e+11 1.51895e+11 1.5229e+11 2.1076e+11 7.48043e+11 1.51249e+12 2.74163e+12 4.54552e+12
1 0 4.71639e+10 1.08718e+11 1.51787e+11 1.51808e+11 2.1146e+11 7.48296e+11 1.51241e+12 2.74165e+12 4.54552e+12
1 0 5.13371e+10 1.08758e+11 1.51658e+11 1.5127e+11 2.12239e+11 7.48553e+11 1.51234e+12 2.74166e+12 4.54551e+12
1 0 5.70958e+10 1.08795e+11 1.51498e+11 1.51556e+11 2.1309e+11 7.48814e+11 1.51227e+12 2.74167e+12 4.5455e+12
1 0 6.25787e+10 1.08828e+11 1.51321e+11 1.51705e+11 2.1401e+11 7.49078e+11 1.51219e+12 2.74168e+12 4.5455e+12
1 0 6.67734e+10 1.08856e+11 1.51139e+11 1.51033e+11 2.14992e+11 7.49346e+11 1.51212e+12 2.7417e+12 4.54549e+12
1 0 6.92226e+10 1.08877e+11 1.5094e+11 1.50572e+11 2.16032e+11 7.49618e+11 1.51204e+12 2.74171e+12 4.54548e+12
1 0 6.97461e+10 1.08891e+11 1.50721e+11 1.50894e+11 2.17124e+11 7.49893e+11 1.51196e+12 2.74172e+12 4.54548e+12
1 0 6.83119e+10 1.08898e+11 1.50499e+11 1.50832e+11 2.18261e+11 7.50171e+11 1.51188e+12 2.74173e+12 4.54547e+12
1 0 6.50128e+10 1.08897e+11 1.5028e+11 1.50058e+11 2.19438e+11 7.50453e+11 1.5118e+12 2.74175e+12 4.54546e+12
1 0 6.01341e+10 1.08888e+11 1.50055e+11 1.49745e+11 2.20649e+11 7.50739e+11 1.51172e+12 2.74176e+12 4.54546e+12
1 0 5.43484e+10 1.08871e+11 1.49823e+11 1.50095e+11 2.21888e+11 7.51028e+11 1.51164e+12 2.74178e+12 4.54545e+12
1 0 4.90483e+10 1.08847e+11 1.49603e+11 1.49852e+11 2.23148e+11 7.5132e+11 1.51156e+12 2.74179e+12 4.54544e+12
1 0 4.63967e+10 1.08818e+11 1.49398e+11 1.49079e+11 2.24425e+11 7.51616e+11 1.51147e+12 2.74181e+12 4.54544e+12
1 0 4.7918e+10 1.08783e+11 1.49195e+11 1.48978e+11 2.25713e+11 7.51915e+11 1.51139e+12 2.74182e+12 4.54543e+12
1 0 5.26965e+10 1.08745e+11 1.49001e+11 1.49346e+11 2.27006e+11 7.52217e+11 1.5113e+12 2.74184e+12 4.54542e+12
1 0 5.85256e+10 1.08705e+11 1.48833e+11 1.4897e+11 2.28299e+11 7.52523e+11 1.51121e+12 2.74185e+12 4.54541e+12
1 0 6.37573e+10 1.08664e+11 1.48688e+11 1.48307e+11 2.29586e+11 7.52831e+11 1.51112e+12 2.74187e+12 4.54541e+12
1 0 6.75499e+10 1.08623e+11 1.48554e+11 1.48453e+11 2.30863e+11 7.53143e+11 1.51103e+12 2.74188e+12 4.5454e+12
1 0 6.95339e+10 1.08585e+11 1.48441e+11 1.48823e+11 2.32125e+11 7.53458e+11 1.51094e+12 2.7419e+12 4.54539e+12
1 0 6.95728e+10 1.0855e+11 1.48364e+11 1.48373e+11 2.33367e+11 7.53776e+11 1.51084e+12 2.74191e+12 4.54538e+12
1 0 6.76644e+10 1.0852e+11 1.48313e+11 1.47914e+11 2.34585e+11 7.54097e+11 1.51075e+12 2.74193e+12 4.54538e+12
1 0 6.39385e+10 1.08497e+11 1.48279e+11 1.48308e+11 2.35774e+11 7.54421e+11 1.51065e+12 2.74195e+12 4.54537e+12
1 0 5.8752e+10 1.0848e+11 1.48273e+11 1.48652e+11 2.36932e+11 7.54748e+11 1.51056e+12 2.74196e+12 4.54536e+12
1 0 5.29214e+10 1.08471e+11 1.48305e+11 1.48186e+11 2.38054e+11 7.55078e+11 1.51046e+12 2.74198e+12 4.54535e+12
1 0 4.80591e+10 1.08469e+11 1.48361e+11 1.47991e+11 2.39137e+11 7.55411e+11 1.51036e+12 2.742e+12 4.54534e+12
1 0 4.63748e+10 1.08476e+11 1.48434e+11 1.48591e+11 2.40177e+11 7.55746e+11 1.51026e+12 2.74201e+12 4.54533e+12
1 0 4.88773e+10 1.08491e+11 1.48536e+11 1.48872e+11 2.41172e+11 7.56084e+11 1.51016e+12 2.74203e+12 4.54533e+12
1 0 5.41168e+10 1.08513e+11 1.48671e+11 1.48438e+11 2.42119e+11 7.56425e+11 1.51006e+12 2.74205e+12 4.54532e+12
1 0 5.99158e+10 1.08541e+11 1.48822e+11 1.48522e+11 2.43014e+11 7.56769e+11 1.50995e+12 2.74207e+12 4.54531e+12
1 0 6.48468e+10 1.08575e+11 1.48984e+11 1.49251e+11 2.43857e+11 7.57115e+11 1.50985e+12 2.74209e+12 4.5453e+12
1 0 6.82156e+10 1.08613e+11 1.4917e+11 1.49427e+11 2.44644e+11 7.57464e+11 1.50974e+12 2.7421e+12 4.54529e+12
1 0 6.97262e+10 1.08654e+11 1.49377e+11 1.49055e+11 2.45373e+11 7.57816e+11 1.50963e+12 2.74212e+12 4.54528e+12
1 0 6.92802e+10 1.08696e+11 1.49586e+11 1.49389e+11 2.46043e+11 7.58169e+11 1.50953e+12 2.74214e+12 4.54527e+12
1 0 6.69048e+10 1.08738e+11 1.49799e+11 1.50148e+11 2.46653e+11 7.58526e+11 1.50942e+12 2.74216e+12 4.54526e+12
1 0 6.27727e+10 1.08778e+11 1.50027e+11 1.5018e+11 2.47199e+11 7.58885e+11 1.50931e+12 2.74218e+12 4.54525e+12
1 0 5.73262e+10 1.08814e+11 1.5026e+11 1.49886e+11 2.47682e+11 7.59246e+11 1.50919e+12 2.7422e+12 4.54524e+12
1 0 5.15489e+10 1.08845e+11 1.50482e+11 1.50406e+11 2.481e+11 7.5961e+11 1.50908e+12 2.74222e+12 4.54523e+12
1 0 4.72692e+10 1.08871e+11 1.50697e+11 1.51089e+11 2.48452e+11 7.59976e+11 1.50897e+12 2.74224e+12 4.54523e+12
1 0 4.66233e+10 1.08889e+11 1.50915e+11 1.50949e+11 2.48737e+11 7.60344e+11 1.50885e+12 2.74226e+12 4.54522e+12
1 0 5.00065e+10 1.089e+11 1.51123e+11 1.50736e+11 2.48956e+11 7.60714e+11 1.50874e+12 2.74228e+12 4.54521e+12
1 0 5.55669e+10 1.08903e+11 1.51308e+11 1.51359e+11 2.49106e+11 7.61087e+11 1.50862e+12 2.7423e+12 4.5452e+12
1 0 6.12498e+10 1.08898e+11 1.51478e+11 1.51872e+11 2.49188e+11 7.61461e+11 1.5085e+12 2.74232e+12 4.54519e+12
1 0 6.58394e+10 1.08885e+11 1.5164e+11 1.51554e+11 2.49201e+11 7.61838e+11 1.50838e+12 2.74234e+12 4.54518e+12
1 0 6.87672e+10 1.08864e+11 1.5178e+11 1.51417e+11 2.49147e+11 7.62217e+11 1.50826e+12 2.74236e+12 4.54517e+12
1 0 6.97987e+10 1.08837e+11 1.51888e+11 1.52058e+11 2.49024e+11 7.62598e+11 1.50814e+12 2.74239e+12 4.54516e+12
1 0 6.88695e+10 1.08805e+11 1.51976e+11 1.52331e+11 2.48833e+11 7.62981e+11 1.50801e+12 2.74241e+12 4.54515e+12
1 0 6.60373e+10 1.08767e+11 1.52049e+11 1.51851e+11 2.48575e+11 7.63366e+11 1.50789e+12 2.74243e+12 4.54514e+12
1 0 6.15248e+10 1.08727e+11 1.52092e+11 1.51787e+11 2.48249e+11 7.63752e+11 1.50776e+12 2.74245e+12 4.54513e+12
2 0 5.58764e+10 1.08685e+11 1.52099e+11 1.52371e+11 2.47858e+11 7.64141e+11 1.50764e+12 2.74248e+12 4.54512e+12
2 0 5.02651e+10 1.08643e+11 1.52088e+11 1.52367e+11 2.47401e+11 7.64531e+11 1.50751e+12 2.7425e+12 4.54511e+12
2 0 4.67105e+10 1.08603e+11 1.52057e+11 1.51766e+11 2.4688e+11 7.64923e+11 1.50738e+12 2.74252e+12 4.5451e+12
2 0 4.71304e+10 1.08565e+11 1.51994e+11 1.51776e+11 2.46296e+11 7.65317e+11 1.50725e+12 2.74254e+12 4.54509e+12
2 0 5.12675e+10 1.08532e+11 1.51899e+11 1.52245e+11 2.45651e+11 7.65713e+11 1.50712e+12 2.74257e+12 4.54508e+12
2 0 5.70193e+10 1.08505e+11 1.5179e+11 1.51965e+11 2.44945e+11 7.6611e+11 1.50699e+12 2.74259e+12 4.54506e+12
2 0 6.25138e+10 1.08484e+11 1.51664e+11 1.51305e+11 2.44182e+11 7.66508e+11 1.50686e+12 2.74262e+12 4.54505e+12
2 0 6.6729e+10 1.0847e+11 1.51507e+11 1.51397e+11 2.43362e+11 7.66908e+11 1.50672e+12 2.74264e+12 4.54504e+12
2 0 6.92024e+10 1.08465e+11 1.51329e+11 1.51715e+11 2.42488e+11 7.6731e+11 1.50659e+12 2.74267e+12 4.54503e+12
2 0 6.97513e+10 1.08467e+11 1.51145e+11 1.51198e+11 2.41562e+11 7.67713e+11 1.50645e+12 2.74269e+12 4.54502e+12
2 0 6.83423e+10 1.08477e+11 1.5095e+11 1.50559e+11 2.40587e+11 7.68117e+11 1.50631e+12 2.74271e+12 4.54501e+12
2 0 6.50662e+10 1.08496e+11 1.50733e+11 1.50742e+11 2.39566e+11 7.68523e+11 1.50618e+12 2.74274e+12 4.545e+12
2 0 6.0205e+10 1.08521e+11 1.50508e+11 1.50895e+11 2.38501e+11 7.6893e+11 1.50604e+12 2.74277e+12 4.54499e+12
2 0 5.44244e+10 1.08552e+11 1.50289e+11 1.50212e+11 2.37396e+11 7.69339e+11 1.5059e+12 2.74279e+12 4.54498e+12
2 0 4.91056e+10 1.08588e+11 1.50067e+11 1.49683e+11 2.36253e+11 7.69748e+11 1.50575e+12 2.74282e+12 4.54497e+12
2 0 4.64063e+10 1.08627e+11 1.49836e+11 1.49965e+11 2.35077e+11 7.70159e+11 1.50561e+12 2.74284e+12 4.54496e+12
2 0 4.78737e+10 1.08669e+11 1.49613e+11 1.49961e+11 2.33872e+11 7.70571e+11 1.50547e+12 2.74287e+12 4.54494e+12
2 0 5.26236e+10 1.08712e+11 1.49407e+11 1.49207e+11 2.32641e+11 7.70983e+11 1.50532e+12 2.7429e+12 4.54493e+12
2 0 5.84511e+10 1.08753e+11 1.49207e+11 1.48873e+11 2.31388e+11 7.71397e+11 1.50518e+12 2.74292e+12 4.54492e+12
2 0 6.36972e+10 1.08792e+11 1.49012e+11 1.4925e+11 2.30119e+11 7.71812e+11 1.50503e+12 2.74295e+12 4.54491e+12
2 0 6.75114e+10 1.08827e+11 1.4884e+11 1.49113e+11 2.28837e+11 7.72228e+11 1.50488e+12 2.74298e+12 4.5449e+12
2 0 6.95201e+10 1.08856e+11 1.48695e+11 1.48393e+11 2.27548e+11 7.72645e+11 1.50473e+12 2.74301e+12 4.54489e+12
2 0 6.95846e+10 1.0888e+11 1.48563e+11 1.48316e+11 2.26256e+11 7.73062e+11 1.50458e+12 2.74303e+12 4.54488e+12
2 0 6.7701e+10 1.08896e+11 1.48448e+11 1.48771e+11 2.24968e+11 7.7348e+11 1.50443e+12 2.74306e+12 4.54486e+12
2 0 6.39972e+10 1.08904e+11 1.48367e+11 1.48536e+11 2.23687e+11 7.73899e+11 1.50428e+12 2.74309e+12 4.54485e+12
2 0 5.88259e+10 1.08904e+11 1.48316e+11 1.47946e+11 2.22421e+11 7.74319e+11 1.50412e+12 2.74312e+12 4.54484e+12
2 0 5.29954e+10 1.08896e+11 1.48283e+11 1.48153e+11 2.21174e+11 7.7474e+11 1.50397e+12 2.74315e+12 4.54483e+12
2 0 4.81067e+10 1.0888e+11 1.48274e+11 1.48649e+11 2.19953e+11 7.75161e+11 1.50381e+12 2.74318e+12 4.54482e+12
2 0 4.63694e+10 1.08857e+11 1.48303e+11 1.4835e+11 2.18763e+11 7.75582e+11 1.50366e+12 2.74321e+12 4.5448e+12
2 0 4.88225e+10 1.08828e+11 1.4836e+11 1.47964e+11 2.17611e+11 7.76005e+11 1.5035e+12 2.74324e+12 4.54479e+12
2 0 5.40411e+10 1.08793e+11 1.48433e+11 1.48434e+11 2.16501e+11 7.76427e+11 1.50334e+12 2.74327e+12 4.54478e+12
2 0 5.98438e+10 1.08754e+11 1.48532e+11 1.48918e+11 2.1544e+11 7.76851e+11 1.50318e+12 2.7433e+12 4.54477e+12
2 0 6.47917e+10 1.08713e+11 1.48664e+11 1.48584e+11 2.14435e+11 7.77274e+11 1.50302e+12 2.74333e+12 4.54476e+12
2 0 6.81832e+10 1.08671e+11 1.48816e+11 1.4844e+11 2.13489e+11 7.77698e+11 1.50286e+12 2.74336e+12 4.54474e+12
2 0 6.97189e+10 1.08629e+11 1.48978e+11 1.4911e+11 2.12609e+11 7.78122e+11 1.5027e+12 2.74339e+12 4.54473e+12
2 0 6.92985e+10 1.08589e+11 1.4916e+11 1.49517e+11 2.11801e+11 7.78547e+11 1.50253e+12 2.74342e+12 4.54472e+12
2 0 6.69475e+10 1.08553e+11 1.49366e+11 1.49169e+11 2.11068e+11 7.78972e+11 1.50237e+12 2.74345e+12 4.54471e+12
2 0 6.28362e+10 1.08522e+11 1.49578e+11 1.49263e+11 2.10415e+11 7.79397e+11 1.5022e+12 2.74348e+12 4.5447e+12
2 0 5.7402e+10 1.08496e+11 1.4979e+11 1.50038e+11 2.09846e+11 7.79822e+11 1.50203e+12 2.74351e+12 4.54468e+12
2 0 5.16191e+10 1.08478e+11 1.50014e+11 1.50304e+11 2.09366e+11 7.80247e+11 1.50187e+12 2.74354e+12 4.54467e+12
2 0 4.73051e+10 1.08467e+11 1.50248e+11 1.49956e+11 2.08977e+11 7.80672e+11 1.5017e+12 2.74358e+12 4.54466e+12
2 0 4.66035e+10 1.08464e+11 1.50472e+11 1.5025e+11 2.08681e+11 7.81097e+11 1.50153e+12 2.74361e+12 4.54465e+12
2 0 4.99434e+10 1.08469e+11 1.50687e+11 1.51024e+11 2.0848e+11 7.81523e+11 1.50135e+12 2.74364e+12 4.54463e+12
2 0 5.54903e+10 1.08482e+11 1.50903e+11 1.51096e+11 2.08377e+11 7.81948e+11 1.50118e+12 2.74368e+12 4.54462e+12
2 0 6.11813e+10 1.08503e+11 1.51113e+11 1.50758e+11 2.08371e+11 7.82373e+11 1.50101e+12 2.74371e+12 4.54461e+12
2 0 6.57897e+10 1.0853e+11 1.51301e+11 1.51192e+11 2.08462e+11 7.82798e+11 1.50083e+12 2.74374e+12 4.54459e+12
2 0 6.87411e+10 1.08563e+11 1.51471e+11 1.51859e+11 2.0865e+11 7.83222e+11 1.50066e+12 2.74378e+12 4.54458e+12
2 0 6.9798e+10 1.086e+11 1.51632e+11 1.5171e+11 2.08934e+11 7.83647e+11 1.50048e+12 2.74381e+12 4.54457e+12
2 0 6.88941e+10 1.08641e+11 1.51775e+11 1.51391e+11 2.09312e+11 7.84071e+11 1.50031e+12 2.74384e+12 4.54456e+12
2 0 6.60855e+10 1.08683e+11 1.51886e+11 1.51898e+11 2.09782e+11 7.84495e+11 1.50013e+12 2.74388e+12 4.54454e+12
2 0 6.15922e+10 1.08725e+11 1.51974e+11 1.52373e+11 2.10339e+11 7.84918e+11 1.49995e+12 2.74391e+12 4.54453e+12
2 0 5.59526e+10 1.08766e+11 1.52047e+11 1.52003e+11 2.10982e+11 7.85341e+11 1.49977e+12 2.74395e+12 4.54452e+12
3 0 5.03292e+10 1.08803e+11 1.52093e+11 1.51717e+11 2.11705e+11 7.85764e+11 1.49959e+12 2.74398e+12 4.5445e+12
3 0 4.6733e+10 1.08836e+11 1.52104e+11 1.52235e+11 2.12504e+11 7.86186e+11 1.4994e+12 2.74402e+12 4.54449e+12
3 0 4.70973e+10 1.08864e+11 1.52091e+11 1.52459e+11 2.13375e+11 7.86607e+11 1.49922e+12 2.74405e+12 4.54448e+12
3 0 5.11985e+10 1.08885e+11 1.52061e+11 1.51899e+11 2.14313e+11 7.87028e+11 1.49904e+12 2.74409e+12 4.54446e+12
3 0 5.69435e+10 1.08898e+11 1.52002e+11 1.51668e+11 2.15311e+11 7.87448e+11 1.49885e+12 2.74413e+12 4.54445e+12
3 0 6.24496e+10 1.08904e+11 1.51909e+11 1.52145e+11 2.16365e+11 7.87868e+11 1.49866e+12 2.74416e+12 4.54444e+12
3 0 6.66853e+10 1.08901e+11 1.51798e+11 1.52098e+11 2.17469e+11 7.88287e+11 1.49848e+12 2.7442e+12 4.54442e+12
3 0 6.91827e+10 1.08891e+11 1.51672e+11 1.51405e+11 2.18616e+11 7.88705e+11 1.49829e+12 2.74424e+12 4.54441e+12
3 0 6.9757e+10 1.08873e+11 1.51519e+11 1.51261e+11 2.19801e+11 7.89123e+11 1.4981e+12 2.74428e+12 4.5444e+12
3 0 6.83729e+10 1.08848e+11 1.51341e+11 1.5166e+11 2.21019e+11 7.8954e+11 1.49791e+12 2.74431e+12 4.54438e+12
3 0 6.51196e+10 1.08817e+11 1.51155e+11 1.51356e+11 2.22262e+11 7.89956e+11 1.49772e+12 2.74435e+12 4.54437e+12
3 0 6.02758e+10 1.08781e+11 1.5096e+11 1.50614e+11 2.23526e+11 7.90371e+11 1.49753e+12 2.74439e+12 4.54436e+12
3 0 5.45002e+10 1.08742e+11 1.50745e+11 1.50589e+11 2.24805e+11 7.90785e+11 1.49733e+12 2.74443e+12 4.54434e+12
3 0 4.91628e+10 1.08701e+11 1.50519e+11 1.5089e+11 2.26093e+11 7.91198e+11 1.49714e+12 2.74447e+12 4.54433e+12
3 0 4.64157e+10 1.08659e+11 1.50297e+11 1.50378e+11 2.27384e+11 7.9161e+11 1.49694e+12 2.74451e+12 4.54432e+12
3 0 4.78294e+10 1.08618e+11 1.50075e+11 1.49685e+11 2.28674e+11 7.92021e+11 1.49675e+12 2.74454e+12 4.5443e+12
3 0 5.25507e+10 1.0858e+11 1.49845e+11 1.49808e+11 2.29957e+11 7.92431e+11 1.49655e+12 2.74458e+12 4.54429e+12
3 0 5.83769e+10 1.08546e+11 1.49618e+11 1.50005e+11 2.31229e+11 7.9284e+11 1.49635e+12 2.74462e+12 4.54428e+12
3 0 6.36372e+10 1.08517e+11 1.4941e+11 1.49362e+11 2.32484e+11 7.93248e+11 1.49615e+12 2.74466e+12 4.54426e+12
3 0 6.7473e+10 1.08494e+11 1.49211e+11 1.48818e+11 2.33718e+11 7.93655e+11 1.49595e+12 2.7447e+12 4.54425e+12
3 0 6.95061e+10 1.08478e+11 1.49016e+11 1.49104e+11 2.34927e+11 7.9406e+11 1.49575e+12 2.74474e+12 4.54424e+12
3 0 6.95961e+10 1.0847e+11 1.4884e+11 1.49202e+11 2.36108e+11 7.94464e+11 1.49555e+12 2.74479e+12 4.54422e+12
3 0 6.77373e+10 1.0847e+11 1.48693e+11 1.48519e+11 2.37255e+11 7.94867e+11 1.49535e+12 2.74483e+12 4.54421e+12
3 0 6.40556e+10 1.08477e+11 1.48563e+11 1.48212e+11 2.38365e+11 7.95269e+11 1.49515e+12 2.74487e+12 4.54419e+12
3 0 5.88996e+10 1.08492e+11 1.48447e+11 1.48653e+11 2.39436e+11 7.95669e+11 1.49494e+12 2.74491e+12 4.54418e+12
3 0 5.30697e+10 1.08515e+11 1.48362e+11 1.48661e+11 2.40464e+11 7.96068e+11 1.49474e+12 2.74495e+12 4.54417e+12
3 0 4.8155e+10 1.08543e+11 1.48311e+11 1.48031e+11 2.41445e+11 7.96465e+11 1.49453e+12 2.74499e+12 4.54415e+12
3 0 4.63652e+10 1.08576e+11 1.4828e+11 1.48012e+11 2.42378e+11 7.96861e+11 1.49432e+12 2.74504e+12 4.54414e+12
3 0 4.87684e+10 1.08614e+11 1.48269e+11 1.48572e+11 2.43259e+11 7.97256e+11 1.49411e+12 2.74508e+12 4.54413e+12
3 0 5.39657e+10 1.08654e+11 1.48295e+11 1.485e+11 2.44087e+11 7.97648e+11 1.4939e+12 2.74512e+12 4.54411e+12
3 0 5.97718e+10 1.08695e+11 1.48353e+11 1.47998e+11 2.44858e+11 7.9804e+11 1.49369e+12 2.74516e+12 4.5441e+12
3 0 6.47363e+10 1.08736e+11 1.48428e+11 1.48274e+11 2.45572e+11 7.98429e+11 1.49348e+12 2.74521e+12 4.54408e+12
3 0 6.81506e+10 1.08775e+11 1.48524e+11 1.48892e+11 2.46225e+11 7.98817e+11 1.49327e+12 2.74525e+12 4.54407e+12
3 0 6.97113e+10 1.0881e+11 1.48654e+11 1.48744e+11 2.46818e+11 7.99204e+11 1.49306e+12 2.7453e+12 4.54406e+12
3 0 6.93164e+10 1.08841e+11 1.48809e+11 1.48419e+11 2.47347e+11 7.99588e+11 1.49284e+12 2.74534e+12 4.54404e+12
3 0 6.69899e+10 1.08866e+11 1.48972e+11 1.48948e+11 2.47813e+11 7.99971e+11 1.49263e+12 2.74538e+12 4.54403e+12
3 0 6.28995e+10 1.08884e+11 1.49152e+11 1.49545e+11 2.48213e+11 8.00352e+11 1.49241e+12 2.74543e+12 4.54401e+12
3 0 5.74779e+10 1.08895e+11 1.49357e+11 1.49321e+11 2.48547e+11 8.00731e+11 1.4922e+12 2.74547e+12 4.544e+12
3 0 5.16899e+10 1.08898e+11 1.49572e+11 1.49192e+11 2.48815e+11 8.01109e+11 1.49198e+12 2.74552e+12 4.54399e+12
3 0 4.73421e+10 1.08893e+11 1.49786e+11 1.49893e+11 2.49014e+11 8.01484e+11 1.49176e+12 2.74556e+12 4.54397e+12
3 0 4.65847e+10 1.08881e+11 1.50007e+11 1.50382e+11 2.49146e+11 8.01858e+11 1.49154e+12 2.74561e+12 4.54396e+12
3 0 4.98808e+10 1.08861e+11 1.50241e+11 1.50085e+11 2.4921e+11 8.02229e+11 1.49132e+12 2.74566e+12 4.54394e+12
3 0 5.54136e+10 1.08835e+11 1.50469e+11 1.50137e+11 2.49205e+11 8.02599e+11 1.4911e+12 2.7457e+12 4.54393e+12
3 0 6.11124e+10 1.08803e+11 1.50684e+11 1.5091e+11 2.49132e+11 8.02967e+11 1.49088e+12 2.74575e+12 4.54391e+12
3 0 6.57396e+10 1.08766e+11 1.50897e+11 1.51215e+11 2.4899e+11 8.03332e+11 1.49066e+12 2.7458e+12 4.5439e+12
3 0 6.87146e+10 1.08727e+11 1.51109e+11 1.50851e+11 2.48781e+11 8.03696e+11 1.49043e+12 2.74584e+12 4.54389e+12
3 0 6.97968e+10 1.08686e+11 1.51301e+11 1.51048e+11 2.48504e+11 8.04057e+11 1.49021e+12 2.74589e+12 4.54387e+12
3 0 6.89184e+10 1.08645e+11 1.5147e+11 1.51789e+11 2.4816e+11 8.04416e+11 1.48998e+12 2.74594e+12 4.54386e+12
3 0 6.61337e+10 1.08605e+11 1.51629e+11 1.51857e+11 2.4775e+11 8.04773e+11 1.48976e+12 2.74599e+12 4.54384e+12
3 0 6.16597e+10 1.08568e+11 1.51774e+11 1.5144e+11 2.47275e+11 8.05128e+11 1.48953e+12 2.74603e+12 4.54383e+12
3 0 5.60293e+10 1.08536e+11 1.51889e+11 1.51739e+11 2.46736e+11 8.05481e+11 1.4893e+12 2.74608e+12 4.54381e+12
3 0 5.03944e+10 1.08509e+11 1.51976e+11 1.52353e+11 2.46135e+11 8.05832e+11 1.48907e+12 2.74613e+12 4.5438e+12
3 0 4.67569e+10 1.08489e+11 1.52048e+11 1.52163e+11 2.45472e+11 8.0618e+11 1.48884e+12 2.74618e+12 4.54379e+12
4 0 4.7065e+10 1.08475e+11 1.52097e+11 1.51718e+11 2.44749e+11 8.06526e+11 1.48861e+12 2.74623e+12 4.54377e+12
4 0 5.11296e+10 1.0847e+11 1.5211e+11 1.52076e+11 2.43969e+11 8.06869e+11 1.48838e+12 2.74628e+12 4.54376e+12
4 0 5.68673e+10 1.08472e+11 1.52096e+11 1.52493e+11 2.43133e+11 8.07211e+11 1.48815e+12 2.74633e+12 4.54374e+12
4 0 6.23848e+10 1.08483e+11 1.52065e+11 1.52057e+11 2.42244e+11 8.07549e+11 1.48791e+12 2.74638e+12 4.54373e+12
4 0 6.66408e+10 1.085e+11 1.52009e+11 1.51622e+11 2.41303e+11 8.07886e+11 1.48768e+12 2.74643e+12 4.54371e+12
4 0 6.91626e+10 1.08525e+11 1.51918e+11 1.52002e+11 2.40314e+11 8.0822e+11 1.48745e+12 2.74648e+12 4.5437e+12
4 0 6.97623e+10 1.08555e+11 1.51804e+11 1.52181e+11 2.39279e+11 8.08551e+11 1.48721e+12 2.74653e+12 4.54369e+12
4 0 6.84035e+10 1.0859e+11 1.51679e+11 1.51547e+11 2.38201e+11 8.0888e+11 1.48697e+12 2.74658e+12 4.54367e+12
4 0 6.51732e+10 1.08629e+11 1.51529e+11 1.5117e+11 2.37083e+11 8.09207e+11 1.48674e+12 2.74663e+12 4.54366e+12
4 0 6.03468e+10 1.0867e+11 1.51351e+11 1.51546e+11 2.3593e+11 8.09531e+11 1.4865e+12 2.74668e+12 4.54364e+12
4 0 5.45762e+10 1.08711e+11 1.51162e+11 1.5148e+11 2.34743e+11 8.09852e+11 1.48626e+12 2.74674e+12 4.54363e+12
4 0 4.922e+10 1.08751e+11 1.50967e+11 1.50724e+11 2.33528e+11 8.10171e+11 1.48602e+12 2.74679e+12 4.54361e+12
4 0 4.64251e+10 1.08788e+11 1.50756e+11 1.50463e+11 2.32289e+11 8.10487e+11 1.48578e+12 2.74684e+12 4.5436e+12
4 0 4.77848e+10 1.08822e+11 1.50528e+11 1.50816e+11 2.31029e+11 8.108e+11 1.48554e+12 2.74689e+12 4.54359e+12
4 0 5.24775e+10 1.08851e+11 1.50303e+11 1.5053e+11 2.29753e+11 8.11111e+11 1.48529e+12 2.74695e+12 4.54357e+12
4 0 5.83024e+10 1.08873e+11 1.50082e+11 1.4975e+11 2.28467e+11 8.11419e+11 1.48505e+12 2.747e+12 4.54356e+12
4 0 6.35772e+10 1.08889e+11 1.49854e+11 1.49658e+11 2.27174e+11 8.11725e+11 1.48481e+12 2.74705e+12 4.54354e+12
4 0 6.74347e+10 1.08897e+11 1.49626e+11 1.49979e+11 2.25881e+11 8.12027e+11 1.48456e+12 2.74711e+12 4.54353e+12
4 0 6.94926e+10 1.08897e+11 1.49414e+11 1.49527e+11 2.24591e+11 8.12327e+11 1.48432e+12 2.74716e+12 4.54351e+12
4 0 6.96081e+10 1.0889e+11 1.49217e+11 1.4883e+11 2.23312e+11 8.12624e+11 1.48407e+12 2.74722e+12 4.5435e+12
4 0 6.77742e+10 1.08874e+11 1.49023e+11 1.48947e+11 2.22048e+11 8.12918e+11 1.48382e+12 2.74727e+12 4.54348e+12
4 0 6.41147e+10 1.08852e+11 1.48844e+11 1.49228e+11 2.20806e+11 8.13209e+11 1.48358e+12 2.74733e+12 4.54347e+12
4 0 5.8974e+10 1.08824e+11 1.48694e+11 1.48679e+11 2.19591e+11 8.13498e+11 1.48333e+12 2.74738e+12 4.54346e+12
4 0 5.31446e+10 1.0879e+11 1.48566e+11 1.48168e+11 2.18408e+11 8.13784e+11 1.48308e+12 2.74744e+12 4.54344e+12
4 0 4.82038e+10 1.08752e+11 1.4845e+11 1.48504e+11 2.17265e+11 8.14066e+11 1.48283e+12 2.74749e+12 4.54343e+12
4 0 4.63608e+10 1.08712e+11 1.48361e+11 1.48736e+11 2.16167e+11 8.14346e+11 1.48258e+12 2.74755e+12 4.54341e+12
4 0 4.87137e+10 1.08671e+11 1.48308e+11 1.48167e+11 2.15119e+11 8.14623e+11 1.48232e+12 2.74761e+12 4.5434e+12
4 0 5.38894e+10 1.0863e+11 1.48279e+11 1.47917e+11 2.14128e+11 8.14897e+11 1.48207e+12 2.74766e+12 4.54338e+12
4 0 5.9699e+10 1.08591e+11 1.48268e+11 1.48447e+11 2.13199e+11 8.15168e+11 1.48182e+12 2.74772e+12 4.54337e+12
4 0 6.46804e+10 1.08555e+11 1.4829e+11 1.48616e+11 2.12337e+11 8.15435e+11 1.48156e+12 2.74778e+12 4.54336e+12
4 0 6.81175e+10 1.08524e+11 1.48347e+11 1.48096e+11 2.11548e+11 8.157e+11 1.48131e+12 2.74783e+12 4.54334e+12
4 0 6.97035e+10 1.08499e+11 1.48425e+11 1.4814e+11 2.10837e+11 8.15962e+11 1.48105e+12 2.74789e+12 4.54333e+12
4 0 6.93345e+10 1.08481e+11 1.4852e+11 1.48806e+11 2.10207e+11 8.16221e+11 1.4808e+12 2.74795e+12 4.54331e+12
4 0 6.70328e+10 1.08471e+11 1.48647e+11 1.48889e+11 2.09663e+11 8.16477e+11 1.48054e+12 2.74801e+12 4.5433e+12
4 0 6.29637e+10 1.08468e+11 1.48802e+11 1.48469e+11 2.09207e+11 8.16729e+11 1.48028e+12 2.74807e+12 4.54328e+12
4 0 5.75549e+10 1.08473e+11 1.48968e+11 1.48792e+11 2.08844e+11 8.16979e+11 1.48002e+12 2.74813e+12 4.54327e+12
4 0 5.1762e+10 1.08487e+11 1.49146e+11 1.49506e+11 2.08576e+11 8.17225e+11 1.47976e+12 2.74819e+12 4.54325e+12
4 0 4.73802e+10 1.08507e+11 1.49348e+11 1.4948e+11 2.08404e+11 8.17468e+11 1.4795e+12 2.74824e+12 4.54324e+12
4 0 4.65663e+10 1.08534e+11 1.49565e+11 1.49187e+11 2.08329e+11 8.17708e+11 1.47924e+12 2.7483e+12 4.54323e+12
4 0 4.98175e+10 1.08566e+11 1.49781e+11 1.49731e+11 2.08352e+11 8.17945e+11 1.47898e+12 2.74836e+12 4.54321e+12
4 0 5.53358e+10 1.08603e+11 1.5e+11 1.50395e+11 2.08472e+11 8.18178e+11 1.47872e+12 2.74842e+12 4.5432e+12
4 0 6.10423e+10 1.08643e+11 1.50232e+11 1.50242e+11 2.0869e+11 8.18408e+11 1.47846e+12 2.74848e+12 4.54318e+12
4 0 6.56886e+10 1.08684e+11 1.50463e+11 1.5008e+11 2.09003e+11 8.18635e+11 1.47819e+12 2.74855e+12 4.54317e+12
4 0 6.86875e+10 1.08726e+11 1.50679e+11 1.50758e+11 2.09409e+11 8.18859e+11 1.47793e+12 2.74861e+12 4.54315e+12
4 0 6.97954e+10 1.08766e+11 1.5089e+11 1.51277e+11 2.09906e+11 8.19079e+11 1.47766e+12 2.74867e+12 4.54314e+12
4 0 6.89428e+10 1.08803e+11 1.51101e+11 1.50988e+11 2.10491e+11 8.19296e+11 1.4774e+12 2.74873e+12 4.54312e+12
4 0 6.61824e+10 1.08836e+11 1.51295e+11 1.50945e+11 2.1116e+11 8.1951e+11 1.47713e+12 2.74879e+12 4.54311e+12
4 0 6.17283e+10 1.08863e+11 1.51465e+11 1.51662e+11 2.11908e+11 8.1972e+11 1.47686e+12 2.74885e+12 4.5431e+12
4 0 5.61074e+10 1.08884e+11 1.51621e+11 1.5196e+11 2.12731e+11 8.19927e+11 1.47659e+12 2.74892e+12 4.54308e+12
4 0 5.04612e+10 1.08898e+11 1.51767e+11 1.51543e+11 2.13625e+11 8.20131e+11 1.47632e+12 2.74898e+12 4.54307e+12
4 0 4.6782e+10 1.08904e+11 1.51884e+11 1.51599e+11 2.14583e+11 8.20331e+11 1.47605e+12 2.74904e+12 4.54305e+12
4 0 4.70329e+10 1.08902e+11 1.51971e+11 1.52264e+11 2.15601e+11 8.20528e+11 1.47578e+12 2.7491e+12 4.54304e+12
5 0 5.10597e+10 1.08891e+11 1.5204e+11 1.52295e+11 2.16672e+11 8.20721e+11 1.47551e+12 2.74917e+12 4.54302e+12
5 0 5.67896e+10 1.08874e+11 1.52091e+11 1.51779e+11 2.17792e+11 8.20911e+11 1.47524e+12 2.74923e+12 4.54301e+12
5 0 6.23185e+10 1.08849e+11 1.52107e+11 1.51913e+11 2.18954e+11 8.21098e+11 1.47497e+12 2.7493e+12 4.543e+12
5 0 6.65953e+10 1.08818e+11 1.52092e+11 1.52452e+11 2.20151e+11 8.21281e+11 1.4747e+12 2.74936e+12 4.54298e+12
5 0 6.91416e+10 1.08782e+11 1.5206e+11 1.52207e+11 2.2138e+11 8.2146e+11 1.47442e+12 2.74942e+12 4.54297e+12
5 0 6.97674e+10 1.08742e+11 1.52007e+11 1.51636e+11 2.22632e+11 8.21636e+11 1.47415e+12 2.74949e+12 4.54295e+12
5 0 6.84342e+10 1.08701e+11 1.51918e+11 1.51834e+11 2.23903e+11 8.21809e+11 1.47387e+12 2.74955e+12 4.54294e+12
5 0 6.52275e+10 1.08658e+11 1.51804e+11 1.52195e+11 2.25187e+11 8.21978e+11 1.4736e+12 2.74962e+12 4.54292e+12
5 0 6.0419e+10 1.08617e+11 1.51678e+11 1.51702e+11 2.26478e+11 8.22143e+11 1.47332e+12 2.74969e+12 4.54291e+12
5 0 5.46539e+10 1.08578e+11 1.51531e+11 1.51138e+11 2.27771e+11 8.22305e+11 1.47304e+12 2.74975e+12 4.5429e+12
5 0 4.92793e+10 1.08542e+11 1.51356e+11 1.5139e+11 2.29061e+11 8.22464e+11 1.47277e+12 2.74982e+12 4.54288e+12
5 0 4.64361e+10 1.08512e+11 1.51165e+11 1.51547e+11 2.30342e+11 8.22618e+11 1.47249e+12 2.74989e+12 4.54287e+12
5 0 4.77405e+10 1.08489e+11 1.50971e+11 1.50868e+11 2.3161e+11 8.2277e+11 1.47221e+12 2.74995e+12 4.54285e+12
5 0 5.24033e+10 1.08472e+11 1.50763e+11 1.50386e+11 2.3286e+11 8.22917e+11 1.47193e+12 2.75002e+12 4.54284e+12
5 0 5.82263e+10 1.08464e+11 1.50537e+11 1.50688e+11 2.34088e+11 8.23062e+11 1.47165e+12 2.75009e+12 4.54283e+12
5 0 6.35155e+10 1.08463e+11 1.5031e+11 1.50645e+11 2.3529e+11 8.23202e+11 1.47137e+12 2.75015e+12 4.54281e+12
5 0 6.7395e+10 1.08471e+11 1.50089e+11 1.49869e+11 2.36461e+11 8.23339e+11 1.47109e+12 2.75022e+12 4.5428e+12
5 0 6.9478e+10 1.08487e+11 1.49865e+11 1.49545e+11 2.37598e+11 8.23472e+11 1.47081e+12 2.75029e+12 4.54278e+12
5 0 6.96194e+10 1.0851e+11 1.49636e+11 1.49891e+11 2.38697e+11 8.23602e+11 1.47052e+12 2.75036e+12 4.54277e+12
5 0 6.78107e+10 1.08539e+11 1.49422e+11 1.49677e+11 2.39755e+11 8.23728e+11 1.47024e+12 2.75043e+12 4.54276e+12
5 0 6.41735e+10 1.08574e+11 1.49225e+11 1.48909e+11 2.40769e+11 8.23851e+11 1.46996e+12 2.7505e+12 4.54274e+12
5 0 5.90484e+10 1.08613e+11 1.49034e+11 1.48808e+11 2.41736e+11 8.23969e+11 1.46967e+12 2.75057e+12 4.54273e+12
5 0 5.32197e+10 1.08654e+11 1.48853e+11 1.49187e+11 2.42653e+11 8.24085e+11 1.46939e+12 2.75064e+12 4.54271e+12
5 0 4.82529e+10 1.08696e+11 1.487e+11 1.48847e+11 2.43518e+11 8.24196e+11 1.4691e+12 2.75071e+12 4.5427e+12
5 0 4.63571e+10 1.08738e+11 1.48573e+11 1.48194e+11 2.44328e+11 8.24304e+11 1.46881e+12 2.75078e+12 4.54268e+12
5 0 4.86594e+10 1.08778e+11 1.48459e+11 1.48352e+11 2.45082e+11 8.24408e+11 1.46853e+12 2.75085e+12 4.54267e+12
5 0 5.38133e+10 1.08814e+11 1.48367e+11 1.48747e+11 2.45778e+11 8.24508e+11 1.46824e+12 2.75092e+12 4.54266e+12
5 0 5.96261e+10 1.08846e+11 1.48311e+11 1.48335e+11 2.46413e+11 8.24605e+11 1.46795e+12 2.75099e+12 4.54264e+12
5 0 6.46243e+10 1.08872e+11 1.48283e+11 1.47887e+11 2.46987e+11 8.24698e+11 1.46766e+12 2.75106e+12 4.54263e+12
5 0 6.80843e+10 1.0889e+11 1.48273e+11 1.48299e+11 2.47497e+11 8.24787e+11 1.46737e+12 2.75113e+12 4.54261e+12
5 0 6.96958e+10 1.08902e+11 1.4829e+11 1.48676e+11 2.47943e+11 8.24873e+11 1.46708e+12 2.7512e+12 4.5426e+12
5 0 6.93527e+10 1.08905e+11 1.48346e+11 1.48243e+11 2.48324e+11 8.24954e+11 1.46679e+12 2.75128e+12 4.54259e+12
5 0 6.70758e+10 1.089e+11 1.48425e+11 1.48055e+11 2.48639e+11 8.25032e+11 1.4665e+12 2.75135e+12 4.54257e+12
5 0 6.30281e+10 1.08887e+11 1.48519e+11 1.48675e+11 2.48886e+11 8.25107e+11 1.46621e+12 2.75142e+12 4.54256e+12
5 0 5.76323e+10 1.08867e+11 1.48642e+11 1.48991e+11 2.49066e+11 8.25177e+11 1.46592e+12 2.75149e+12 4.54255e+12
5 0 5.18345e+10 1.0884e+11 1.48796e+11 1.4858e+11 2.49178e+11 8.25244e+11 1.46563e+12 2.75157e+12 4.54253e+12
5 0 4.74186e+10 1.08807e+11 1.48964e+11 1.48663e+11 2.49222e+11 8.25307e+11 1.46533e+12 2.75164e+12 4.54252e+12
5 0 4.6548e+10 1.0877e+11 1.49141e+11 1.49409e+11 2.49198e+11 8.25366e+11 1.46504e+12 2.75172e+12 4.5425e+12
5 0 4.97539e+10 1.0873e+11 1.49339e+11 1.49614e+11 2.49105e+11 8.25422e+11 1.46475e+12 2.75179e+12 4.54249e+12
5 0 5.52575e+10 1.08687e+11 1.49556e+11 1.4925e+11 2.48944e+11 8.25474e+11 1.46445e+12 2.75186e+12 4.54248e+12
5 0 6.09717e+10 1.08645e+11 1.49774e+11 1.49573e+11 2.48716e+11 8.25522e+11 1.46415e+12 2.75194e+12 4.54246e+12
5 0 6.5637e+10 1.08604e+11 1.49992e+11 1.50341e+11 2.4842e+11 8.25566e+11 1.46386e+12 2.75201e+12 4.54245e+12
5 0 6.866e+10 1.08566e+11 1.50221e+11 1.50392e+11 2.48058e+11 8.25606e+11 1.46356e+12 2.75209e+12 4.54244e+12
5 0 6.97939e+10 1.08533e+11 1.50453e+11 1.5009e+11 2.47631e+11 8.25643e+11 1.46327e+12 2.75216e+12 4.54242e+12
5 0 6.89673e+10 1.08504e+11 1.50671e+11 1.50588e+11 2.47138e+11 8.25676e+11 1.46297e+12 2.75224e+12 4.54241e+12
5 0 6.62313e+10 1.08483e+11 1.50881e+11 1.51273e+11 2.46582e+11 8.25705e+11 1.46267e+12 2.75232e+12 4.54239e+12
5 0 6.17971e+10 1.08469e+11 1.5109e+11 1.5114e+11 2.45964e+11 8.2573e+11 1.46237e+12 2.75239e+12 4.54238e+12
5 0 5.6186e+10 1.08463e+11 1.51287e+11 1.50903e+11 2.45286e+11 8.25752e+11 1.46207e+12 2.75247e+12 4.54237e+12
5 0 5.05287e+10 1.08466e+11 1.51458e+11 1.51499e+11 2.44548e+11 8.25769e+11 1.46177e+12 2.75255e+12 4.54235e+12
5 0 4.68078e+10 1.08476e+11 1.51613e+11 1.52007e+11 2.43753e+11 8.25783e+11 1.46147e+12 2.75262e+12 4.54234e+12
5 0 4.70009e+10 1.08494e+11 1.51758e+11 1.51684e+11 2.42903e+11 8.25793e+11 1.46117e+12 2.7527e+12 4.54233e+12
5 0 5.09895e+10 1.08519e+11 1.51879e+11 1.51511e+11 2.42e+11 8.258e+11 1.46087e+12 2.75278e+12 4.54231e+12
5 0 5.67112e+10 1.0855e+11 1.51967e+11 1.52126e+11 2.41046e+11 8.25802e+11 1.46057e+12 2.75286e+12 4.5423e+12
6 0 6.22516e+10 1.08587e+11 1.52035e+11 1.52389e+11 2.40045e+11 8.25801e+11 1.46027e+12 2.75293e+12 4.54228e+12
6 0 6.65492e+10 1.08626e+11 1.52086e+11 1.51896e+11 2.38998e+11 8.25796e+11 1.45996e+12 2.75301e+12 4.54227e+12
6 0 6.91203e+10 1.08668e+11 1.52107e+11 1.51789e+11 2.3791e+11 8.25787e+11 1.45966e+12 2.75309e+12 4.54226e+12
6 0 6.97722e+10 1.0871e+11 1.52093e+11 1.52353e+11 2.36783e+11 8.25775e+11 1.45936e+12 2.75317e+12 4.54224e+12
6 0 6.84649e+10 1.08752e+11 1.52059e+11 1.52338e+11 2.35621e+11 8.25758e+11 1.45905e+12 2.75325e+12 4.54223e+12
6 0 6.52818e+10 1.0879e+11 1.52007e+11 1.51718e+11 2.34427e+11 8.25738e+11 1.45875e+12 2.75333e+12 4.54222e+12
6 0 6.04916e+10 1.08825e+11 1.51923e+11 1.51686e+11 2.33205e+11 8.25714e+11 1.45844e+12 2.75341e+12 4.5422e+12
6 0 5.47322e+10 1.08855e+11 1.51809e+11 1.52145e+11 2.3196e+11 8.25686e+11 1.45814e+12 2.75349e+12 4.54219e+12
6 0 4.93393e+10 1.08878e+11 1.51681e+11 1.51857e+11 2.30696e+11 8.25655e+11 1.45783e+12 2.75357e+12 4.54218e+12
6 0 4.64477e+10 1.08894e+11 1.51537e+11 1.51177e+11 2.29417e+11 8.25619e+11 1.45753e+12 2.75365e+12 4.54216e+12
6 0 4.76962e+10 1.08902e+11 1.51366e+11 1.51233e+11 2.28129e+11 8.2558e+11 1.45722e+12 2.75373e+12 4.54215e+12
6 0 5.23285e+10 1.08903e+11 1.51174e+11 1.51553e+11 2.26836e+11 8.25537e+11 1.45691e+12 2.75381e+12 4.54214e+12
6 0 5.81494e+10 1.08895e+11 1.50979e+11 1.51034e+11 2.25543e+11 8.2549e+11 1.45661e+12 2.7539e+12 4.54212e+12
6 0 6.34531e+10 1.0888e+11 1.50774e+11 1.50378e+11 2.24256e+11 8.2544e+11 1.4563e+12 2.75398e+12 4.54211e+12
6 0 6.73548e+10 1.08857e+11 1.5055e+11 1.50536e+11 2.2298e+11 8.25386e+11 1.45599e+12 2.75406e+12 4.5421e+12
6 0 6.9463e+10 1.08828e+11 1.50321e+11 1.50705e+11 2.21721e+11 8.25327e+11 1.45568e+12 2.75414e+12 4.54208e+12
6 0 6.96306e+10 1.08794e+11 1.501e+11 1.50028e+11 2.20485e+11 8.25266e+11 1.45537e+12 2.75422e+12 4.54207e+12
6 0 6.78473e+10 1.08755e+11 1.49878e+11 1.49489e+11 2.19278e+11 8.252e+11 1.45506e+12 2.75431e+12 4.54206e+12
6 0 6.42327e+10 1.08714e+11 1.4965e+11 1.4976e+11 2.18105e+11 8.25131e+11 1.45475e+12 2.75439e+12 4.54205e+12
6 0 5.91234e+10 1.08672e+11 1.49433e+11 1.49785e+11 2.16973e+11 8.25057e+11 1.45444e+12 2.75448e+12 4.54203e+12
6 0 5.32958e+10 1.0863e+11 1.49235e+11 1.49042e+11 2.15886e+11 8.24981e+11 1.45413e+12 2.75456e+12 4.54202e+12
6 0 4.83035e+10 1.08591e+11 1.49046e+11 1.48708e+11 2.14853e+11 8.249e+11 1.45382e+12 2.75464e+12 4.54201e+12
6 0 4.63544e+10 1.08555e+11 1.48865e+11 1.49089e+11 2.13876e+11 8.24816e+11 1.45351e+12 2.75473e+12 4.54199e+12
6 0 4.86052e+10 1.08523e+11 1.48708e+11 1.48991e+11 2.12964e+11 8.24728e+11 1.4532e+12 2.75481e+12 4.54198e+12
6 0 5.37363e+10 1.08498e+11 1.48579e+11 1.48284e+11 2.1212e+11 8.24636e+11 1.45288e+12 2.7549e+12 4.54197e+12
6 0 5.95521e+10 1.0848e+11 1.48466e+11 1.48218e+11 2.1135e+11 8.24541e+11 1.45257e+12 2.75498e+12 4.54195e+12
6 0 6.45671e+10 1.0847e+11 1.48372e+11 1.48688e+11 2.10658e+11 8.24441e+11 1.45226e+12 2.75507e+12 4.54194e+12
6 0 6.80501e+10 1.08467e+11 1.48311e+11 1.48496e+11 2.10049e+11 8.24339e+11 1.45194e+12 2.75515e+12 4.54193e+12
6 0 6.96869e+10 1.08473e+11 1.48283e+11 1.47919e+11 2.09527e+11 8.24232e+11 1.45163e+12 2.75524e+12 4.54192e+12
6 0 6.93696e+10 1.08487e+11 1.48273e+11 1.48143e+11 2.09095e+11 8.24122e+11 1.45132e+12 2.75533e+12 4.5419e+12
6 0 6.71174e+10 1.08508e+11 1.48287e+11 1.48663e+11 2.08755e+11 8.24008e+11 1.451e+12 2.75541e+12 4.54189e+12
6 0 6.3091e+10 1.08535e+11 1.48338e+11 1.48404e+11 2.08511e+11 8.23891e+11 1.45069e+12 2.7555e+12 4.54188e+12
6 0 5.77084e+10 1.08569e+11 1.48418e+11 1.48026e+11 2.08363e+11 8.2377e+11 1.45037e+12 2.75559e+12 4.54186e+12
6 0 5.19066e+10 1.08606e+11 1.48512e+11 1.48514e+11 2.08313e+11 8.23645e+11 1.45006e+12 2.75568e+12 4.54185e+12
6 0 4.74579e+10 1.08646e+11 1.48631e+11 1.49025e+11 2.0836e+11 8.23517e+11 1.44974e+12 2.75576e+12 4.54184e+12
6 0 4.65315e+10 1.08688e+11 1.48782e+11 1.48723e+11 2.08506e+11 8.23385e+11 1.44942e+12 2.75585e+12 4.54183e+12
6 0 4.96921e+10 1.08729e+11 1.48952e+11 1.48576e+11 2.08748e+11 8.23249e+11 1.44911e+12 2.75594e+12 4.54181e+12
6 0 5.51803e+10 1.08769e+11 1.49129e+11 1.49261e+11 2.09085e+11 8.2311e+11 1.44879e+12 2.75603e+12 4.5418e+12
6 0 6.09017e+10 1.08805e+11 1.49324e+11 1.49692e+11 2.09515e+11 8.22967e+11 1.44847e+12 2.75612e+12 4.54179e+12
6 0 6.55856e+10 1.08837e+11 1.4954e+11 1.49363e+11 2.10036e+11 8.22821e+11 1.44816e+12 2.75621e+12 4.54177e+12
6 0 6.86322e+10 1.08863e+11 1.49761e+11 1.49441e+11 2.10643e+11 8.22671e+11 1.44784e+12 2.7563e+12 4.54176e+12
6 0 6.97917e+10 1.08883e+11 1.49978e+11 1.50226e+11 2.11332e+11 8.22517e+11 1.44752e+12 2.75638e+12 4.54175e+12
6 0 6.89908e+10 1.08895e+11 1.50205e+11 1.50507e+11 2.12101e+11 8.2236e+11 1.4472e+12 2.75647e+12 4.54174e+12
6 0 6.62791e+10 1.089e+11 1.50438e+11 1.50163e+11 2.12944e+11 8.222e+11 1.44688e+12 2.75656e+12 4.54172e+12
6 0 6.18649e+10 1.08896e+11 1.50661e+11 1.50428e+11 2.13855e+11 8.22035e+11 1.44656e+12 2.75665e+12 4.54171e+12
6 0 5.62637e+10 1.08885e+11 1.5087e+11 1.51203e+11 2.1483e+11 8.21868e+11 1.44624e+12 2.75675e+12 4.5417e+12
6 0 5.05959e+10 1.08866e+11 1.51077e+11 1.51281e+11 2.15864e+11 8.21697e+11 1.44592e+12 2.75684e+12 4.54169e+12
6 0 4.68343e+10 1.08841e+11 1.51277e+11 1.50931e+11 2.16949e+11 8.21522e+11 1.4456e+12 2.75693e+12 4.54167e+12
6 0 4.69703e+10 1.0881e+11 1.51453e+11 1.51329e+11 2.18082e+11 8.21344e+11 1.44528e+12 2.75702e+12 4.54166e+12
6 0 5.09204e+10 1.08774e+11 1.51607e+11 1.51991e+11 2.19254e+11 8.21162e+11 1.44496e+12 2.75711e+12 4.54165e+12
6 0 5.66336e+10 1.08735e+11 1.51751e+11 1.51838e+11 2.20462e+11 8.20977e+11 1.44464e+12 2.7572e+12 4.54164e+12
6 0 6.2185e+10 1.08694e+11 1.51876e+11 1.51493e+11 2.21698e+11 8.20788e+11 1.44432e+12 2.7573e+12 4.54162e+12
7 0 6.6503e+10 1.08652e+11 1.51968e+11 1.51963e+11 2.22958e+11 8.20596e+11 1.444e+12 2.75739e+12 4.54161e+12
7 0 6.90987e+10 1.08612e+11 1.52034e+11 1.52429e+11 2.24234e+11 8.20401e+11 1.44368e+12 2.75748e+12 4.5416e+12
7 0 6.97764e+10 1.08575e+11 1.52086e+11 1.52047e+11 2.25522e+11 8.20202e+11 1.44336e+12 2.75757e+12 4.54159e+12
7 0 6.84947e+10 1.08541e+11 1.5211e+11 1.51727e+11 2.26816e+11 8.2e+11 1.44304e+12 2.75767e+12 4.54157e+12
7 0 6.53352e+10 1.08512e+11 1.52099e+11 1.52211e+11 2.2811e+11 8.19794e+11 1.44271e+12 2.75776e+12 4.54156e+12
7 0 6.05631e+10 1.0849e+11 1.52064e+11 1.52429e+11 2.294e+11 8.19585e+11 1.44239e+12 2.75786e+12 4.54155e+12
7 0 5.48097e+10 1.08475e+11 1.52012e+11 1.51851e+11 2.3068e+11 8.19373e+11 1.44207e+12 2.75795e+12 4.54154e+12
7 0 4.93992e+10 1.08468e+11 1.51932e+11 1.51586e+11 2.31945e+11 8.19157e+11 1.44175e+12 2.75805e+12 4.54152e+12
7 0 4.646e+10 1.08469e+11 1.51819e+11 1.52038e+11 2.33192e+11 8.18938e+11 1.44142e+12 2.75814e+12 4.54151e+12
7 0 4.76531e+10 1.08478e+11 1.51689e+11 1.51989e+11 2.34415e+11 8.18716e+11 1.4411e+12 2.75824e+12 4.5415e+12
7 0 5.22547e+10 1.08494e+11 1.51546e+11 1.51279e+11 2.3561e+11 8.18491e+11 1.44078e+12 2.75833e+12 4.54149e+12
7 0 5.80732e+10 1.08518e+11 1.51378e+11 1.51103e+11 2.36774e+11 8.18262e+11 1.44045e+12 2.75843e+12 4.54148e+12
7 0 6.33911e+10 1.08548e+11 1.51186e+11 1.51492e+11 2.37903e+11 8.1803e+11 1.44013e+12 2.75852e+12 4.54146e+12
7 0 6.73146e+10 1.08582e+11 1.50989e+11 1.51194e+11 2.38993e+11 8.17795e+11 1.4398e+12 2.75862e+12 4.54145e+12
7 0 6.94478e+10 1.08621e+11 1.50785e+11 1.50437e+11 2.40041e+11 8.17556e+11 1.43948e+12 2.75871e+12 4.54144e+12
7 0 6.96412e+10 1.08662e+11 1.50564e+11 1.5039e+11 2.41043e+11 8.17315e+11 1.43916e+12 2.75881e+12 4.54143e+12
7 0 6.78831e+10 1.08703e+11 1.50333e+11 1.50696e+11 2.41998e+11 8.1707e+11 1.43883e+12 2.75891e+12 4.54142e+12
7 0 6.4291e+10 1.08744e+11 1.5011e+11 1.50199e+11 2.42903e+11 8.16822e+11 1.43851e+12 2.75901e+12 4.5414e+12
7 0 5.91977e+10 1.08783e+11 1.4989e+11 1.49497e+11 2.43754e+11 8.16571e+11 1.43818e+12 2.7591e+12 4.54139e+12
7 0 5.33713e+10 1.08818e+11 1.49663e+11 1.4961e+11 2.44551e+11 8.16317e+11 1.43786e+12 2.7592e+12 4.54138e+12
7 0 4.8354e+10 1.08848e+11 1.49443e+11 1.49828e+11 2.45289e+11 8.1606e+11 1.43753e+12 2.7593e+12 4.54137e+12
7 0 4.63521e+10 1.08872e+11 1.49243e+11 1.49206e+11 2.45969e+11 8.158e+11 1.43721e+12 2.7594e+12 4.54135e+12
7 0 4.85516e+10 1.08889e+11 1.49056e+11 1.48662e+11 2.46588e+11 8.15536e+11 1.43688e+12 2.7595e+12 4.54134e+12
7 0 5.36599e+10 1.08899e+11 1.48874e+11 1.4895e+11 2.47145e+11 8.1527e+11 1.43656e+12 2.7596e+12 4.54133e+12
7 0 5.94785e+10 1.089e+11 1.48713e+11 1.49081e+11 2.47638e+11 8.15e+11 1.43623e+12 2.75969e+12 4.54132e+12
7 0 6.45101e+10 1.08894e+11 1.48583e+11 1.48422e+11 2.48066e+11 8.14728e+11 1.4359e+12 2.75979e+12 4.54131e+12
7 0 6.80159e+10 1.0888e+11 1.48472e+11 1.48122e+11 2.48429e+11 8.14453e+11 1.43558e+12 2.75989e+12 4.5413e+12
7 0 6.9678e+10 1.08859e+11 1.48376e+11 1.48575e+11 2.48724e+11 8.14174e+11 1.43525e+12 2.75999e+12 4.54128e+12
7 0 6.93864e+10 1.08831e+11 1.48312e+11 1.48624e+11 2.48953e+11 8.13893e+11 1.43493e+12 2.76009e+12 4.54127e+12
7 0 6.71589e+10 1.08798e+11 1.48283e+11 1.48015e+11 2.49113e+11 8.13609e+11 1.4346e+12 2.76019e+12 4.54126e+12
7 0 6.31537e+10 1.08761e+11 1.48274e+11 1.48008e+11 2.49206e+11 8.13322e+11 1.43427e+12 2.7603e+12 4.54125e+12
7 0 5.77843e+10 1.08721e+11 1.48286e+11 1.48587e+11 2.4923e+11 8.13032e+11 1.43395e+12 2.7604e+12 4.54124e+12
7 0 5.19786e+10 1.08679e+11 1.48333e+11 1.48555e+11 2.49186e+11 8.12739e+11 1.43362e+12 2.7605e+12 4.54122e+12
7 0 4.74976e+10 1.08638e+11 1.48413e+11 1.48068e+11 2.49073e+11 8.12444e+11 1.43329e+12 2.7606e+12 4.54121e+12
7 0 4.65156e+10 1.08598e+11 1.48509e+11 1.48356e+11 2.48892e+11 8.12145e+11 1.43297e+12 2.7607e+12 4.5412e+12
7 0 4.96307e+10 1.08562e+11 1.48625e+11 1.48996e+11 2.48644e+11 8.11844e+11 1.43264e+12 2.7608e+12 4.54119e+12
7 0 5.51033e+10 1.0853e+11 1.48773e+11 1.48881e+11 2.48328e+11 8.1154e+11 1.43231e+12 2.76091e+12 4.54118e+12
7 0 6.08315e+10 1.08503e+11 1.48944e+11 1.4856e+11 2.47947e+11 8.11234e+11 1.43199e+12 2.76101e+12 4.54117e+12
7 0 6.55338e+10 1.08484e+11 1.49122e+11 1.49097e+11 2.475e+11 8.10924e+11 1.43166e+12 2.76111e+12 4.54115e+12
7 0 6.86038e+10 1.08471e+11 1.49314e+11 1.49712e+11 2.46988e+11 8.10612e+11 1.43133e+12 2.76122e+12 4.54114e+12
7 0 6.97885e+10 1.08467e+11 1.49528e+11 1.49512e+11 2.46414e+11 8.10298e+11 1.431e+12 2.76132e+12 4.54113e+12
7 0 6.90132e+10 1.0847e+11 1.49751e+11 1.4937e+11 2.45777e+11 8.09981e+11 1.43068e+12 2.76142e+12 4.54112e+12
7 0 6.63255e+10 1.08482e+11 1.4997e+11 1.50074e+11 2.45081e+11 8.09661e+11 1.43035e+12 2.76153e+12 4.54111e+12
7 0 6.19313e+10 1.085e+11 1.50194e+11 1.50575e+11 2.44326e+11 8.09339e+11 1.43002e+12 2.76163e+12 4.5411e+12
7 0 5.63404e+10 1.08526e+11 1.50427e+11 1.5029e+11 2.43514e+11 8.09014e+11 1.4297e+12 2.76174e+12 4.54108e+12
7 0 5.06631e+10 1.08558e+11 1.50653e+11 1.50312e+11 2.42648e+11 8.08686e+11 1.42937e+12 2.76184e+12 4.54107e+12
7 0 4.68621e+10 1.08594e+11 1.50862e+11 1.51082e+11 2.4173e+11 8.08356e+11 1.42904e+12 2.76194e+12 4.54106e+12
7 0 4.69418e+10 1.08633e+11 1.51068e+11 1.51391e+11 2.40763e+11 8.08024e+11 1.42871e+12 2.76205e+12 4.54105e+12
7 0 5.08531e+10 1.08675e+11 1.51269e+11 1.51025e+11 2.39748e+11 8.07689e+11 1.42839e+12 2.76216e+12 4.54104e+12
7 0 5.65571e+10 1.08716e+11 1.51449e+11 1.51182e+11 2.3869e+11 8.07352e+11 1.42806e+12 2.76226e+12 4.54103e+12
7 0 6.21188e+10 1.08757e+11 1.51603e+11 1.51914e+11 2.37591e+11 8.07013e+11 1.42773e+12 2.76237e+12 4.54102e+12
7 0 6.64567e+10 1.08794e+11 1.51746e+11 1.51978e+11 2.36454e+11 8.06671e+11 1.4274e+12 2.76247e+12 4.541e+12
7 0 6.90765e+10 1.08828e+11 1.51873e+11 1.51546e+11 2.35283e+11 8.06327e+11 1.42708e+12 2.76258e+12 4.54099e+12
8 0 6.97798e+10 1.08857e+11 1.51968e+11 1.51799e+11 2.34081e+11 8.0598e+11 1.42675e+12 2.76269e+12 4.54098e+12
8 0 6.85234e+10 1.08879e+11 1.52035e+11 1.52404e+11 2.32854e+11 8.05632e+11 1.42642e+12 2.76279e+12 4.54097e+12
8 0 6.53873e+10 1.08894e+11 1.52085e+11 1.52203e+11 2.31604e+11 8.05281e+11 1.42609e+12 2.7629e+12 4.54096e+12
8 0 6.06334e+10 1.08901e+11 1.52112e+11 1.51734e+11 2.30337e+11 8.04927e+11 1.42577e+12 2.76301e+12 4.54095e+12
8 0 5.48863e+10 1.089e+11 1.52103e+11 1.52047e+11 2.29056e+11 8.04572e+11 1.42544e+12 2.76312e+12 4.54093e+12
8 0 4.94593e+10 1.08892e+11 1.52066e+11 1.52457e+11 2.27768e+11 8.04214e+11 1.42511e+12 2.76322e+12 4.54092e+12
8 0 4.64737e+10 1.08876e+11 1.52014e+11 1.52007e+11 2.26476e+11 8.03855e+11 1.42479e+12 2.76333e+12 4.54091e+12
8 0 4.76118e+10 1.08853e+11 1.51937e+11 1.51544e+11 2.25186e+11 8.03493e+11 1.42446e+12 2.76344e+12 4.5409e+12
8 0 5.21823e+10 1.08824e+11 1.51825e+11 1.51888e+11 2.23903e+11 8.03129e+11 1.42413e+12 2.76355e+12 4.54089e+12
8 0 5.79978e+10 1.0879e+11 1.51693e+11 1.52067e+11 2.22634e+11 8.02763e+11 1.4238e+12 2.76366e+12 4.54088e+12
8 0 6.33292e+10 1.08752e+11 1.51549e+11 1.51417e+11 2.21383e+11 8.02395e+11 1.42348e+12 2.76377e+12 4.54087e+12
8 0 6.72741e+10 1.08712e+11 1.51384e+11 1.51016e+11 2.20156e+11 8.02025e+11 1.42315e+12 2.76388e+12 4.54086e+12
8 0 6.94319e+10 1.0867e+11 1.51192e+11 1.51369e+11 2.1896e+11 8.01653e+11 1.42282e+12 2.76399e+12 4.54084e+12
8 0 6.96509e+10 1.08629e+11 1.50992e+11 1.51313e+11 2.178e+11 8.0128e+11 1.4225e+12 2.7641e+12 4.54083e+12
8 0 6.79179e+10 1.0859e+11 1.50788e+11 1.50544e+11 2.16682e+11 8.00904e+11 1.42217e+12 2.76421e+12 4.54082e+12
8 0 6.43483e+10 1.08555e+11 1.5057e+11 1.50266e+11 2.15612e+11 8.00526e+11 1.42184e+12 2.76432e+12 4.54081e+12
8 0 5.9271e+10 1.08524e+11 1.50339e+11 1.50612e+11 2.14596e+11 8.00147e+11 1.42152e+12 2.76443e+12 4.5408e+12
8 0 5.34464e+10 1.08499e+11 1.50112e+11 1.50349e+11 2.13639e+11 7.99766e+11 1.42119e+12 2.76454e+12 4.54079e+12
8 0 4.84049e+10 1.08481e+11 1.49893e+11 1.49561e+11 2.12747e+11 7.99383e+11 1.42087e+12 2.76466e+12 4.54078e+12
8 0 4.63513e+10 1.0847e+11 1.49669e+11 1.49463e+11 2.11925e+11 7.98999e+11 1.42054e+12 2.76477e+12 4.54077e+12
8 0 4.84996e+10 1.08467e+11 1.49447e+11 1.49793e+11 2.11178e+11 7.98612e+11 1.42021e+12 2.76488e+12 4.54076e+12
8 0 5.35846e+10 1.08473e+11 1.49245e+11 1.49372e+11 2.1051e+11 7.98224e+11 1.41989e+12 2.76499e+12 4.54074e+12
8 0 5.94054e+10 1.08486e+11 1.4906e+11 1.48675e+11 2.09927e+11 7.97835e+11 1.41956e+12 2.7651e+12 4.54073e+12
8 0 6.44532e+10 1.08506e+11 1.4888e+11 1.48795e+11 2.0943e+11 7.97444e+11 1.41924e+12 2.76522e+12 4.54072e+12
8 0 6.79815e+10 1.08533e+11 1.48717e+11 1.49101e+11 2.09025e+11 7.97051e+11 1.41891e+12 2.76533e+12 4.54071e+12
8 0 6.96686e+10 1.08565e+11 1.48585e+11 1.48588e+11 2.08712e+11 7.96657e+11 1.41859e+12 2.76544e+12 4.5407e+12
8 0 6.94026e+10 1.08602e+11 1.48476e+11 1.48082e+11 2.08495e+11 7.96261e+11 1.41826e+12 2.76556e+12 4.54069e+12
8 0 6.71995e+10 1.08642e+11 1.48381e+11 1.4843e+11 2.08374e+11 7.95864e+11 1.41794e+12 2.76567e+12 4.54068e+12
8 0 6.32156e+10 1.08683e+11 1.48314e+11 1.48695e+11 2.08351e+11 7.95466e+11 1.41761e+12 2.76578e+12 4.54067e+12
8 0 5.78594e+10 1.08725e+11 1.48283e+11 1.48161e+11 2.08426e+11 7.95066e+11 1.41729e+12 2.7659e+12 4.54065e+12
8 0 5.205e+10 1.08765e+11 1.48277e+11 1.47919e+11 2.08597e+11 7.94665e+11 1.41696e+12 2.76601e+12 4.54064e+12
8 0 4.75372e+10 1.08802e+11 1.48289e+11 1.48466e+11 2.08865e+11 7.94263e+11 1.41664e+12 2.76613e+12 4.54063e+12
8 0 4.65001e+10 1.08834e+11 1.48333e+11 1.4867e+11 2.09227e+11 7.93859e+11 1.41632e+12 2.76624e+12 4.54062e+12
8 0 4.957e+10 1.08861e+11 1.48412e+11 1.48178e+11 2.09681e+11 7.93454e+11 1.41599e+12 2.76636e+12 4.54061e+12
8 0 5.50269e+10 1.08882e+11 1.4851e+11 1.48227e+11 2.10224e+11 7.93048e+11 1.41567e+12 2.76647e+12 4.5406e+12
8 0 6.07619e+10 1.08895e+11 1.48625e+11 1.48912e+11 2.10853e+11 7.92641e+11 1.41534e+12 2.76659e+12 4.54059e+12
8 0 6.54824e+10 1.089e+11 1.4877e+11 1.49025e+11 2.11563e+11 7.92233e+11 1.41502e+12 2.76671e+12 4.54058e+12
8 0 6.85757e+10 1.08897e+11 1.48941e+11 1.4862e+11 2.1235e+11 7.91824e+11 1.4147e+12 2.76682e+12 4.54056e+12
8 0 6.97856e+10 1.08887e+11 1.49121e+11 1.48943e+11 2.1321e+11 7.91413e+11 1.41438e+12 2.76694e+12 4.54055e+12
8 0 6.90356e+10 1.08869e+11 1.49311e+11 1.49674e+11 2.14137e+11 7.91002e+11 1.41405e+12 2.76706e+12 4.54054e+12
8 0 6.63718e+10 1.08844e+11 1.49523e+11 1.49669e+11 2.15126e+11 7.9059e+11 1.41373e+12 2.76717e+12 4.54053e+12
8 0 6.19975e+10 1.08813e+11 1.49747e+11 1.49375e+11 2.16172e+11 7.90176e+11 1.41341e+12 2.76729e+12 4.54052e+12
8 0 5.64169e+10 1.08778e+11 1.49967e+11 1.4991e+11 2.17268e+11 7.89762e+11 1.41309e+12 2.76741e+12 4.54051e+12
8 0 5.07301e+10 1.08739e+11 1.50189e+11 1.50587e+11 2.1841e+11 7.89347e+11 1.41277e+12 2.76753e+12 4.5405e+12
8 0 4.68901e+10 1.08698e+11 1.5042e+11 1.50443e+11 2.1959e+11 7.88931e+11 1.41244e+12 2.76764e+12 4.54049e+12
8 0 4.69135e+10 1.08657e+11 1.50648e+11 1.50262e+11 2.20803e+11 7.88515e+11 1.41212e+12 2.76776e+12 4.54048e+12
8 0 5.0786e+10 1.08617e+11 1.50858e+11 1.50926e+11 2.22044e+11 7.88098e+11 1.4118e+12 2.76788e+12 4.54046e+12
8 0 5.64806e+10 1.08579e+11 1.51061e+11 1.5145e+11 2.23306e+11 7.8768e+11 1.41148e+12 2.768e+12 4.54045e+12
8 0 6.20526e+10 1.08545e+11 1.51262e+11 1.51161e+11 2.24584e+11 7.87261e+11 1.41116e+12 2.76812e+12 4.54044e+12
8 0 6.64103e+10 1.08516e+11 1.51444e+11 1.51083e+11 2.25872e+11 7.86842e+11 1.41084e+12 2.76824e+12 4.54043e+12
8 0 6.9054e+10 1.08493e+11 1.51599e+11 1.51782e+11 2.27164e+11 7.86422e+11 1.41052e+12 2.76836e+12 4.54042e+12
8 0 6.97827e+10 1.08478e+11 1.5174e+11 1.52079e+11 2.28455e+11 7.86002e+11 1.4102e+12 2.76848e+12 4.54041e+12
8 0 6.85516e+10 1.0847e+11 1.51867e+11 1.51652e+11 2.29741e+11 7.85581e+11 1.40988e+12 2.7686e+12 4.5404e+12
9 0 6.5439e+10 1.0847e+11 1.51966e+11 1.51664e+11 2.31015e+11 7.8516e+11 1.40957e+12 2.76872e+12 4.54039e+12
9 0 6.07034e+10 1.08478e+11 1.52032e+11 1.52311e+11 2.32274e+11 7.84738e+11 1.40925e+12 2.76884e+12 4.54037e+12
9 0 5.49631e+10 1.08493e+11 1.5208e+11 1.52337e+11 2.33513e+11 7.84316e+11 1.40893e+12 2.76896e+12 4.54036e+12
9 0 4.952e+10 1.08516e+11 1.52109e+11 1.51801e+11 2.34727e+11 7.83894e+11 1.40861e+12 2.76908e+12 4.54035e+12
9 0 4.64886e+10 1.08545e+11 1.52104e+11 1.5189e+11 2.35913e+11 7.83471e+11 1.40829e+12 2.7692e+12 4.54034e+12
9 0 4.75715e+10 1.08579e+11 1.52067e+11 1.52414e+11 2.37067e+11 7.83048e+11 1.40798e+12 2.76932e+12 4.54033e+12
9 0 5.21104e+10 1.08616e+11 1.52013e+11 1.52161e+11 2.38184e+11 7.82625e+11 1.40766e+12 2.76944e+12 4.54032e+12
9 0 5.79223e+10 1.08657e+11 1.51938e+11 1.51567e+11 2.39262e+11 7.82202e+11 1.40734e+12 2.76956e+12 4.54031e+12
9 0 6.32671e+10 1.08698e+11 1.5183e+11 1.51724e+11 2.40298e+11 7.81779e+11 1.40703e+12 2.76969e+12 4.5403e+12
9 0 6.72332e+10 1.08739e+11 1.51696e+11 1.52078e+11 2.41287e+11 7.81355e+11 1.40671e+12 2.76981e+12 4.54029e+12
9 0 6.94156e+10 1.08778e+11 1.51552e+11 1.51577e+11 2.42228e+11 7.80932e+11 1.4064e+12 2.76993e+12 4.54027e+12
9 0 6.96603e+10 1.08813e+11 1.51389e+11 1.50992e+11 2.43118e+11 7.80509e+11 1.40608e+12 2.77005e+12 4.54026e+12
9 0 6.79524e+10 1.08844e+11 1.512e+11 1.51214e+11 2.43955e+11 7.80085e+11 1.40577e+12 2.77018e+12 4.54025e+12
9 0 6.44054e+10 1.08868e+11 1.50997e+11 1.51378e+11 2.44736e+11 7.79662e+11 1.40545e+12 2.7703e+12 4.54024e+12
9 0 5.93443e+10 1.08886e+11 1.50792e+11 1.50692e+11 2.45459e+11 7.79239e+11 1.40514e+12 2.77042e+12 4.54023e+12
9 0 5.35219e+10 1.08897e+11 1.50577e+11 1.50195e+11 2.46122e+11 7.78816e+11 1.40483e+12 2.77055e+12 4.54022e+12
9 0 4.84569e+10 1.08899e+11 1.50347e+11 1.50482e+11 2.46725e+11 7.78393e+11 1.40451e+12 2.77067e+12 4.54021e+12
9 0 4.63517e+10 1.08894e+11 1.50117e+11 1.5046e+11 2.47265e+11 7.77971e+11 1.4042e+12 2.7708e+12 4.5402e+12
9 0 4.84482e+10 1.0888e+11 1.49898e+11 1.49682e+11 2.47741e+11 7.77549e+11 1.40389e+12 2.77092e+12 4.54018e+12
9 0 5.35093e+10 1.0886e+11 1.49677e+11 1.49353e+11 2.48152e+11 7.77127e+11 1.40358e+12 2.77104e+12 4.54017e+12
9 0 5.9332e+10 1.08833e+11 1.49455e+11 1.49699e+11 2.48497e+11 7.76706e+11 1.40326e+12 2.77117e+12 4.54016e+12
9 0 6.43958e+10 1.088e+11 1.4925e+11 1.49519e+11 2.48775e+11 7.76285e+11 1.40295e+12 2.77129e+12 4.54015e+12
9 0 6.79465e+10 1.08764e+11 1.49065e+11 1.48754e+11 2.48986e+11 7.75864e+11 1.40264e+12 2.77142e+12 4.54014e+12
9 0 6.96587e+10 1.08724e+11 1.48888e+11 1.48658e+11 2.49129e+11 7.75444e+11 1.40233e+12 2.77155e+12 4.54013e+12
9 0 6.94183e+10 1.08682e+11 1.48723e+11 1.49053e+11 2.49203e+11 7.75025e+11 1.40202e+12 2.77167e+12 4.54012e+12
9 0 6.724e+10 1.08641e+11 1.48588e+11 1.48756e+11 2.49209e+11 7.74606e+11 1.40171e+12 2.7718e+12 4.5401e+12
9 0 6.32775e+10 1.08602e+11 1.48481e+11 1.48109e+11 2.49147e+11 7.74188e+11 1.4014e+12 2.77192e+12 4.54009e+12
9 0 5.7935e+10 1.08565e+11 1.48388e+11 1.48279e+11 2.49017e+11 7.73771e+11 1.4011e+12 2.77205e+12 4.54008e+12
9 0 5.21223e+10 1.08533e+11 1.48318e+11 1.487e+11 2.48818e+11 7.73354e+11 1.40079e+12 2.77218e+12 4.54007e+12
9 0 4.7578e+10 1.08506e+11 1.48285e+11 1.48331e+11 2.48552e+11 7.72938e+11 1.40048e+12 2.7723e+12 4.54006e+12
9 0 4.64859e+10 1.08486e+11 1.48281e+11 1.4789e+11 2.48219e+11 7.72523e+11 1.40017e+12 2.77243e+12 4.54005e+12
9 0 4.95097e+10 1.08474e+11 1.48294e+11 1.48319e+11 2.4782e+11 7.72109e+11 1.39987e+12 2.77256e+12 4.54004e+12
9 0 5.49503e+10 1.08469e+11 1.48334e+11 1.48725e+11 2.47355e+11 7.71695e+11 1.39956e+12 2.77269e+12 4.54002e+12
9 0 6.06917e+10 1.08472e+11 1.48411e+11 1.48331e+11 2.46827e+11 7.71283e+11 1.39926e+12 2.77281e+12 4.54001e+12
9 0 6.54304e+10 1.08483e+11 1.48511e+11 1.48145e+11 2.46235e+11 7.70872e+11 1.39895e+12 2.77294e+12 4.54e+12
9 0 6.8547e+10 1.08502e+11 1.48626e+11 1.48782e+11 2.45582e+11 7.70461e+11 1.39865e+12 2.77307e+12 4.53999e+12
9 0 6.97823e+10 1.08527e+11 1.48766e+11 1.49123e+11 2.44869e+11 7.70052e+11 1.39834e+12 2.7732e+12 4.53998e+12
9 0 6.90578e+10 1.08559e+11 1.48936e+11 1.48738e+11 2.44098e+11 7.69644e+11 1.39804e+12 2.77333e+12 4.53997e+12
9 0 6.6418e+10 1.08595e+11 1.49117e+11 1.48814e+11 2.43271e+11 7.69237e+11 1.39774e+12 2.77346e+12 4.53995e+12
9 0 6.20635e+10 1.08635e+11 1.49306e+11 1.49574e+11 2.4239e+11 7.68832e+11 1.39744e+12 2.77359e+12 4.53994e+12
9 0 5.64931e+10 1.08676e+11 1.49513e+11 1.49796e+11 2.41458e+11 7.68428e+11 1.39713e+12 2.77372e+12 4.53993e+12
9 0 5.07968e+10 1.08718e+11 1.49737e+11 1.49443e+11 2.40476e+11 7.68025e+11 1.39683e+12 2.77384e+12 4.53992e+12
9 0 4.69178e+10 1.08759e+11 1.49959e+11 1.49749e+11 2.39448e+11 7.67623e+11 1.39653e+12 2.77397e+12 4.53991e+12
9 0 4.68852e+10 1.08797e+11 1.50178e+11 1.50527e+11 2.38377e+11 7.67223e+11 1.39623e+12 2.7741e+12 4.53989e+12
9 0 5.0719e+10 1.08831e+11 1.50406e+11 1.50585e+11 2.37265e+11 7.66824e+11 1.39593e+12 2.77423e+12 4.53988e+12
9 0 5.64044e+10 1.08859e+11 1.50635e+11 1.50276e+11 2.36117e+11 7.66427e+11 1.39563e+12 2.77436e+12 4.53987e+12
9 0 6.19867e+10 1.08881e+11 1.50847e+11 1.50749e+11 2.34936e+11 7.66031e+11 1.39534e+12 2.7745e+12 4.53986e+12
9 0 6.63643e+10 1.08896e+11 1.51048e+11 1.51439e+11 2.33726e+11 7.65637e+11 1.39504e+12 2.77463e+12 4.53985e+12
9 0 6.9032e+10 1.08903e+11 1.51246e+11 1.51304e+11 2.3249e+11 7.65245e+11 1.39474e+12 2.77476e+12 4.53983e+12
9 0 6.97861e+10 1.08902e+11 1.51431e+11 1.51043e+11 2.31233e+11 7.64854e+11 1.39444e+12 2.77489e+12 4.53982e+12
9 0 6.85804e+10 1.08892e+11 1.51588e+11 1.5161e+11 2.2996e+11 7.64466e+11 1.39415e+12 2.77502e+12 4.53981e+12
9 0 6.54911e+10 1.08875e+11 1.51727e+11 1.52119e+11 2.28676e+11 7.64078e+11 1.39385e+12 2.77515e+12 4.5398e+12
