0 0 6.98e+10 1.089e+11 1.521e+11 1.52498e+11 2.492e+11 7.406e+11 1.5145e+12 2.7413e+12 4.5457e+12
1 0 5.71303e+10 1.08795e+11 1.51502e+11 1.51185e+11 2.13095e+11 7.48815e+11 1.51227e+12 2.74167e+12 4.5455e+12
2 0 4.90799e+10 1.08588e+11 1.50061e+11 1.50027e+11 2.36246e+11 7.69751e+11 1.50575e+12 2.74282e+12 4.54497e+12
3 0 6.77208e+10 1.0847e+11 1.48688e+11 1.48884e+11 2.37261e+11 7.9487e+11 1.49535e+12 2.74483e+12 4.54421e+12
4 0 6.47054e+10 1.08555e+11 1.48298e+11 1.48e+11 2.12333e+11 8.15437e+11 1.48156e+12 2.74778e+12 4.54336e+12
5 0 4.65558e+10 1.0877e+11 1.49139e+11 1.49579e+11 2.49197e+11 8.25367e+11 1.46504e+12 2.75172e+12 4.5425e+12
6 0 6.18351e+10 1.08896e+11 1.50661e+11 1.50435e+11 2.13861e+11 8.22034e+11 1.44656e+12 2.75666e+12 4.54171e+12
7 0 6.90862e+10 1.08828e+11 1.5187e+11 1.51858e+11 2.35276e+11 8.06325e+11 1.42707e+12 2.76258e+12 4.54099e+12
9 0 5.21425e+10 1.08617e+11 1.52013e+11 1.52143e+11 2.38191e+11 7.82623e+11 1.40766e+12 2.76944e+12 4.54032e+12
10 0 5.3565e+10 1.08472e+11 1.51015e+11 1.50643e+11 2.11683e+11 7.5851e+11 1.38949e+12 2.77715e+12 4.53961e+12
11 0 6.9444e+10 1.0853e+11 1.49472e+11 1.49869e+11 2.491e+11 7.43048e+11 1.37377e+12 2.78556e+12 4.53875e+12
12 0 6.05088e+10 1.08729e+11 1.48395e+11 1.48222e+11 2.1471e+11 7.42845e+11 1.36163e+12 2.7945e+12 4.5376e+12
13 0 4.70249e+10 1.08892e+11 1.48491e+11 1.4856e+11 2.34227e+11 7.57973e+11 1.35398e+12 2.80378e+12 4.5361e+12
14 0 6.57256e+10 1.08853e+11 1.49691e+11 1.49844e+11 2.39136e+11 7.81923e+11 1.35144e+12 2.81328e+12 4.53428e+12
15 0 6.69583e+10 1.08658e+11 1.51216e+11 1.50793e+11 2.11039e+11 8.05638e+11 1.35424e+12 2.82295e+12 4.53227e+12
17 0 4.80698e+10 1.08486e+11 1.52069e+11 1.52403e+11 2.48999e+11 8.21501e+11 1.36216e+12 2.83279e+12 4.53017e+12
18 0 5.85834e+10 1.08501e+11 1.5175e+11 1.51524e+11 2.15572e+11 8.25094e+11 1.37459e+12 2.8428e+12 4.52809e+12
19 0 6.97349e+10 1.08697e+11 1.5044e+11 1.50518e+11 2.33209e+11 8.15527e+11 1.39052e+12 2.85297e+12 4.5261e+12
20 0 5.55855e+10 1.08872e+11 1.48955e+11 1.49229e+11 2.40017e+11 7.95445e+11 1.40864e+12 2.86328e+12 4.52424e+12
21 0 5.0315e+10 1.08873e+11 1.48284e+11 1.47879e+11 2.10505e+11 7.70888e+11 1.42759e+12 2.87373e+12 4.5225e+12
22 0 6.8397e+10 1.08693e+11 1.48845e+11 1.49178e+11 2.48812e+11 7.50295e+11 1.4463e+12 2.88426e+12 4.52082e+12
23 0 6.353e+10 1.08505e+11 1.50294e+11 1.50003e+11 2.16504e+11 7.41838e+11 1.46385e+12 2.89477e+12 4.51905e+12
25 0 4.6355e+10 1.08492e+11 1.51661e+11 1.51665e+11 2.32138e+11 7.49202e+11 1.47941e+12 2.90509e+12 4.51706e+12
26 0 6.31389e+10 1.08657e+11 1.52085e+11 1.52416e+11 2.40884e+11 7.69128e+11 1.49226e+12 2.91505e+12 4.51477e+12
27 0 6.85819e+10 1.08857e+11 1.51333e+11 1.50975e+11 2.0999e+11 7.93558e+11 1.50182e+12 2.92447e+12 4.51218e+12
28 0 5.07335e+10 1.08885e+11 1.49828e+11 1.502e+11 2.48596e+11 8.13973e+11 1.50766e+12 2.93325e+12 4.50939e+12
29 0 5.50989e+10 1.08725e+11 1.48559e+11 1.48305e+11 2.17448e+11 8.24273e+11 1.50952e+12 2.94136e+12 4.50649e+12
30 0 6.96866e+10 1.08526e+11 1.48344e+11 1.4823e+11 2.31072e+11 8.21698e+11 1.5073e+12 2.94877e+12 4.50359e+12
31 0 5.90516e+10 1.08474e+11 1.49331e+11 1.49629e+11 2.41708e+11 8.06921e+11 1.50111e+12 2.95551e+12 4.50077e+12
33 0 4.77829e+10 1.08629e+11 1.5088e+11 1.50539e+11 2.09573e+11 7.84043e+11 1.49121e+12 2.96162e+12 4.49811e+12
34 0 6.66826e+10 1.08832e+11 1.51954e+11 1.52366e+11 2.48311e+11 7.60306e+11 1.47806e+12 2.96715e+12 4.4956e+12
35 0 6.60402e+10 1.08899e+11 1.51932e+11 1.51787e+11 2.18445e+11 7.44517e+11 1.46227e+12 2.97214e+12 4.49321e+12
36 0 4.72347e+10 1.08761e+11 1.50803e+11 1.5065e+11 2.29969e+11 7.43347e+11 1.44461e+12 2.97661e+12 4.49081e+12
37 0 6.00594e+10 1.08548e+11 1.49264e+11 1.49505e+11 2.4251e+11 7.57319e+11 1.42596e+12 2.98048e+12 4.48825e+12
38 0 6.95337e+10 1.08469e+11 1.48334e+11 1.47942e+11 2.09187e+11 7.80482e+11 1.40732e+12 2.98362e+12 4.48544e+12
39 0 5.40442e+10 1.08587e+11 1.48601e+11 1.48976e+11 2.48009e+11 8.04137e+11 1.38964e+12 2.98592e+12 4.48237e+12
41 0 5.16892e+10 1.08804e+11 1.49923e+11 1.49844e+11 2.19446e+11 8.20671e+11 1.37401e+12 2.98728e+12 4.47911e+12
42 0 6.89433e+10 1.08904e+11 1.51395e+11 1.51324e+11 2.28887e+11 8.25328e+11 1.3617e+12 2.98763e+12 4.47575e+12
43 0 6.22527e+10 1.08796e+11 1.52097e+11 1.52333e+11 2.43257e+11 8.16777e+11 1.35382e+12 2.98697e+12 4.4724e+12
44 0 4.64611e+10 1.08583e+11 1.51613e+11 1.5117e+11 2.08884e+11 7.97226e+11 1.35108e+12 2.9853e+12 4.46917e+12
45 0 6.43471e+10 1.08465e+11 1.50204e+11 1.50479e+11 2.47627e+11 7.72376e+11 1.35374e+12 2.9827e+12 4.46613e+12
46 0 6.7947e+10 1.08562e+11 1.48793e+11 1.48694e+11 2.20477e+11 7.5071e+11 1.36155e+12 2.97927e+12 4.46335e+12
47 0 4.94479e+10 1.08767e+11 1.48278e+11 1.48257e+11 2.27778e+11 7.40889e+11 1.3739e+12 2.97514e+12 4.4608e+12
49 0 5.66484e+10 1.08896e+11 1.49018e+11 1.49336e+11 2.43962e+11 7.47276e+11 1.38983e+12 2.97043e+12 4.45836e+12
50 0 6.97934e+10 1.08826e+11 1.50522e+11 1.50104e+11 2.08653e+11 7.67037e+11 1.40822e+12 2.96519e+12 4.45589e+12
51 0 5.75421e+10 1.08614e+11 1.51787e+11 1.52051e+11 2.47202e+11 7.92069e+11 1.42783e+12 2.95939e+12 4.4533e+12
52 0 4.87774e+10 1.08476e+11 1.52059e+11 1.51883e+11 2.21547e+11 8.13515e+11 1.44747e+12 2.95299e+12 4.45054e+12
53 0 6.75194e+10 1.08532e+11 1.5114e+11 1.5105e+11 2.26657e+11 8.24902e+11 1.46604e+12 2.94595e+12 4.44766e+12
54 0 6.50026e+10 1.08741e+11 1.49611e+11 1.50004e+11 2.44655e+11 8.23159e+11 1.48259e+12 2.93823e+12 4.44474e+12
55 0 4.66614e+10 1.0889e+11 1.48457e+11 1.48097e+11 2.0846e+11 8.0872e+11 1.49635e+12 2.92982e+12 4.44185e+12
57 0 6.14691e+10 1.08844e+11 1.4842e+11 1.48736e+11 2.46755e+11 7.85532e+11 1.50669e+12 2.92075e+12 4.43913e+12
58 0 6.91988e+10 1.0865e+11 1.49555e+11 1.4937e+11 2.22589e+11 7.60857e+11 1.51315e+12 2.91107e+12 4.43665e+12
59 0 5.25357e+10 1.08481e+11 1.51081e+11 1.50891e+11 2.25563e+11 7.4382e+11 1.5154e+12 2.90091e+12 4.4345e+12
60 0 5.3159e+10 1.08512e+11 1.52032e+11 1.52405e+11 2.45256e+11 7.41698e+11 1.51322e+12 2.89045e+12 4.43265e+12
61 0 6.93553e+10 1.08703e+11 1.51826e+11 1.5147e+11 2.08381e+11 7.55491e+11 1.50663e+12 2.87987e+12 4.43102e+12
62 0 6.08878e+10 1.0888e+11 1.50571e+11 1.50923e+11 2.46224e+11 7.79158e+11 1.496e+12 2.86931e+12 4.42944e+12
63 0 4.68669e+10 1.08872e+11 1.49073e+11 1.49006e+11 2.23693e+11 8.03557e+11 1.48192e+12 2.85886e+12 4.42782e+12
65 0 6.54496e+10 1.08683e+11 1.48283e+11 1.4803e+11 2.24441e+11 8.20711e+11 1.46508e+12 2.84856e+12 4.42609e+12
66 0 6.71851e+10 1.085e+11 1.48741e+11 1.49058e+11 2.45857e+11 8.2579e+11 1.44631e+12 2.83843e+12 4.42426e+12
67 0 4.83349e+10 1.08486e+11 1.50145e+11 1.49753e+11 2.08327e+11 8.17486e+11 1.42657e+12 2.82846e+12 4.42237e+12
68 0 5.8179e+10 1.08665e+11 1.51557e+11 1.51886e+11 2.4568e+11 7.98007e+11 1.40697e+12 2.81867e+12 4.42051e+12
69 0 6.97652e+10 1.08862e+11 1.52104e+11 1.52134e+11 2.24764e+11 7.73039e+11 1.38867e+12 2.80905e+12 4.41878e+12
70 0 5.60022e+10 1.08884e+11 1.51444e+11 1.51229e+11 2.23354e+11 7.51077e+11 1.37289e+12 2.79963e+12 4.41729e+12
71 0 4.99671e+10 1.08725e+11 1.49982e+11 1.50289e+11 2.46383e+11 7.40854e+11 1.36075e+12 2.79047e+12 4.41613e+12
73 0 6.82286e+10 1.08521e+11 1.48649e+11 1.48214e+11 2.08382e+11 7.46873e+11 1.35316e+12 2.78173e+12 4.41531e+12
74 0 6.3854e+10 1.08479e+11 1.48311e+11 1.48534e+11 2.4507e+11 7.66421e+11 1.35075e+12 2.77357e+12 4.41475e+12
75 0 4.63798e+10 1.08628e+11 1.49214e+11 1.49239e+11 2.25876e+11 7.91425e+11 1.3537e+12 2.76618e+12 4.4143e+12
76 0 6.27976e+10 1.08832e+11 1.50742e+11 1.5061e+11 2.22261e+11 8.12987e+11 1.36183e+12 2.75969e+12 4.41385e+12
77 0 6.87308e+10 1.08897e+11 1.51904e+11 1.52267e+11 2.46894e+11 8.24573e+11 1.37451e+12 2.75416e+12 4.41335e+12
78 0 5.10997e+10 1.08753e+11 1.51992e+11 1.51588e+11 2.08478e+11 8.23072e+11 1.39078e+12 2.74964e+12 4.41276e+12
79 0 5.46868e+10 1.08549e+11 1.5094e+11 1.51098e+11 2.44449e+11 8.08911e+11 1.40943e+12 2.74614e+12 4.41211e+12
81 0 6.96339e+10 1.08471e+11 1.49402e+11 1.49364e+11 2.26952e+11 7.86061e+11 1.42908e+12 2.74363e+12 4.41146e+12
82 0 5.94489e+10 1.08598e+11 1.4837e+11 1.48206e+11 2.21208e+11 7.61763e+11 1.44838e+12 2.74206e+12 4.41093e+12
83 0 4.75544e+10 1.08809e+11 1.48525e+11 1.4895e+11 2.47318e+11 7.44916e+11 1.46629e+12 2.74135e+12 4.41065e+12
84 0 6.64392e+10 1.08896e+11 1.49776e+11 1.49439e+11 2.08682e+11 7.42524e+11 1.48201e+12 2.74142e+12 4.41072e+12
85 0 6.6297e+10 1.08789e+11 1.51277e+11 1.51498e+11 2.43745e+11 7.55617e+11 1.49489e+12 2.74226e+12 4.41117e+12
86 0 4.7435e+10 1.08573e+11 1.52083e+11 1.52003e+11 2.28082e+11 7.78532e+11 1.50436e+12 2.74391e+12 4.41194e+12
87 0 5.9669e+10 1.08467e+11 1.51703e+11 1.51432e+11 2.20144e+11 8.0247e+11 1.51003e+12 2.74647e+12 4.4129e+12
89 0 6.96016e+10 1.08566e+11 1.50351e+11 1.50761e+11 2.47743e+11 8.19594e+11 1.51165e+12 2.74997e+12 4.41395e+12
90 0 5.44542e+10 1.08776e+11 1.48896e+11 1.48575e+11 2.0892e+11 8.25045e+11 1.50914e+12 2.75446e+12 4.41499e+12
91 0 5.13095e+10 1.08904e+11 1.4827e+11 1.48545e+11 2.43048e+11 8.17403e+11 1.5026e+12 2.75991e+12 4.41597e+12
92 0 6.88088e+10 1.08817e+11 1.48902e+11 1.48896e+11 2.29159e+11 7.98688e+11 1.4923e+12 2.76631e+12 4.41688e+12
93 0 6.26037e+10 1.0861e+11 1.50373e+11 1.50046e+11 2.19145e+11 7.74331e+11 1.47872e+12 2.77358e+12 4.41777e+12
94 0 4.64017e+10 1.0847e+11 1.51701e+11 1.52063e+11 2.48077e+11 7.52534e+11 1.46248e+12 2.78161e+12 4.41872e+12
95 0 6.40337e+10 1.08534e+11 1.52083e+11 1.51715e+11 2.09274e+11 7.41864e+11 1.44439e+12 2.79026e+12 4.41987e+12
97 0 6.81303e+10 1.08743e+11 1.51261e+11 1.51512e+11 2.42265e+11 7.46975e+11 1.42539e+12 2.79933e+12 4.42134e+12
98 0 4.97787e+10 1.0889e+11 1.49752e+11 1.49881e+11 2.30276e+11 7.65595e+11 1.40653e+12 2.80867e+12 4.42316e+12
99 0 5.62332e+10 1.08849e+11 1.48525e+11 1.48209e+11 2.18119e+11 7.90084e+11 1.38888e+12 2.81819e+12 4.4253e+12
100 0 6.97785e+10 1.08645e+11 1.48365e+11 1.4871e+11 2.48408e+11 8.11787e+11 1.37345e+12 2.82785e+12 4.42764e+12
101 0 5.79522e+10 1.08482e+11 1.49419e+11 1.49012e+11 2.0965e+11 8.24151e+11 1.36117e+12 2.83765e+12 4.43007e+12
102 0 4.84886e+10 1.08513e+11 1.50952e+11 1.51114e+11 2.415e+11 8.2374e+11 1.35314e+12 2.84759e+12 4.43248e+12
103 0 6.73069e+10 1.08704e+11 1.51991e+11 1.52144e+11 2.31346e+11 8.10534e+11 1.3502e+12 2.85768e+12 4.43479e+12
105 0 6.52911e+10 1.08881e+11 1.51905e+11 1.51653e+11 2.17191e+11 7.88056e+11 1.35269e+12 2.86789e+12 4.43697e+12
106 0 4.67877e+10 1.08862e+11 1.50719e+11 1.5111e+11 2.48644e+11 7.63224e+11 1.36046e+12 2.87822e+12 4.43902e+12
107 0 6.10972e+10 1.0868e+11 1.49205e+11 1.48836e+11 2.10136e+11 7.45055e+11 1.37287e+12 2.88859e+12 4.44102e+12
108 0 6.93023e+10 1.08499e+11 1.48308e+11 1.4837e+11 2.40641e+11 7.41172e+11 1.38899e+12 2.89889e+12 4.44309e+12
109 0 5.29342e+10 1.08493e+11 1.4865e+11 1.48742e+11 2.32435e+11 7.53342e+11 1.40765e+12 2.90895e+12 4.44538e+12
110 0 5.27584e+10 1.08674e+11 1.50003e+11 1.49773e+11 2.16233e+11 7.76259e+11 1.42761e+12 2.91857e+12 4.44795e+12
111 0 6.92575e+10 1.0886e+11 1.51447e+11 1.51888e+11 2.48872e+11 8.00988e+11 1.44764e+12 2.92762e+12 4.45077e+12
113 0 6.1264e+10 1.08885e+11 1.52111e+11 1.51827e+11 2.1065e+11 8.19306e+11 1.4666e+12 2.93602e+12 4.45376e+12
114 0 4.67292e+10 1.08714e+11 1.51552e+11 1.51635e+11 2.3979e+11 8.25963e+11 1.48353e+12 2.94372e+12 4.45682e+12
115 0 6.51654e+10 1.08513e+11 1.50131e+11 1.50174e+11 2.33497e+11 8.19199e+11 1.49761e+12 2.95074e+12 4.45985e+12
116 0 6.74009e+10 1.0848e+11 1.48744e+11 1.48419e+11 2.15351e+11 8.00768e+11 1.50824e+12 2.9571e+12 4.46277e+12
117 0 4.86154e+10 1.08634e+11 1.48283e+11 1.48703e+11 2.49032e+11 7.7593e+11 1.51495e+12 2.96284e+12 4.46549e+12
118 0 5.7771e+10 1.08843e+11 1.49094e+11 1.4884e+11 2.11245e+11 7.5295e+11 1.51745e+12 2.96801e+12 4.46803e+12
119 0 6.97868e+10 1.08895e+11 1.50592e+11 1.50763e+11 2.38888e+11 7.40838e+11 1.51557e+12 2.97267e+12 4.47043e+12
121 0 5.64156e+10 1.08753e+11 1.51832e+11 1.51908e+11 2.34538e+11 7.44973e+11 1.50926e+12 2.97679e+12 4.47283e+12
122 0 4.96325e+10 1.08544e+11 1.52037e+11 1.51644e+11 2.1449e+11 7.6353e+11 1.49871e+12 2.98028e+12 4.47538e+12
123 0 6.805e+10 1.08466e+11 1.5106e+11 1.51421e+11 2.49139e+11 7.88683e+11 1.4845e+12 2.98302e+12 4.47816e+12
124 0 6.41726e+10 1.08601e+11 1.4954e+11 1.4924e+11 2.11885e+11 8.11273e+11 1.46739e+12 2.98489e+12 4.48115e+12
125 0 4.64244e+10 1.08809e+11 1.48411e+11 1.48581e+11 2.37953e+11 8.24346e+11 1.44825e+12 2.98582e+12 4.48432e+12
126 0 6.24508e+10 1.08901e+11 1.48452e+11 1.48647e+11 2.35566e+11 8.24369e+11 1.42808e+12 2.98574e+12 4.48756e+12
127 0 6.88689e+10 1.08786e+11 1.49628e+11 1.49251e+11 2.13673e+11 8.11351e+11 1.40799e+12 2.98468e+12 4.49077e+12
128 0 5.14761e+10 1.08572e+11 1.51143e+11 1.51497e+11 2.49201e+11 7.88838e+11 1.38919e+12 2.98266e+12 4.49386e+12
130 0 5.42734e+10 1.0847e+11 1.52062e+11 1.51711e+11 2.12585e+11 7.63759e+11 1.3729e+12 2.97976e+12 4.49673e+12
131 0 6.95734e+10 1.08568e+11 1.51781e+11 1.51854e+11 2.36985e+11 7.45192e+11 1.36026e+12 2.9761e+12 4.49935e+12
132 0 5.98418e+10 1.08783e+11 1.50501e+11 1.50768e+11 2.36568e+11 7.40897e+11 1.35223e+12 2.9718e+12 4.50175e+12
133 0 4.7344e+10 1.08897e+11 1.49016e+11 1.48684e+11 2.12901e+11 7.52796e+11 1.34945e+12 2.96696e+12 4.50407e+12
134 0 6.61844e+10 1.08812e+11 1.48275e+11 1.48665e+11 2.49219e+11 7.75652e+11 1.35215e+12 2.96159e+12 4.50643e+12
135 0 6.65471e+10 1.08606e+11 1.48807e+11 1.4848e+11 2.13329e+11 8.00486e+11 1.36014e+12 2.95565e+12 4.50893e+12
0 0 4.76522e+10 1.08468e+11 1.50224e+11 1.50201e+11 2.36004e+11 8.18991e+11 1.37283e+12 2.94909e+12 4.51159e+12
1 0 5.92736e+10 1.08543e+11 1.51617e+11 1.51838e+11 2.37536e+11 8.2585e+11 1.38926e+12 2.94185e+12 4.51436e+12
3 0 6.96587e+10 1.0875e+11 1.52101e+11 1.51797e+11 2.12177e+11 8.19268e+11 1.40828e+12 2.93392e+12 4.51717e+12
4 0 5.48678e+10 1.08898e+11 1.51377e+11 1.51809e+11 2.49176e+11 8.00999e+11 1.42856e+12 2.9253e+12 4.51991e+12
5 0 5.09372e+10 1.0884e+11 1.49907e+11 1.49693e+11 2.14111e+11 7.76346e+11 1.44872e+12 2.91603e+12 4.52249e+12
6 0 6.86659e+10 1.08634e+11 1.48596e+11 1.48546e+11 2.34987e+11 7.53591e+11 1.46747e+12 2.90618e+12 4.52478e+12
7 0 6.29506e+10 1.0848e+11 1.4833e+11 1.48483e+11 2.38467e+11 7.41576e+11 1.4839e+12 2.8959e+12 4.52673e+12
8 0 4.63659e+10 1.08513e+11 1.49284e+11 1.48928e+11 2.11518e+11 7.45465e+11 1.49733e+12 2.88539e+12 4.52836e+12
9 0 6.37118e+10 1.08713e+11 1.50811e+11 1.51223e+11 2.49071e+11 7.6348e+11 1.50725e+12 2.87482e+12 4.52979e+12
11 0 6.8304e+10 1.08885e+11 1.51939e+11 1.51781e+11 2.14972e+11 7.88103e+11 1.51327e+12 2.86431e+12 4.53116e+12
12 0 5.01206e+10 1.08866e+11 1.51957e+11 1.51983e+11 2.33938e+11 8.10417e+11 1.51513e+12 2.85394e+12 4.53258e+12
13 0 5.58168e+10 1.08677e+11 1.50864e+11 1.51034e+11 2.39408e+11 8.23548e+11 1.51276e+12 2.84374e+12 4.53408e+12
14 0 6.97533e+10 1.0849e+11 1.49331e+11 1.48902e+11 2.10881e+11 8.23931e+11 1.50623e+12 2.83371e+12 4.53566e+12
15 0 5.83572e+10 1.08497e+11 1.4834e+11 1.48672e+11 2.48956e+11 8.11474e+11 1.4958e+12 2.82386e+12 4.53728e+12
16 0 4.82168e+10 1.08674e+11 1.48569e+11 1.48367e+11 2.15815e+11 7.89555e+11 1.48194e+12 2.8142e+12 4.53885e+12
17 0 6.7085e+10 1.08864e+11 1.49848e+11 1.49928e+11 2.32903e+11 7.64878e+11 1.46529e+12 2.80472e+12 4.54025e+12
19 0 6.55733e+10 1.08882e+11 1.51336e+11 1.51594e+11 2.40257e+11 7.46294e+11 1.44666e+12 2.79546e+12 4.54138e+12
20 0 4.69341e+10 1.08709e+11 1.52093e+11 1.51678e+11 2.10349e+11 7.4149e+11 1.42703e+12 2.78651e+12 4.54214e+12
21 0 6.0722e+10 1.08518e+11 1.51644e+11 1.51956e+11 2.48742e+11 7.52594e+11 1.4075e+12 2.77803e+12 4.54257e+12
22 0 6.9395e+10 1.08481e+11 1.50273e+11 1.50015e+11 2.16762e+11 7.74746e+11 1.38924e+12 2.77021e+12 4.54275e+12
23 0 5.33385e+10 1.08643e+11 1.48833e+11 1.48827e+11 2.31814e+11 7.99284e+11 1.37338e+12 2.7632e+12 4.54284e+12
24 0 5.23617e+10 1.08843e+11 1.48269e+11 1.48607e+11 2.41128e+11 8.18077e+11 1.36086e+12 2.75712e+12 4.54294e+12
25 0 6.91513e+10 1.0889e+11 1.4897e+11 1.48603e+11 2.09834e+11 8.25785e+11 1.35244e+12 2.75203e+12 4.54312e+12
27 0 6.16308e+10 1.08745e+11 1.50447e+11 1.50809e+11 2.48526e+11 8.20305e+11 1.34892e+12 2.74796e+12 4.54339e+12
28 0 4.66129e+10 1.08533e+11 1.51755e+11 1.51497e+11 2.17689e+11 8.02927e+11 1.35082e+12 2.74491e+12 4.54374e+12
29 0 6.48722e+10 1.08473e+11 1.52071e+11 1.51949e+11 2.30754e+11 7.78491e+11 1.35812e+12 2.74284e+12 4.54409e+12
30 0 6.7609e+10 1.0861e+11 1.51193e+11 1.5152e+11 2.41917e+11 7.54972e+11 1.37027e+12 2.7417e+12 4.54432e+12
31 0 4.89081e+10 1.08818e+11 1.49683e+11 1.49334e+11 2.09431e+11 7.41432e+11 1.38635e+12 2.74139e+12 4.54431e+12
32 0 5.7361e+10 1.08902e+11 1.4848e+11 1.48881e+11 2.48219e+11 7.4378e+11 1.40518e+12 2.74185e+12 4.54394e+12
33 0 6.97971e+10 1.08776e+11 1.48401e+11 1.48244e+11 2.1869e+11 7.60981e+11 1.4255e+12 2.74309e+12 4.54323e+12
35 0 5.68297e+10 1.08568e+11 1.49494e+11 1.49335e+11 2.29642e+11 7.8577e+11 1.44605e+12 2.74518e+12 4.54223e+12
36 0 4.93071e+10 1.08463e+11 1.51021e+11 1.5128e+11 2.42712e+11 8.09018e+11 1.46564e+12 2.74819e+12 4.54109e+12
37 0 6.78639e+10 1.08573e+11 1.52025e+11 1.51641e+11 2.09059e+11 8.2345e+11 1.48325e+12 2.75217e+12 4.53991e+12
38 0 6.44843e+10 1.08789e+11 1.51859e+11 1.5223e+11 2.47907e+11 8.25106e+11 1.49803e+12 2.75714e+12 4.53877e+12
39 0 4.64931e+10 1.08901e+11 1.50647e+11 1.50599e+11 2.19689e+11 8.13541e+11 1.50933e+12 2.76309e+12 4.5377e+12
40 0 6.20963e+10 1.08813e+11 1.49137e+11 1.49018e+11 2.28569e+11 7.91837e+11 1.51668e+12 2.76998e+12 4.53671e+12
41 0 6.89983e+10 1.08598e+11 1.48292e+11 1.48536e+11 2.4343e+11 7.66517e+11 1.51979e+12 2.77773e+12 4.53574e+12
43 0 5.18598e+10 1.08471e+11 1.4871e+11 1.48271e+11 2.08792e+11 7.4655e+11 1.51849e+12 2.78621e+12 4.53469e+12
44 0 5.38618e+10 1.08545e+11 1.50075e+11 1.50368e+11 2.47505e+11 7.40186e+11 1.51277e+12 2.79525e+12 4.53341e+12
45 0 6.95016e+10 1.08749e+11 1.51514e+11 1.51439e+11 2.20745e+11 7.5035e+11 1.50273e+12 2.80465e+12 4.53179e+12
46 0 6.02292e+10 1.08896e+11 1.52108e+11 1.5206e+11 2.27451e+11 7.72565e+11 1.48876e+12 2.81425e+12 4.52981e+12
47 0 4.7152e+10 1.08834e+11 1.51486e+11 1.51809e+11 2.44149e+11 7.97898e+11 1.47161e+12 2.82399e+12 4.52755e+12
48 0 6.59217e+10 1.08636e+11 1.50054e+11 1.49632e+11 2.0856e+11 8.17676e+11 1.45221e+12 2.83383e+12 4.52511e+12
49 0 6.67889e+10 1.08478e+11 1.48677e+11 1.48915e+11 2.47096e+11 8.26136e+11 1.4316e+12 2.84377e+12 4.5226e+12
51 0 4.78881e+10 1.08521e+11 1.48296e+11 1.48147e+11 2.21795e+11 8.21059e+11 1.41091e+12 2.85381e+12 4.52013e+12
52 0 5.88759e+10 1.08722e+11 1.49153e+11 1.49081e+11 2.26371e+11 8.03782e+11 1.39139e+12 2.86394e+12 4.51776e+12
53 0 6.9706e+10 1.08882e+11 1.50664e+11 1.51054e+11 2.44795e+11 7.79186e+11 1.37427e+12 2.87416e+12 4.51552e+12
54 0 5.52848e+10 1.08859e+11 1.51878e+11 1.51512e+11 2.0844e+11 7.55305e+11 1.36074e+12 2.88443e+12 4.51337e+12
55 0 5.05736e+10 1.08665e+11 1.52004e+11 1.52291e+11 2.46606e+11 7.41323e+11 1.3518e+12 2.89469e+12 4.51124e+12
56 0 6.85142e+10 1.08491e+11 1.51e+11 1.50841e+11 2.22891e+11 7.43319e+11 1.34817e+12 2.90479e+12 4.50898e+12
57 0 6.32869e+10 1.085e+11 1.49466e+11 1.4926e+11 2.25249e+11 7.60383e+11 1.35014e+12 2.91456e+12 4.50647e+12
59 0 4.63524e+10 1.08681e+11 1.48383e+11 1.4877e+11 2.45432e+11 7.85249e+11 1.35756e+12 2.92382e+12 4.50367e+12
60 0 6.3383e+10 1.08873e+11 1.48502e+11 1.48152e+11 2.08344e+11 8.08699e+11 1.36986e+12 2.93246e+12 4.50065e+12
61 0 6.84686e+10 1.08878e+11 1.49701e+11 1.50049e+11 2.46111e+11 8.23356e+11 1.38614e+12 2.94041e+12 4.4975e+12
62 0 5.04706e+10 1.08706e+11 1.51224e+11 1.51137e+11 2.23967e+11 8.25188e+11 1.40525e+12 2.94765e+12 4.49432e+12
63 0 5.5403e+10 1.08508e+11 1.52078e+11 1.51811e+11 2.24184e+11 8.13722e+11 1.42589e+12 2.9542e+12 4.49122e+12
64 0 6.97176e+10 1.08479e+11 1.51735e+11 1.52075e+11 2.45988e+11 7.92054e+11 1.44674e+12 2.96009e+12 4.48828e+12
65 0 5.87601e+10 1.08648e+11 1.5043e+11 1.50045e+11 2.08369e+11 7.66778e+11 1.46647e+12 2.96537e+12 4.48555e+12
67 0 4.7959e+10 1.08844e+11 1.48942e+11 1.49258e+11 2.45521e+11 7.46918e+11 1.48392e+12 2.97011e+12 4.48301e+12
68 0 6.68565e+10 1.08894e+11 1.48276e+11 1.48314e+11 2.25083e+11 7.40606e+11 1.4983e+12 2.97432e+12 4.4806e+12
69 0 6.58454e+10 1.08741e+11 1.48859e+11 1.48624e+11 2.23075e+11 7.5059e+11 1.50907e+12 2.97797e+12 4.47815e+12
70 0 4.71012e+10 1.08536e+11 1.503e+11 1.50607e+11 2.46528e+11 7.72426e+11 1.51586e+12 2.98095e+12 4.47554e+12
71 0 6.03404e+10 1.08473e+11 1.51675e+11 1.51245e+11 2.08426e+11 7.97411e+11 1.51843e+12 2.98314e+12 4.47271e+12
72 0 6.94798e+10 1.08608e+11 1.52088e+11 1.5231e+11 2.44919e+11 8.17047e+11 1.51666e+12 2.98443e+12 4.46968e+12
73 0 5.37449e+10 1.08822e+11 1.51322e+11 1.51393e+11 2.2619e+11 8.25619e+11 1.51061e+12 2.98475e+12 4.46654e+12
74 0 5.19704e+10 1.08897e+11 1.49827e+11 1.4965e+11 2.22002e+11 8.20875e+11 1.50053e+12 2.98407e+12 4.46337e+12
76 0 6.90336e+10 1.08773e+11 1.48552e+11 1.48914e+11 2.47022e+11 8.04059e+11 1.48683e+12 2.98242e+12 4.46027e+12
77 0 6.19924e+10 1.08564e+11 1.48357e+11 1.47948e+11 2.08564e+11 7.79903e+11 1.47013e+12 2.97985e+12 4.45734e+12
78 0 4.65161e+10 1.08468e+11 1.4935e+11 1.49506e+11 2.44271e+11 7.56243e+11 1.45123e+12 2.97644e+12 4.45466e+12
79 0 6.45709e+10 1.08583e+11 1.50891e+11 1.50876e+11 2.27287e+11 7.42097e+11 1.43112e+12 2.97233e+12 4.45223e+12
80 0 6.78081e+10 1.08789e+11 1.51967e+11 1.51803e+11 2.20946e+11 7.43556e+11 1.4109e+12 2.96765e+12 4.44999e+12
81 0 4.9216e+10 1.08904e+11 1.5192e+11 1.52348e+11 2.47445e+11 7.5995e+11 1.3918e+12 2.96246e+12 4.44779e+12
82 0 5.69487e+10 1.08804e+11 1.50789e+11 1.5046e+11 2.08778e+11 7.84318e+11 1.37504e+12 2.95677e+12 4.44551e+12
84 0 6.97991e+10 1.0859e+11 1.49249e+11 1.49423e+11 2.43567e+11 8.07654e+11 1.36173e+12 2.95052e+12 4.44307e+12
85 0 5.72442e+10 1.08469e+11 1.4832e+11 1.48264e+11 2.28404e+11 8.22704e+11 1.35266e+12 2.94367e+12 4.44047e+12
86 0 4.89957e+10 1.08547e+11 1.48609e+11 1.48353e+11 2.19889e+11 8.25427e+11 1.34834e+12 2.93617e+12 4.43776e+12
87 0 6.76677e+10 1.08762e+11 1.49924e+11 1.50345e+11 2.47847e+11 8.15055e+11 1.34923e+12 2.92801e+12 4.43503e+12
88 0 6.47865e+10 1.08899e+11 1.51403e+11 1.51092e+11 2.09035e+11 7.94204e+11 1.35551e+12 2.91918e+12 4.43238e+12
89 0 4.6583e+10 1.08835e+11 1.52096e+11 1.52348e+11 2.42833e+11 7.68989e+11 1.36681e+12 2.90974e+12 4.42993e+12
90 0 6.17347e+10 1.08628e+11 1.51599e+11 1.51607e+11 2.29493e+11 7.4817e+11 1.38231e+12 2.89978e+12 4.42777e+12
92 0 6.91179e+10 1.08472e+11 1.502e+11 1.49849e+11 2.18872e+11 7.4021e+11 1.40088e+12 2.88944e+12 4.42596e+12
93 0 5.2248e+10 1.08524e+11 1.48781e+11 1.49152e+11 2.48184e+11 7.48678e+11 1.42124e+12 2.87893e+12 4.42444e+12
94 0 5.34547e+10 1.0872e+11 1.48286e+11 1.47937e+11 2.09392e+11 7.69827e+11 1.44211e+12 2.86841e+12 4.42309e+12
95 0 6.94202e+10 1.08887e+11 1.49033e+11 1.4929e+11 2.42057e+11 7.95115e+11 1.46227e+12 2.85798e+12 4.42176e+12
96 0 6.06133e+10 1.0886e+11 1.5053e+11 1.50643e+11 2.30593e+11 8.15785e+11 1.48064e+12 2.84771e+12 4.42039e+12
97 0 4.698e+10 1.08663e+11 1.51802e+11 1.5147e+11 2.17864e+11 8.25722e+11 1.49631e+12 2.83762e+12 4.41893e+12
98 0 6.56525e+10 1.0849e+11 1.52049e+11 1.52401e+11 2.48485e+11 8.22282e+11 1.50858e+12 2.82772e+12 4.41742e+12
100 0 6.70203e+10 1.085e+11 1.51131e+11 1.50738e+11 2.09776e+11 8.06342e+11 1.51693e+12 2.81802e+12 4.41591e+12
101 0 4.81411e+10 1.08691e+11 1.49602e+11 1.49746e+11 2.41253e+11 7.82307e+11 1.52103e+12 2.80853e+12 4.41449e+12
102 0 5.84743e+10 1.0887e+11 1.48444e+11 1.4863e+11 2.31649e+11 7.57841e+11 1.52072e+12 2.79925e+12 4.41329e+12
103 0 6.97444e+10 1.08872e+11 1.48433e+11 1.48159e+11 2.16908e+11 7.42158e+11 1.51597e+12 2.79023e+12 4.4124e+12
104 0 5.56981e+10 1.08701e+11 1.49562e+11 1.49941e+11 2.48707e+11 7.42031e+11 1.50688e+12 2.78159e+12 4.41191e+12
105 0 5.02204e+10 1.08505e+11 1.51096e+11 1.50718e+11 2.10272e+11 7.57588e+11 1.49371e+12 2.77349e+12 4.41175e+12
106 0 6.8352e+10 1.08487e+11 1.52043e+11 1.52096e+11 2.40385e+11 7.82145e+11 1.47702e+12 2.76612e+12 4.41183e+12
108 0 6.36177e+10 1.08653e+11 1.51816e+11 1.51955e+11 2.32745e+11 8.06363e+11 1.45772e+12 2.75963e+12 4.41201e+12
109 0 4.63587e+10 1.08854e+11 1.5057e+11 1.50313e+11 2.15958e+11 8.22449e+11 1.43689e+12 2.75409e+12 4.41218e+12
110 0 6.30473e+10 1.08892e+11 1.49059e+11 1.49497e+11 2.48929e+11 8.25929e+11 1.4157e+12 2.74957e+12 4.41229e+12
111 0 6.86231e+10 1.0873e+11 1.48284e+11 1.48002e+11 2.10776e+11 8.1591e+11 1.39541e+12 2.74608e+12 4.41233e+12
112 0 5.08309e+10 1.0853e+11 1.48753e+11 1.48808e+11 2.39532e+11 7.9506e+11 1.37728e+12 2.7436e+12 4.41233e+12
113 0 5.49878e+10 1.08469e+11 1.50151e+11 1.50209e+11 2.33762e+11 7.6956e+11 1.36257e+12 2.74209e+12 4.41236e+12
114 0 6.96736e+10 1.08618e+11 1.51572e+11 1.5126e+11 2.15084e+11 7.48276e+11 1.35233e+12 2.74147e+12 4.41254e+12
116 0 5.91607e+10 1.08828e+11 1.52094e+11 1.5252e+11 2.49052e+11 7.39855e+11 1.34738e+12 2.74166e+12 4.413e+12
117 0 4.77191e+10 1.089e+11 1.51431e+11 1.51205e+11 2.11391e+11 7.48064e+11 1.3481e+12 2.74262e+12 4.41381e+12
118 0 6.66177e+10 1.08772e+11 1.49968e+11 1.50087e+11 2.38602e+11 7.69224e+11 1.35445e+12 2.74436e+12 4.41494e+12
119 0 6.61101e+10 1.08556e+11 1.4863e+11 1.48723e+11 2.34817e+11 7.94719e+11 1.36592e+12 2.74696e+12 4.41631e+12
120 0 4.72869e+10 1.08468e+11 1.48318e+11 1.47922e+11 2.14218e+11 8.15661e+11 1.38165e+12 2.75049e+12 4.4178e+12
121 0 5.99532e+10 1.08581e+11 1.49216e+11 1.49585e+11 2.49169e+11 8.25831e+11 1.40052e+12 2.75499e+12 4.41929e+12
122 0 6.95535e+10 1.08795e+11 1.50754e+11 1.50478e+11 2.12029e+11 8.22522e+11 1.42126e+12 2.76046e+12 4.42072e+12
124 0 5.4154e+10 1.08904e+11 1.51909e+11 1.52071e+11 2.3769e+11 8.0659e+11 1.44254e+12 2.76689e+12 4.42205e+12
125 0 5.15852e+10 1.08797e+11 1.51979e+11 1.5218e+11 2.35809e+11 7.82474e+11 1.46309e+12 2.77421e+12 4.42329e+12
126 0 6.89068e+10 1.08591e+11 1.50934e+11 1.50535e+11 2.1344e+11 7.57941e+11 1.48167e+12 2.78235e+12 4.42451e+12
127 0 6.23496e+10 1.08468e+11 1.49384e+11 1.49729e+11 2.49194e+11 7.42292e+11 1.49724e+12 2.79114e+12 4.42581e+12
128 0 4.64425e+10 1.08557e+11 1.48367e+11 1.48039e+11 2.12757e+11 7.42202e+11 1.50918e+12 2.80042e+12 4.42736e+12
129 0 6.42632e+10 1.08764e+11 1.48535e+11 1.48617e+11 2.367e+11 7.57644e+11 1.51708e+12 2.80999e+12 4.42923e+12
130 0 6.79978e+10 1.08895e+11 1.49782e+11 1.50054e+11 2.36819e+11 7.81959e+11 1.52069e+12 2.81973e+12 4.43143e+12
132 0 4.95384e+10 1.08829e+11 1.51295e+11 1.5095e+11 2.12665e+11 8.05977e+11 1.51989e+12 2.8296e+12 4.43389e+12
133 0 5.65354e+10 1.08618e+11 1.5208e+11 1.52459e+11 2.49215e+11 8.22022e+11 1.51472e+12 2.83957e+12 4.4365e+12
134 0 6.9791e+10 1.08474e+11 1.51699e+11 1.51384e+11 2.13508e+11 8.25646e+11 1.50537e+12 2.84964e+12 4.43914e+12
135 0 5.7653e+10 1.08529e+11 1.50346e+11 1.50294e+11 2.35735e+11 8.15925e+11 1.49221e+12 2.85981e+12 4.44174e+12
0 0 4.86985e+10 1.08731e+11 1.48884e+11 1.49148e+11 2.3777e+11 7.95441e+11 1.47582e+12 2.87007e+12 4.44423e+12
1 0 6.74619e+10 1.08893e+11 1.48282e+11 1.47964e+11 2.11991e+11 7.70241e+11 1.45696e+12 2.8804e+12 4.44657e+12
2 0 6.50813e+10 1.0885e+11 1.48912e+11 1.49338e+11 2.49145e+11 7.49027e+11 1.4366e+12 2.89075e+12 4.44883e+12
3 0 4.66934e+10 1.08658e+11 1.5039e+11 1.50162e+11 2.14339e+11 7.40345e+11 1.41585e+12 2.90102e+12 4.45109e+12
5 0 6.13695e+10 1.08483e+11 1.51716e+11 1.51639e+11 2.34706e+11 7.48032e+11 1.39594e+12 2.91105e+12 4.45351e+12
6 0 6.92273e+10 1.08502e+11 1.52076e+11 1.52267e+11 2.38718e+11 7.68644e+11 1.37813e+12 2.92064e+12 4.45619e+12
7 0 5.26427e+10 1.08695e+11 1.51257e+11 1.50894e+11 2.11328e+11 7.938e+11 1.36367e+12 2.92964e+12 4.45916e+12
8 0 5.30507e+10 1.08874e+11 1.49734e+11 1.50139e+11 2.49057e+11 8.14764e+11 1.35352e+12 2.93795e+12 4.46234e+12
9 0 6.93307e+10 1.08879e+11 1.48513e+11 1.48381e+11 2.15183e+11 8.25405e+11 1.34829e+12 2.94553e+12 4.46565e+12
10 0 6.09902e+10 1.08692e+11 1.4837e+11 1.48354e+11 2.33688e+11 8.2301e+11 1.34817e+12 2.95239e+12 4.46897e+12
11 0 4.68284e+10 1.08504e+11 1.49421e+11 1.49591e+11 2.39621e+11 8.08148e+11 1.35325e+12 2.95853e+12 4.47221e+12
13 0 6.53739e+10 1.08486e+11 1.50966e+11 1.50542e+11 2.10764e+11 7.84766e+11 1.36339e+12 2.96401e+12 4.47527e+12
14 0 6.72439e+10 1.08655e+11 1.5199e+11 1.52324e+11 2.48893e+11 7.60136e+11 1.37793e+12 2.96889e+12 4.47809e+12
15 0 4.84088e+10 1.08855e+11 1.51896e+11 1.51742e+11 2.16098e+11 7.43361e+11 1.39584e+12 2.97322e+12 4.4807e+12
16 0 5.80689e+10 1.08885e+11 1.5071e+11 1.50744e+11 2.32618e+11 7.41572e+11 1.41587e+12 2.97702e+12 4.48319e+12
17 0 6.97717e+10 1.08731e+11 1.49187e+11 1.49459e+11 2.40509e+11 7.55597e+11 1.43674e+12 2.98022e+12 4.4857e+12
18 0 5.61128e+10 1.08528e+11 1.48312e+11 1.47886e+11 2.10217e+11 7.79374e+11 1.4572e+12 2.9827e+12 4.48835e+12
19 0 4.9875e+10 1.08474e+11 1.48657e+11 1.48959e+11 2.4871e+11 8.03804e+11 1.47615e+12 2.98434e+12 4.49119e+12
20 0 6.81812e+10 1.08626e+11 1.50017e+11 1.49783e+11 2.17021e+11 8.2094e+11 1.49261e+12 2.98506e+12 4.49419e+12
22 0 6.39416e+10 1.08828e+11 1.51464e+11 1.51465e+11 2.31566e+11 8.25955e+11 1.50583e+12 2.9848e+12 4.49727e+12
23 0 4.63888e+10 1.08899e+11 1.52104e+11 1.52455e+11 2.41345e+11 8.17536e+11 1.51524e+12 2.98354e+12 4.50034e+12
24 0 6.27049e+10 1.08759e+11 1.51546e+11 1.51172e+11 2.09761e+11 7.97883e+11 1.52046e+12 2.98132e+12 4.5033e+12
25 0 6.87689e+10 1.08551e+11 1.50113e+11 1.50447e+11 2.48444e+11 7.72695e+11 1.52128e+12 2.9782e+12 4.50605e+12
26 0 5.12023e+10 1.0847e+11 1.48731e+11 1.48495e+11 2.17994e+11 7.50518e+11 1.51768e+12 2.9743e+12 4.50852e+12
27 0 5.45742e+10 1.08589e+11 1.48288e+11 1.48163e+11 2.3047e+11 7.4019e+11 1.50975e+12 2.96974e+12 4.5107e+12
28 0 6.9619e+10 1.08805e+11 1.49096e+11 1.49445e+11 2.42151e+11 7.46325e+11 1.49772e+12 2.96464e+12 4.51269e+12
30 0 5.95554e+10 1.08901e+11 1.50611e+11 1.50259e+11 2.09358e+11 7.66244e+11 1.482e+12 2.95905e+12 4.51463e+12
31 0 4.7495e+10 1.08798e+11 1.51838e+11 1.52224e+11 2.48142e+11 7.91724e+11 1.46329e+12 2.95296e+12 4.51664e+12
32 0 6.63698e+10 1.08582e+11 1.52034e+11 1.51887e+11 2.19001e+11 8.1364e+11 1.44269e+12 2.9463e+12 4.5188e+12
33 0 6.6366e+10 1.08462e+11 1.51061e+11 1.50857e+11 2.29364e+11 8.25337e+11 1.42137e+12 2.93905e+12 4.52109e+12
34 0 4.74914e+10 1.08559e+11 1.49526e+11 1.49822e+11 2.42938e+11 8.23676e+11 1.4006e+12 2.93116e+12 4.52347e+12
35 0 5.95627e+10 1.08767e+11 1.48417e+11 1.48036e+11 2.09001e+11 8.09092e+11 1.38169e+12 2.92263e+12 4.52586e+12
36 0 6.96176e+10 1.08902e+11 1.48461e+11 1.48835e+11 2.4781e+11 7.85591e+11 1.36591e+12 2.91347e+12 4.52816e+12
38 0 5.45673e+10 1.08826e+11 1.49639e+11 1.49592e+11 2.19999e+11 7.60544e+11 1.35438e+12 2.90375e+12 4.53026e+12
39 0 5.12082e+10 1.08618e+11 1.51163e+11 1.51007e+11 2.28275e+11 7.43221e+11 1.34797e+12 2.89359e+12 4.53205e+12
40 0 6.87718e+10 1.08474e+11 1.52056e+11 1.52316e+11 2.43643e+11 7.4099e+11 1.3472e+12 2.88317e+12 4.53351e+12
41 0 6.26979e+10 1.08527e+11 1.51776e+11 1.51341e+11 2.08748e+11 7.54863e+11 1.35212e+12 2.87266e+12 4.53472e+12
42 0 4.6391e+10 1.08736e+11 1.50484e+11 1.50756e+11 2.47393e+11 7.78788e+11 1.36234e+12 2.86222e+12 4.53581e+12
43 0 6.39477e+10 1.08889e+11 1.48995e+11 1.48976e+11 2.21059e+11 8.03539e+11 1.37707e+12 2.85193e+12 4.5369e+12
44 0 6.81783e+10 1.0885e+11 1.48275e+11 1.48188e+11 2.27152e+11 8.21012e+11 1.39524e+12 2.84181e+12 4.53807e+12
46 0 4.98695e+10 1.08654e+11 1.48802e+11 1.49118e+11 2.44345e+11 8.26266e+11 1.41562e+12 2.8319e+12 4.53932e+12
47 0 5.61217e+10 1.08482e+11 1.50237e+11 1.49807e+11 2.08522e+11 8.17926e+11 1.4369e+12 2.82218e+12 4.54064e+12
48 0 6.97722e+10 1.08511e+11 1.51622e+11 1.51844e+11 2.4696e+11 7.9818e+11 1.45783e+12 2.81265e+12 4.54195e+12
49 0 5.80606e+10 1.087e+11 1.52096e+11 1.51999e+11 2.221e+11 7.72785e+11 1.4772e+12 2.80333e+12 4.54316e+12
50 0 4.84136e+10 1.0888e+11 1.51375e+11 1.51271e+11 2.26048e+11 7.50436e+11 1.4939e+12 2.79422e+12 4.54414e+12
51 0 6.72481e+10 1.08869e+11 1.49887e+11 1.50291e+11 2.44982e+11 7.40094e+11 1.50705e+12 2.78539e+12 4.54478e+12
52 0 6.53678e+10 1.08684e+11 1.48596e+11 1.48234e+11 2.08402e+11 7.46286e+11 1.51617e+12 2.77699e+12 4.54503e+12
54 0 4.68248e+10 1.08502e+11 1.48334e+11 1.48589e+11 2.4646e+11 7.6617e+11 1.52099e+12 2.7692e+12 4.54495e+12
55 0 6.09972e+10 1.08485e+11 1.49295e+11 1.49148e+11 2.2319e+11 7.91523e+11 1.52139e+12 2.76221e+12 4.54467e+12
56 0 6.93288e+10 1.08665e+11 1.50833e+11 1.5064e+11 2.24935e+11 8.13353e+11 1.51736e+12 2.75614e+12 4.54431e+12
57 0 5.30437e+10 1.08861e+11 1.51938e+11 1.52344e+11 2.45598e+11 8.25088e+11 1.50906e+12 2.75106e+12 4.54397e+12
58 0 5.26511e+10 1.0889e+11 1.51958e+11 1.51618e+11 2.0832e+11 8.23599e+11 1.49681e+12 2.74701e+12 4.54369e+12
59 0 6.92301e+10 1.08724e+11 1.50851e+11 1.51158e+11 2.45942e+11 8.09284e+11 1.48114e+12 2.744e+12 4.54348e+12
60 0 6.13623e+10 1.08518e+11 1.49316e+11 1.49254e+11 2.24252e+11 7.86063e+11 1.46275e+12 2.74202e+12 4.54328e+12
62 0 4.66952e+10 1.08477e+11 1.48346e+11 1.48056e+11 2.23848e+11 7.61183e+11 1.44255e+12 2.74099e+12 4.54302e+12
63 0 6.50862e+10 1.08625e+11 1.48571e+11 1.48928e+11 2.46133e+11 7.43787e+11 1.42161e+12 2.74083e+12 4.54257e+12
64 0 6.74583e+10 1.08833e+11 1.4987e+11 1.49498e+11 2.08349e+11 7.41212e+11 1.40116e+12 2.74146e+12 4.54181e+12
65 0 4.86921e+10 1.089e+11 1.51348e+11 1.51664e+11 2.45341e+11 7.546e+11 1.38248e+12 2.74286e+12 4.54067e+12
66 0 5.76599e+10 1.08758e+11 1.52092e+11 1.52143e+11 2.25378e+11 7.78103e+11 1.36685e+12 2.74508e+12 4.53922e+12
67 0 6.97904e+10 1.08551e+11 1.51646e+11 1.51361e+11 2.22742e+11 8.02656e+11 1.35539e+12 2.74818e+12 4.53756e+12
68 0 5.65289e+10 1.08466e+11 1.50255e+11 1.50585e+11 2.46675e+11 8.20253e+11 1.34892e+12 2.75224e+12 4.53583e+12
70 0 4.9543e+10 1.08597e+11 1.48831e+11 1.48414e+11 2.0841e+11 8.26028e+11 1.34774e+12 2.75727e+12 4.53411e+12
71 0 6.80014e+10 1.08805e+11 1.4827e+11 1.48487e+11 2.44749e+11 8.18608e+11 1.35171e+12 2.76327e+12 4.53249e+12
72 0 6.42578e+10 1.089e+11 1.48974e+11 1.49071e+11 2.26449e+11 7.999e+11 1.3606e+12 2.77021e+12 4.53098e+12
73 0 4.64421e+10 1.08791e+11 1.50464e+11 1.50258e+11 2.21698e+11 7.7515e+11 1.37394e+12 2.77803e+12 4.52957e+12
74 0 6.2355e+10 1.08575e+11 1.51752e+11 1.52111e+11 2.47118e+11 7.52558e+11 1.39087e+12 2.7866e+12 4.52819e+12
75 0 6.89051e+10 1.08469e+11 1.52069e+11 1.51662e+11 2.08594e+11 7.40966e+11 1.41023e+12 2.79577e+12 4.52669e+12
76 0 5.15787e+10 1.08565e+11 1.5118e+11 1.51294e+11 2.44062e+11 7.45465e+11 1.43077e+12 2.80534e+12 4.52495e+12
78 0 5.41624e+10 1.08777e+11 1.49663e+11 1.4972e+11 2.27576e+11 7.64058e+11 1.45123e+12 2.81515e+12 4.52288e+12
79 0 6.95543e+10 1.08903e+11 1.48478e+11 1.48285e+11 2.20616e+11 7.89019e+11 1.47048e+12 2.82509e+12 4.52052e+12
80 0 5.99469e+10 1.08818e+11 1.48396e+11 1.48823e+11 2.47564e+11 8.11352e+11 1.48752e+12 2.83513e+12 4.51795e+12
81 0 4.72902e+10 1.08611e+11 1.49507e+11 1.49175e+11 2.08803e+11 8.24211e+11 1.50153e+12 2.84526e+12 4.51528e+12
82 0 6.61149e+10 1.08465e+11 1.51032e+11 1.51171e+11 2.43386e+11 8.24109e+11 1.51188e+12 2.85548e+12 4.51262e+12
83 0 6.66127e+10 1.08535e+11 1.52024e+11 1.52005e+11 2.28666e+11 8.11063e+11 1.51816e+12 2.86577e+12 4.51005e+12
84 0 4.77141e+10 1.08744e+11 1.51858e+11 1.51584e+11 2.1962e+11 7.88596e+11 1.52011e+12 2.87614e+12 4.50762e+12
86 0 5.91675e+10 1.08894e+11 1.50627e+11 1.51056e+11 2.4792e+11 7.63599e+11 1.51766e+12 2.88656e+12 4.50532e+12
87 0 6.96728e+10 1.0885e+11 1.49126e+11 1.48847e+11 2.09125e+11 7.45103e+11 1.51092e+12 2.89697e+12 4.50311e+12
88 0 5.49802e+10 1.08644e+11 1.48289e+11 1.48492e+11 2.42621e+11 7.40842e+11 1.50009e+12 2.90725e+12 4.50085e+12
89 0 5.08396e+10 1.08483e+11 1.48712e+11 1.48724e+11 2.29782e+11 7.52779e+11 1.48554e+12 2.91723e+12 4.4984e+12
90 0 6.86259e+10 1.08507e+11 1.50095e+11 1.49744e+11 2.18584e+11 7.75752e+11 1.46781e+12 2.92672e+12 4.49567e+12
91 0 6.30412e+10 1.08702e+11 1.51519e+11 1.51899e+11 2.48271e+11 8.00747e+11 1.44778e+12 2.93557e+12 4.49266e+12
92 0 4.63591e+10 1.08882e+11 1.52113e+11 1.5179e+11 2.09478e+11 8.1935e+11 1.42665e+12 2.94371e+12 4.48946e+12
94 0 6.3624e+10 1.08867e+11 1.51481e+11 1.517e+11 2.41859e+11 8.26187e+11 1.40573e+12 2.9511e+12 4.48615e+12
95 0 6.8349e+10 1.08685e+11 1.5004e+11 1.50186e+11 2.30872e+11 8.19459e+11 1.38633e+12 2.95774e+12 4.48285e+12
96 0 5.02125e+10 1.08497e+11 1.48682e+11 1.48314e+11 2.17622e+11 8.00929e+11 1.36974e+12 2.96365e+12 4.47965e+12
97 0 5.57053e+10 1.08493e+11 1.48298e+11 1.48652e+11 2.48546e+11 7.75911e+11 1.35713e+12 2.96888e+12 4.47664e+12
98 0 6.97446e+10 1.08671e+11 1.49172e+11 1.48799e+11 2.09925e+11 7.52751e+11 1.34944e+12 2.97348e+12 4.47384e+12
99 0 5.84668e+10 1.08858e+11 1.50683e+11 1.50836e+11 2.41039e+11 7.40534e+11 1.34726e+12 2.97752e+12 4.47123e+12
100 0 4.81455e+10 1.08885e+11 1.51879e+11 1.52091e+11 2.31955e+11 7.44641e+11 1.35076e+12 2.98098e+12 4.46868e+12
102 0 6.70248e+10 1.08714e+11 1.52006e+11 1.51691e+11 2.16667e+11 7.63223e+11 1.35966e+12 2.98377e+12 4.46606e+12
103 0 6.56475e+10 1.08519e+11 1.50981e+11 1.51362e+11 2.4878e+11 7.88483e+11 1.37324e+12 2.98578e+12 4.46326e+12
104 0 4.69777e+10 1.08478e+11 1.49451e+11 1.49093e+11 2.10415e+11 8.11248e+11 1.3905e+12 2.9869e+12 4.46029e+12
105 0 6.06193e+10 1.08634e+11 1.48378e+11 1.484e+11 2.40185e+11 8.24501e+11 1.41025e+12 2.98705e+12 4.45718e+12
106 0 6.94195e+10 1.08843e+11 1.48496e+11 1.48686e+11 2.33024e+11 8.24637e+11 1.43121e+12 2.9862e+12 4.45402e+12
107 0 5.34474e+10 1.08895e+11 1.49717e+11 1.49447e+11 2.15756e+11 8.11608e+11 1.45212e+12 2.98435e+12 4.45092e+12
108 0 5.22545e+10 1.08752e+11 1.51226e+11 1.51657e+11 2.4896e+11 7.88932e+11 1.47182e+12 2.98155e+12 4.44797e+12
110 0 6.91194e+10 1.0854e+11 1.52077e+11 1.51802e+11 2.10982e+11 7.63589e+11 1.48923e+12 2.97789e+12 4.44528e+12
111 0 6.17294e+10 1.08466e+11 1.51732e+11 1.51724e+11 2.39288e+11 7.44812e+11 1.50337e+12 2.97347e+12 4.44289e+12
112 0 4.65844e+10 1.08601e+11 1.50412e+11 1.50537e+11 2.34081e+11 7.40496e+11 1.51355e+12 2.96844e+12 4.44079e+12
113 0 6.47917e+10 1.08809e+11 1.48941e+11 1.48611e+11 2.14871e+11 7.52526e+11 1.51944e+12 2.9629e+12 4.43886e+12
114 0 6.76638e+10 1.08907e+11 1.48274e+11 1.48702e+11 2.49103e+11 7.75558e+11 1.5209e+12 2.95686e+12 4.43696e+12
115 0 4.89913e+10 1.08787e+11 1.4887e+11 1.48669e+11 2.11591e+11 8.00552e+11 1.51795e+12 2.95031e+12 4.43497e+12
116 0 5.72501e+10 1.08575e+11 1.50319e+11 1.50393e+11 2.38379e+11 8.19181e+11 1.5107e+12 2.94318e+12 4.43287e+12
118 0 6.97993e+10 1.08465e+11 1.51677e+11 1.51785e+11 2.35108e+11 8.26125e+11 1.49945e+12 2.93544e+12 4.43066e+12
119 0 5.69416e+10 1.08564e+11 1.52094e+11 1.51688e+11 2.14034e+11 8.19588e+11 1.48466e+12 2.92707e+12 4.4284e+12
120 0 4.92233e+10 1.08781e+11 1.51307e+11 1.51666e+11 2.49182e+11 8.01288e+11 1.46699e+12 2.91806e+12 4.42619e+12
121 0 6.78116e+10 1.08898e+11 1.49812e+11 1.49591e+11 2.12253e+11 7.76455e+11 1.44728e+12 2.90846e+12 4.42412e+12
122 0 6.45661e+10 1.08817e+11 1.48547e+11 1.48658e+11 2.37421e+11 7.53326e+11 1.42657e+12 2.89835e+12 4.42232e+12
123 0 4.65151e+10 1.08608e+11 1.48352e+11 1.48562e+11 2.36108e+11 7.40908e+11 1.40603e+12 2.88786e+12 4.42084e+12
124 0 6.19998e+10 1.0847e+11 1.49369e+11 1.48956e+11 2.13244e+11 7.44617e+11 1.38694e+12 2.8772e+12 4.4197e+12
126 0 6.90309e+10 1.08541e+11 1.50901e+11 1.51235e+11 2.49204e+11 7.6276e+11 1.37058e+12 2.86654e+12 4.41878e+12
127 0 5.1963e+10 1.08743e+11 1.51976e+11 1.51684e+11 2.12992e+11 7.87713e+11 1.35813e+12 2.856e+12 4.41794e+12
128 0 5.37516e+10 1.08897e+11 1.51924e+11 1.51979e+11 2.36434e+11 8.10405e+11 1.35053e+12 2.84567e+12 4.41708e+12
129 0 6.94811e+10 1.08841e+11 1.50773e+11 1.51083e+11 2.37115e+11 8.23874e+11 1.3483e+12 2.83555e+12 4.41613e+12
130 0 6.03329e+10 1.08637e+11 1.49251e+11 1.48881e+11 2.12476e+11 8.24568e+11 1.35143e+12 2.82567e+12 4.41508e+12
131 0 4.71043e+10 1.08479e+11 1.48316e+11 1.48679e+11 2.49213e+11 8.12442e+11 1.35942e+12 2.81604e+12 4.41397e+12
132 0 6.58506e+10 1.08513e+11 1.4862e+11 1.48322e+11 2.13727e+11 7.90745e+11 1.3717e+12 2.80665e+12 4.41288e+12
134 0 6.68521e+10 1.08716e+11 1.49944e+11 1.49889e+11 2.3545e+11 7.65938e+11 1.38756e+12 2.79751e+12 4.41192e+12
135 0 4.79551e+10 1.08883e+11 1.51404e+11 1.51705e+11 2.38035e+11 7.4678e+11 1.406e+12 2.78863e+12 4.41122e+12
0 0 5.87685e+10 1.08868e+11 1.52103e+11 1.51767e+11 2.11804e+11 7.41149e+11 1.42583e+12 2.78012e+12 4.41087e+12
1 0 6.97174e+10 1.08676e+11 1.5158e+11 1.51989e+11 2.49117e+11 7.51567e+11 1.44586e+12 2.77211e+12 4.4109e+12
2 0 5.53951e+10 1.0849e+11 1.5018e+11 1.49982e+11 2.14575e+11 7.73469e+11 1.46495e+12 2.7648e+12 4.41122e+12
3 0 5.04761e+10 1.08493e+11 1.48772e+11 1.48637e+11 2.34404e+11 7.98197e+11 1.4821e+12 2.75832e+12 4.41172e+12
4 0 6.8471e+10 1.08672e+11 1.48273e+11 1.48517e+11 2.38985e+11 8.17388e+11 1.49645e+12 2.75278e+12 4.41228e+12
5 0 6.33772e+10 1.08868e+11 1.49046e+11 1.48687e+11 2.11142e+11 8.25461e+11 1.50736e+12 2.74825e+12 4.41282e+12
6 0 4.63508e+10 1.08886e+11 1.50535e+11 1.50942e+11 2.49018e+11 8.20282e+11 1.51434e+12 2.74473e+12 4.41329e+12
8 0 6.3293e+10 1.08713e+11 1.51805e+11 1.51699e+11 2.1541e+11 8.03193e+11 1.51714e+12 2.74224e+12 4.41372e+12
9 0 6.85111e+10 1.08515e+11 1.52051e+11 1.51964e+11 2.33375e+11 7.79012e+11 1.51563e+12 2.74074e+12 4.41414e+12
10 0 5.0568e+10 1.08475e+11 1.51113e+11 1.51328e+11 2.39861e+11 7.55622e+11 1.5099e+12 2.74017e+12 4.41465e+12
11 0 5.52908e+10 1.08642e+11 1.49598e+11 1.49166e+11 2.1058e+11 7.41987e+11 1.50015e+12 2.74043e+12 4.4154e+12
12 0 6.97073e+10 1.08839e+11 1.48437e+11 1.48757e+11 2.48835e+11 7.44026e+11 1.48674e+12 2.74148e+12 4.41649e+12
13 0 5.88691e+10 1.08894e+11 1.48438e+11 1.48338e+11 2.16326e+11 7.60878e+11 1.47017e+12 2.74329e+12 4.41795e+12
14 0 4.78928e+10 1.0875e+11 1.49579e+11 1.49572e+11 2.32298e+11 7.85487e+11 1.45111e+12 2.74595e+12 4.41973e+12
16 0 6.67922e+10 1.08538e+11 1.51101e+11 1.51374e+11 2.4074e+11 8.08736e+11 1.43059e+12 2.74951e+12 4.42171e+12
17 0 6.59181e+10 1.08471e+11 1.52053e+11 1.5162e+11 2.10048e+11 8.23246e+11 1.40992e+12 2.75402e+12 4.42376e+12
18 0 4.7149e+10 1.08605e+11 1.51809e+11 1.52072e+11 2.48642e+11 8.24987e+11 1.39044e+12 2.75951e+12 4.4258e+12
19 0 6.02369e+10 1.0882e+11 1.50559e+11 1.50393e+11 2.17249e+11 8.13493e+11 1.37348e+12 2.76595e+12 4.42776e+12
20 0 6.94999e+10 1.08901e+11 1.49056e+11 1.49014e+11 2.31248e+11 7.91852e+11 1.36022e+12 2.7733e+12 4.42961e+12
21 0 5.38552e+10 1.08776e+11 1.48279e+11 1.48648e+11 2.41548e+11 7.66603e+11 1.35163e+12 2.78148e+12 4.43137e+12
22 0 5.18659e+10 1.08569e+11 1.48771e+11 1.48389e+11 2.09614e+11 7.46714e+11 1.34837e+12 2.79037e+12 4.43312e+12
24 0 6.90007e+10 1.08462e+11 1.50164e+11 1.5047e+11 2.48357e+11 7.40394e+11 1.35069e+12 2.79979e+12 4.435e+12
25 0 6.20887e+10 1.08574e+11 1.51583e+11 1.51376e+11 2.1824e+11 7.50489e+11 1.35838e+12 2.80954e+12 4.43712e+12
26 0 4.64951e+10 1.08787e+11 1.52102e+11 1.51953e+11 2.30145e+11 7.72534e+11 1.37084e+12 2.81948e+12 4.43954e+12
27 0 6.44893e+10 1.08905e+11 1.51415e+11 1.51798e+11 2.42363e+11 7.97728e+11 1.38711e+12 2.82953e+12 4.44223e+12
28 0 6.78604e+10 1.08814e+11 1.4996e+11 1.49608e+11 2.09215e+11 8.17474e+11 1.40606e+12 2.83967e+12 4.44508e+12
29 0 4.93016e+10 1.08596e+11 1.48618e+11 1.48971e+11 2.48066e+11 8.26003e+11 1.42644e+12 2.84989e+12 4.44798e+12
30 0 5.6839e+10 1.08468e+11 1.48316e+11 1.48186e+11 2.19229e+11 8.2105e+11 1.44703e+12 2.86018e+12 4.45084e+12
32 0 6.97977e+10 1.08539e+11 1.49231e+11 1.49002e+11 2.29077e+11 8.03891e+11 1.46666e+12 2.87055e+12 4.45358e+12
33 0 5.73532e+10 1.08752e+11 1.50756e+11 1.51088e+11 2.43102e+11 7.79352e+11 1.4843e+12 2.88097e+12 4.45615e+12
34 0 4.89134e+10 1.08899e+11 1.51918e+11 1.51542e+11 2.08925e+11 7.55455e+11 1.49901e+12 2.89142e+12 4.45855e+12
35 0 6.76131e+10 1.08838e+11 1.5197e+11 1.52319e+11 2.47688e+11 7.41437e+11 1.51e+12 2.90182e+12 4.46085e+12
36 0 6.4866e+10 1.08638e+11 1.50915e+11 1.50916e+11 2.20281e+11 7.43414e+11 1.51673e+12 2.91203e+12 4.46319e+12
37 0 4.661e+10 1.08476e+11 1.49377e+11 1.49148e+11 2.27953e+11 7.60426e+11 1.51904e+12 2.92187e+12 4.46571e+12
38 0 6.1637e+10 1.08519e+11 1.48355e+11 1.4865e+11 2.4384e+11 7.85204e+11 1.51694e+12 2.93117e+12 4.46848e+12
40 0 6.91487e+10 1.08716e+11 1.48546e+11 1.48119e+11 2.08655e+11 8.08576e+11 1.51057e+12 2.93979e+12 4.47149e+12
41 0 5.23543e+10 1.08883e+11 1.49795e+11 1.50068e+11 2.47303e+11 8.23219e+11 1.50019e+12 2.94769e+12 4.47466e+12
42 0 5.33458e+10 1.08864e+11 1.513e+11 1.51331e+11 2.2132e+11 8.2513e+11 1.48624e+12 2.95484e+12 4.4779e+12
43 0 6.93976e+10 1.08666e+11 1.52088e+11 1.51937e+11 2.26883e+11 8.1383e+11 1.46932e+12 2.96125e+12 4.48111e+12
44 0 6.07151e+10 1.08492e+11 1.51682e+11 1.52018e+11 2.44502e+11 7.92357e+11 1.45023e+12 2.96697e+12 4.48418e+12
45 0 4.69371e+10 1.08498e+11 1.50334e+11 1.4991e+11 2.0851e+11 7.67174e+11 1.42995e+12 2.97203e+12 4.48705e+12
46 0 6.55776e+10 1.08684e+11 1.48873e+11 1.49045e+11 2.46826e+11 7.47169e+11 1.40961e+12 2.9765e+12 4.48969e+12
48 0 6.70819e+10 1.0887e+11 1.48275e+11 1.48249e+11 2.22409e+11 7.40539e+11 1.39047e+12 2.98042e+12 4.49215e+12
49 0 4.82112e+10 1.08878e+11 1.48927e+11 1.488e+11 2.25757e+11 7.50226e+11 1.37378e+12 2.98372e+12 4.49457e+12
50 0 5.83641e+10 1.08707e+11 1.50395e+11 1.50803e+11 2.45154e+11 7.71918e+11 1.36074e+12 2.98631e+12 4.49709e+12
51 0 6.97523e+10 1.08506e+11 1.51728e+11 1.51368e+11 2.08385e+11 7.96927e+11 1.35234e+12 2.98806e+12 4.49978e+12
52 0 5.58106e+10 1.08478e+11 1.52078e+11 1.52271e+11 2.46341e+11 8.16709e+11 1.34924e+12 2.98887e+12 4.50266e+12
53 0 5.01258e+10 1.08647e+11 1.51247e+11 1.51169e+11 2.2349e+11 8.25519e+11 1.35162e+12 2.98866e+12 4.50566e+12
54 0 6.83073e+10 1.08848e+11 1.49735e+11 1.49503e+11 2.2467e+11 8.21132e+11 1.35911e+12 2.98742e+12 4.50871e+12
56 0 6.37059e+10 1.08899e+11 1.48506e+11 1.48929e+11 2.45752e+11 8.04824e+11 1.37087e+12 2.98518e+12 4.51169e+12
57 0 4.63661e+10 1.08739e+11 1.48383e+11 1.48063e+11 2.08357e+11 7.81171e+11 1.38603e+12 2.98198e+12 4.51451e+12
58 0 6.29555e+10 1.08536e+11 1.49436e+11 1.49707e+11 2.45796e+11 7.57681e+11 1.4037e+12 2.97794e+12 4.51704e+12
59 0 6.86637e+10 1.08468e+11 1.50975e+11 1.50926e+11 2.24582e+11 7.43165e+11 1.42284e+12 2.97318e+12 4.51926e+12
60 0 5.09305e+10 1.08607e+11 1.52003e+11 1.51686e+11 2.23579e+11 7.43823e+11 1.44229e+12 2.96783e+12 4.52118e+12
61 0 5.48774e+10 1.08821e+11 1.51881e+11 1.52258e+11 2.46291e+11 7.5937e+11 1.46096e+12 2.96199e+12 4.52294e+12
62 0 6.96594e+10 1.08899e+11 1.50697e+11 1.50349e+11 2.08394e+11 7.8321e+11 1.47786e+12 2.95564e+12 4.52468e+12
64 0 5.92671e+10 1.0878e+11 1.49171e+11 1.49442e+11 2.45196e+11 8.06446e+11 1.49215e+12 2.94875e+12 4.52649e+12
65 0 4.76564e+10 1.08563e+11 1.48297e+11 1.48379e+11 2.25693e+11 8.21687e+11 1.50315e+12 2.94127e+12 4.52839e+12
66 0 6.65524e+10 1.08466e+11 1.48668e+11 1.48344e+11 2.22484e+11 8.24694e+11 1.51037e+12 2.93318e+12 4.53039e+12
67 0 6.6179e+10 1.08579e+11 1.50018e+11 1.50363e+11 2.46806e+11 8.14682e+11 1.51352e+12 2.92444e+12 4.5324e+12
68 0 4.73397e+10 1.08788e+11 1.51476e+11 1.51076e+11 2.08487e+11 7.94316e+11 1.51247e+12 2.91509e+12 4.53434e+12
69 0 5.98487e+10 1.08903e+11 1.52106e+11 1.52301e+11 2.44561e+11 7.69645e+11 1.50728e+12 2.90515e+12 4.5361e+12
70 0 6.95719e+10 1.08803e+11 1.5153e+11 1.51694e+11 2.26792e+11 7.49234e+11 1.49818e+12 2.89474e+12 4.53758e+12
72 0 5.42648e+10 1.08595e+11 1.5011e+11 1.49834e+11 2.21412e+11 7.41326e+11 1.48553e+12 2.88402e+12 4.53869e+12
73 0 5.14843e+10 1.08469e+11 1.48717e+11 1.49085e+11 2.47263e+11 7.49437e+11 1.46985e+12 2.87319e+12 4.53947e+12
74 0 6.88715e+10 1.08547e+11 1.48297e+11 1.47901e+11 2.08671e+11 7.70039e+11 1.45176e+12 2.8624e+12 4.54004e+12
75 0 6.24442e+10 1.08762e+11 1.49113e+11 1.49206e+11 2.43886e+11 7.94896e+11 1.43208e+12 2.85178e+12 4.54052e+12
76 0 4.6426e+10 1.08898e+11 1.5062e+11 1.50737e+11 2.27902e+11 8.15349e+11 1.41195e+12 2.84137e+12 4.54104e+12
77 0 6.41793e+10 1.08837e+11 1.51854e+11 1.51627e+11 2.20349e+11 8.25235e+11 1.39277e+12 2.8312e+12 4.54165e+12
78 0 6.80474e+10 1.08625e+11 1.52023e+11 1.52452e+11 2.47678e+11 8.21865e+11 1.37588e+12 2.82128e+12 4.54235e+12
80 0 4.96252e+10 1.0847e+11 1.51052e+11 1.50744e+11 2.08891e+11 8.06099e+11 1.36251e+12 2.81162e+12 4.54311e+12
81 0 5.64229e+10 1.08522e+11 1.49515e+11 1.49571e+11 2.43172e+11 7.82328e+11 1.35364e+12 2.80223e+12 4.54385e+12
82 0 6.97865e+10 1.08722e+11 1.48406e+11 1.48458e+11 2.28981e+11 7.58172e+11 1.34994e+12 2.7931e+12 4.54445e+12
83 0 5.77634e+10 1.08891e+11 1.48475e+11 1.48192e+11 2.19325e+11 7.42748e+11 1.35167e+12 2.78428e+12 4.5448e+12
84 0 4.86196e+10 1.08861e+11 1.49647e+11 1.50085e+11 2.48022e+11 7.42688e+11 1.35869e+12 2.77588e+12 4.5448e+12
85 0 6.7405e+10 1.08667e+11 1.51179e+11 1.50925e+11 2.09223e+11 7.58034e+11 1.37042e+12 2.76808e+12 4.54446e+12
86 0 6.51599e+10 1.08488e+11 1.52064e+11 1.52202e+11 2.42396e+11 7.82203e+11 1.38598e+12 2.76106e+12 4.54387e+12
87 0 4.67275e+10 1.08493e+11 1.51768e+11 1.51829e+11 2.30102e+11 8.06081e+11 1.40424e+12 2.75495e+12 4.54316e+12
89 0 6.12694e+10 1.08687e+11 1.50484e+11 1.501e+11 2.18296e+11 8.22009e+11 1.424e+12 2.74984e+12 4.54244e+12
90 0 6.92566e+10 1.0887e+11 1.48982e+11 1.49359e+11 2.48365e+11 8.25538e+11 1.44406e+12 2.74578e+12 4.54178e+12
