0 0 6.97998e+10 1.089e+11 1.521e+11 1.52498e+11 2.492e+11 7.406e+11 1.5145e+12 2.7413e+12 4.5457e+12
1 0 5.72169e+10 1.08849e+11 1.49961e+11 1.49523e+11 2.13125e+11 7.48801e+11 1.51226e+12 2.74167e+12 4.5455e+12
2 0 4.90158e+10 1.08642e+11 1.46844e+11 1.46717e+11 2.36207e+11 7.69728e+11 1.50575e+12 2.74282e+12 4.54497e+12
3 0 6.76796e+10 1.08474e+11 1.43931e+11 1.43614e+11 2.37299e+11 7.94848e+11 1.49534e+12 2.74482e+12 4.54421e+12
4 0 6.47678e+10 1.08497e+11 1.42398e+11 1.42446e+11 2.12307e+11 8.15423e+11 1.48155e+12 2.74777e+12 4.54335e+12
5 0 4.65757e+10 1.08693e+11 1.42136e+11 1.41913e+11 2.49191e+11 8.25364e+11 1.46502e+12 2.75171e+12 4.5425e+12
6 0 6.17608e+10 1.08876e+11 1.40795e+11 1.40421e+11 2.13897e+11 8.22043e+11 1.44654e+12 2.75665e+12 4.54171e+12
7 0 6.91104e+10 1.08881e+11 1.36154e+11 1.36485e+11 2.35225e+11 8.06343e+11 1.42706e+12 2.76257e+12 4.54099e+12
9 0 5.22224e+10 1.08703e+11 1.33098e+11 1.33242e+11 2.38233e+11 7.82645e+11 1.40764e+12 2.76944e+12 4.54032e+12
10 0 5.34825e+10 1.08498e+11 1.3353e+11 1.33737e+11 2.11653e+11 7.58529e+11 1.38947e+12 2.77714e+12 4.53961e+12
11 0 6.94273e+10 1.08481e+11 1.25825e+11 1.25546e+11 2.49092e+11 7.43056e+11 1.37376e+12 2.78556e+12 4.53874e+12
12 0 6.05864e+10 1.08678e+11 1.26211e+11 1.26514e+11 2.14752e+11 7.42836e+11 1.36162e+12 2.79449e+12 4.53759e+12
13 0 4.6992e+10 1.0886e+11 1.16552e+11 1.16288e+11 2.34176e+11 7.57953e+11 1.35398e+12 2.80376e+12 4.53609e+12
14 0 6.5671e+10 1.08871e+11 1.12685e+11 1.1278e+11 2.39177e+11 7.81898e+11 1.35144e+12 2.81326e+12 4.53428e+12
15 0 6.70031e+10 1.087e+11 1.02746e+11 1.02543e+11 2.11012e+11 8.05618e+11 1.35424e+12 2.82294e+12 4.53226e+12
17 0 4.81204e+10 1.08512e+11 9.63885e+10 9.65338e+10 2.48987e+11 8.2149e+11 1.36217e+12 2.83278e+12 4.53016e+12
18 0 5.85305e+10 1.08479e+11 1.2068e+11 1.2076e+11 2.15616e+11 8.25095e+11 1.3746e+12 2.84279e+12 4.52808e+12
19 0 6.97347e+10 1.08658e+11 1.70881e+11 1.71021e+11 2.33155e+11 8.1554e+11 1.39053e+12 2.85295e+12 4.52609e+12
20 0 5.56061e+10 1.08892e+11 1.73122e+11 1.73099e+11 2.40057e+11 7.95465e+11 1.40865e+12 2.86327e+12 4.52423e+12
21 0 5.03194e+10 1.08927e+11 2.45316e+11 2.45436e+11 2.10453e+11 7.7091e+11 1.42761e+12 2.87372e+12 4.5225e+12
22 0 6.8401e+10 1.08734e+11 1.66384e+11 1.66332e+11 2.4872e+11 7.50308e+11 1.44631e+12 2.88425e+12 4.52081e+12
23 0 6.35005e+10 1.08499e+11 3.12716e+11 3.29591e+11 2.16524e+11 7.41837e+11 1.46386e+12 2.89476e+12 4.51904e+12
25 0 4.63609e+10 1.0844e+11 1.76803e+11 1.90093e+11 2.31944e+11 7.49186e+11 1.47942e+12 2.90508e+12 4.51705e+12
26 0 6.31952e+10 1.08617e+11 3.18249e+11 3.35542e+11 2.40975e+11 7.69103e+11 1.49227e+12 2.91504e+12 4.51476e+12
27 0 6.85459e+10 1.08861e+11 1.78096e+11 1.74639e+11 2.09813e+11 7.93531e+11 1.50183e+12 2.92446e+12 4.51218e+12
28 0 5.06451e+10 1.0894e+11 3.11905e+11 3.38814e+11 2.48496e+11 8.13955e+11 1.50766e+12 2.93325e+12 4.50938e+12
29 0 5.52257e+10 1.08776e+11 2.09888e+11 1.66603e+11 2.17602e+11 8.24264e+11 1.50951e+12 2.94135e+12 4.50648e+12
30 0 6.96988e+10 1.08527e+11 2.93854e+11 3.39588e+11 2.3071e+11 8.21702e+11 1.50729e+12 2.94876e+12 4.50358e+12
31 0 5.8898e+10 1.0843e+11 2.49131e+11 1.68234e+11 2.4191e+11 8.06935e+11 1.50109e+12 2.95551e+12 4.50076e+12
33 0 4.78922e+10 1.08579e+11 2.64856e+11 3.38009e+11 2.0935e+11 7.84062e+11 1.49119e+12 2.96162e+12 4.4981e+12
34 0 6.67924e+10 1.08828e+11 2.82395e+11 1.79087e+11 2.48165e+11 7.60323e+11 1.47804e+12 2.96714e+12 4.49559e+12
35 0 6.59018e+10 1.08942e+11 2.27352e+11 3.33881e+11 2.18762e+11 7.44523e+11 1.46225e+12 2.97214e+12 4.4932e+12
36 0 4.71386e+10 1.08814e+11 3.05376e+11 1.96341e+11 2.29448e+11 7.43339e+11 1.44458e+12 2.97661e+12 4.4908e+12
37 0 6.02909e+10 1.08563e+11 1.89688e+11 3.27376e+11 2.42801e+11 7.57298e+11 1.42593e+12 2.98048e+12 4.48824e+12
38 0 6.94821e+10 1.08429e+11 3.16935e+11 2.16586e+11 2.08938e+11 7.80457e+11 1.40729e+12 2.98363e+12 4.48543e+12
39 0 5.37668e+10 1.08541e+11 1.72558e+11 3.18388e+11 2.47768e+11 8.04114e+11 1.38962e+12 2.98593e+12 4.48236e+12
41 0 5.19735e+10 1.08791e+11 3.16619e+11 2.37253e+11 2.19935e+11 8.20657e+11 1.37399e+12 2.98729e+12 4.4791e+12
42 0 6.90361e+10 1.0894e+11 1.91304e+11 3.06846e+11 2.28256e+11 8.25323e+11 1.36168e+12 2.98765e+12 4.47574e+12
43 0 6.19618e+10 1.08847e+11 3.04527e+11 2.57374e+11 2.43644e+11 8.16784e+11 1.3538e+12 2.98698e+12 4.47239e+12
44 0 4.65354e+10 1.08601e+11 2.2926e+11 2.9298e+11 2.08707e+11 7.9724e+11 1.35108e+12 2.98532e+12 4.46916e+12
45 0 6.46202e+10 1.08436e+11 2.81014e+11 2.75779e+11 2.47413e+11 7.72391e+11 1.35374e+12 2.98272e+12 4.46613e+12
46 0 6.77639e+10 1.0851e+11 2.66466e+11 2.76822e+11 2.21064e+11 7.5072e+11 1.36156e+12 2.97929e+12 4.46335e+12
47 0 4.91421e+10 1.08752e+11 2.47253e+11 2.92038e+11 2.27099e+11 7.40887e+11 1.37391e+12 2.97517e+12 4.46079e+12
49 0 5.70726e+10 1.08931e+11 2.95012e+11 2.58393e+11 2.44375e+11 7.47262e+11 1.38985e+12 2.97046e+12 4.45835e+12
50 0 6.97956e+10 1.08878e+11 2.0795e+11 3.06166e+11 2.08503e+11 7.67014e+11 1.40824e+12 2.96522e+12 4.45588e+12
51 0 5.70879e+10 1.08643e+11 3.12526e+11 2.38703e+11 2.46935e+11 7.92046e+11 1.42785e+12 2.95942e+12 4.45329e+12
52 0 4.91313e+10 1.08449e+11 1.77255e+11 3.17692e+11 2.22191e+11 8.13496e+11 1.44749e+12 2.95303e+12 4.45053e+12
53 0 6.77571e+10 1.08482e+11 3.18205e+11 2.17792e+11 2.25957e+11 8.24892e+11 1.46606e+12 2.94598e+12 4.44766e+12
54 0 6.4633e+10 1.08711e+11 1.77752e+11 3.26838e+11 2.45056e+11 8.23159e+11 1.48261e+12 2.93826e+12 4.44473e+12
55 0 4.65385e+10 1.08915e+11 3.12144e+11 1.97385e+11 2.08357e+11 8.08728e+11 1.49636e+12 2.92986e+12 4.44185e+12
57 0 6.19476e+10 1.08901e+11 2.09078e+11 3.33602e+11 2.46429e+11 7.85546e+11 1.50669e+12 2.92079e+12 4.43912e+12
58 0 6.904e+10 1.08682e+11 2.9441e+11 1.79964e+11 2.23276e+11 7.60869e+11 1.51315e+12 2.91111e+12 4.43665e+12
59 0 5.19896e+10 1.08467e+11 2.48253e+11 3.37793e+11 2.24812e+11 7.43826e+11 1.5154e+12 2.90095e+12 4.4345e+12
60 0 5.37479e+10 1.0846e+11 2.65512e+11 1.68643e+11 2.45656e+11 7.41691e+11 1.51321e+12 2.89049e+12 4.43265e+12
61 0 6.94789e+10 1.08667e+11 2.81785e+11 3.39623e+11 2.08411e+11 7.55475e+11 1.50661e+12 2.87991e+12 4.43102e+12
62 0 6.03067e+10 1.08892e+11 2.28182e+11 1.66271e+11 2.45915e+11 7.79137e+11 1.49598e+12 2.86935e+12 4.42944e+12
63 0 4.71303e+10 1.08921e+11 3.05056e+11 3.38959e+11 2.24401e+11 8.03538e+11 1.48189e+12 2.85891e+12 4.42782e+12
65 0 6.58881e+10 1.08725e+11 1.90473e+11 1.73964e+11 2.23832e+11 8.20697e+11 1.46505e+12 2.84861e+12 4.42609e+12
66 0 6.68049e+10 1.08491e+11 3.16743e+11 3.35737e+11 2.46222e+11 8.25784e+11 1.44627e+12 2.83847e+12 4.42426e+12
67 0 4.79037e+10 1.08444e+11 1.72591e+11 1.89249e+11 2.08356e+11 8.17489e+11 1.42654e+12 2.8285e+12 4.42238e+12
68 0 5.88787e+10 1.08628e+11 3.1672e+11 3.30104e+11 2.45411e+11 7.98015e+11 1.40693e+12 2.81871e+12 4.42052e+12
69 0 6.97003e+10 1.08867e+11 1.90711e+11 2.08691e+11 2.25379e+11 7.73051e+11 1.38864e+12 2.80909e+12 4.41879e+12
70 0 5.525e+10 1.08933e+11 3.04862e+11 3.21571e+11 2.22835e+11 7.51083e+11 1.37286e+12 2.79967e+12 4.4173e+12
71 0 5.06242e+10 1.08766e+11 2.28523e+11 2.27648e+11 2.46688e+11 7.40853e+11 1.36073e+12 2.79051e+12 4.41614e+12
73 0 6.85373e+10 1.08523e+11 2.82636e+11 2.70004e+11 2.08454e+11 7.46861e+11 1.35315e+12 2.78176e+12 4.41533e+12
74 0 6.32141e+10 1.08435e+11 2.65197e+11 2.69044e+11 2.44833e+11 7.66403e+11 1.35074e+12 2.77361e+12 4.41476e+12
75 0 4.63613e+10 1.08587e+11 2.5041e+11 2.27663e+11 2.26401e+11 7.91405e+11 1.35371e+12 2.76622e+12 4.41431e+12
76 0 6.34785e+10 1.08834e+11 2.93601e+11 2.97707e+11 2.21833e+11 8.12969e+11 1.36184e+12 2.75972e+12 4.41387e+12
77 0 6.84114e+10 1.08941e+11 2.12193e+11 1.85233e+11 2.47134e+11 8.24562e+11 1.37452e+12 2.75419e+12 4.41336e+12
78 0 5.03419e+10 1.08803e+11 3.11692e+11 3.09026e+11 2.08556e+11 8.23068e+11 1.3908e+12 2.74967e+12 4.41277e+12
79 0 5.55788e+10 1.08554e+11 1.79945e+11 1.7873e+11 2.44291e+11 8.08914e+11 1.40945e+12 2.74616e+12 4.41213e+12
81 0 6.9731e+10 1.08432e+11 3.18801e+11 3.02085e+11 2.27389e+11 7.86067e+11 1.4291e+12 2.74365e+12 4.41148e+12
82 0 5.85602e+10 1.08552e+11 1.75146e+11 2.1629e+11 2.21035e+11 7.61771e+11 1.4484e+12 2.74208e+12 4.41096e+12
83 0 4.81029e+10 1.08798e+11 3.14659e+11 2.77027e+11 2.47536e+11 7.44918e+11 1.4663e+12 2.74136e+12 4.41067e+12
84 0 6.69888e+10 1.08937e+11 2.0225e+11 2.61085e+11 2.08812e+11 7.42518e+11 1.48203e+12 2.74143e+12 4.41074e+12
85 0 6.56739e+10 1.08839e+11 2.99452e+11 2.3636e+11 2.43769e+11 7.55603e+11 1.4949e+12 2.74227e+12 4.41119e+12
86 0 4.6996e+10 1.08594e+11 2.40573e+11 2.93481e+11 2.28267e+11 7.78514e+11 1.50437e+12 2.74392e+12 4.41196e+12
87 0 6.06088e+10 1.08436e+11 2.73648e+11 1.91631e+11 2.20218e+11 8.02454e+11 1.51003e+12 2.74647e+12 4.41293e+12
89 0 6.94144e+10 1.08518e+11 2.7495e+11 3.08293e+11 2.47858e+11 8.19579e+11 1.51165e+12 2.74998e+12 4.41398e+12
90 0 5.34273e+10 1.08761e+11 2.38717e+11 1.75756e+11 2.08998e+11 8.25038e+11 1.50913e+12 2.75446e+12 4.41502e+12
91 0 5.22967e+10 1.08932e+11 3.00393e+11 3.04701e+11 2.43267e+11 8.174e+11 1.50258e+12 2.75991e+12 4.416e+12
92 0 6.91316e+10 1.08868e+11 2.00524e+11 2.07918e+11 2.29073e+11 7.98691e+11 1.49228e+12 2.76631e+12 4.41692e+12
93 0 6.1663e+10 1.08633e+11 3.15131e+11 2.82919e+11 2.19483e+11 7.74335e+11 1.47869e+12 2.77357e+12 4.41781e+12
94 0 4.66141e+10 1.08449e+11 1.74589e+11 2.53576e+11 2.481e+11 7.52538e+11 1.46244e+12 2.78161e+12 4.41876e+12
95 0 6.48667e+10 1.08491e+11 3.18671e+11 2.44734e+11 2.09249e+11 7.41861e+11 1.44435e+12 2.79025e+12 4.41991e+12
97 0 6.76004e+10 1.08719e+11 1.81099e+11 2.88766e+11 2.42673e+11 7.46966e+11 1.42535e+12 2.79932e+12 4.42137e+12
98 0 4.88941e+10 1.08917e+11 3.11152e+11 1.9892e+11 2.29912e+11 7.65582e+11 1.40649e+12 2.80866e+12 4.4232e+12
99 0 5.74069e+10 1.08894e+11 2.13952e+11 3.07006e+11 2.18687e+11 7.90068e+11 1.38885e+12 2.81817e+12 4.42534e+12
100 0 6.97928e+10 1.08674e+11 2.92513e+11 1.74643e+11 2.484e+11 8.11773e+11 1.37342e+12 2.82783e+12 4.42768e+12
101 0 5.67539e+10 1.08463e+11 2.52003e+11 3.06816e+11 2.09461e+11 8.24139e+11 1.36115e+12 2.83763e+12 4.43011e+12
102 0 4.93857e+10 1.08466e+11 2.63463e+11 1.99671e+11 2.42185e+11 8.23734e+11 1.35313e+12 2.84758e+12 4.43252e+12
103 0 6.79117e+10 1.08678e+11 2.8406e+11 2.88367e+11 2.30744e+11 8.10529e+11 1.35019e+12 2.85766e+12 4.43484e+12
105 0 6.43855e+10 1.08897e+11 2.26628e+11 2.4543e+11 2.17971e+11 7.88056e+11 1.3527e+12 2.86788e+12 4.43702e+12
106 0 4.64745e+10 1.08914e+11 3.06218e+11 2.53056e+11 2.48657e+11 7.63223e+11 1.36047e+12 2.8782e+12 4.43906e+12
107 0 6.22331e+10 1.08715e+11 1.90042e+11 2.83317e+11 2.09784e+11 7.45053e+11 1.37289e+12 2.88857e+12 4.44106e+12
108 0 6.89404e+10 1.08488e+11 3.17424e+11 2.07389e+11 2.41587e+11 7.41166e+11 1.38901e+12 2.89888e+12 4.44314e+12
109 0 5.1682e+10 1.0845e+11 1.72652e+11 3.04914e+11 2.31549e+11 7.53332e+11 1.40768e+12 2.90893e+12 4.44543e+12
110 0 5.40745e+10 1.08636e+11 3.17571e+11 1.75585e+11 2.1727e+11 7.76248e+11 1.42764e+12 2.91856e+12 4.44799e+12
111 0 6.95378e+10 1.08872e+11 1.89516e+11 3.08354e+11 2.48858e+11 8.00975e+11 1.44766e+12 2.92761e+12 4.45081e+12
113 0 6.00024e+10 1.08929e+11 3.06447e+11 1.91786e+11 2.101e+11 8.19295e+11 1.46662e+12 2.93601e+12 4.45381e+12
114 0 4.72777e+10 1.08757e+11 2.26094e+11 2.93395e+11 2.41002e+11 8.25952e+11 1.48355e+12 2.94371e+12 4.45687e+12
115 0 6.60965e+10 1.08516e+11 2.84398e+11 2.36583e+11 2.3231e+11 8.19191e+11 1.49762e+12 2.95073e+12 4.4599e+12
116 0 6.6615e+10 1.08439e+11 2.63072e+11 2.61134e+11 2.1661e+11 8.00761e+11 1.50825e+12 2.95709e+12 4.46281e+12
117 0 4.77179e+10 1.08598e+11 2.52546e+11 2.77071e+11 2.49014e+11 7.75925e+11 1.51495e+12 2.96283e+12 4.46554e+12
118 0 5.91904e+10 1.08841e+11 2.9217e+11 2.16488e+11 2.10408e+11 7.52946e+11 1.51745e+12 2.96801e+12 4.46807e+12
119 0 6.96639e+10 1.08936e+11 2.14463e+11 3.02051e+11 2.40343e+11 7.40833e+11 1.51556e+12 2.97267e+12 4.47048e+12
121 0 5.49249e+10 1.08794e+11 3.10938e+11 1.78807e+11 2.33186e+11 7.44969e+11 1.50924e+12 2.97679e+12 4.47288e+12
122 0 5.09085e+10 1.08549e+11 1.81215e+11 3.09132e+11 2.15798e+11 7.63523e+11 1.49868e+12 2.98029e+12 4.47543e+12
123 0 6.86539e+10 1.08434e+11 3.18727e+11 1.8493e+11 2.49271e+11 7.88676e+11 1.48447e+12 2.98303e+12 4.4782e+12
124 0 6.29523e+10 1.0856e+11 1.74385e+11 2.97796e+11 2.10804e+11 8.11263e+11 1.46735e+12 2.9849e+12 4.4812e+12
125 0 4.63737e+10 1.08805e+11 3.15229e+11 2.27394e+11 2.39747e+11 8.24336e+11 1.44821e+12 2.98583e+12 4.48436e+12
126 0 6.37316e+10 1.08937e+11 2.00123e+11 2.68706e+11 2.33974e+11 8.24357e+11 1.42804e+12 2.98576e+12 4.4876e+12
127 0 6.82826e+10 1.08829e+11 3.00647e+11 2.70171e+11 2.15159e+11 8.11341e+11 1.40795e+12 2.9847e+12 4.49081e+12
128 0 5.00753e+10 1.08585e+11 2.38294e+11 2.25597e+11 2.49387e+11 7.88828e+11 1.38916e+12 2.98268e+12 4.4939e+12
130 0 5.58957e+10 1.08438e+11 2.75389e+11 2.9856e+11 2.11253e+11 7.6375e+11 1.37287e+12 2.97978e+12 4.49677e+12
131 0 6.97558e+10 1.08528e+11 2.73206e+11 1.8378e+11 2.39082e+11 7.45186e+11 1.36024e+12 2.97612e+12 4.49939e+12
132 0 5.82525e+10 1.08769e+11 2.40875e+11 3.09128e+11 2.34726e+11 7.40892e+11 1.35222e+12 2.97183e+12 4.50179e+12
133 0 4.83031e+10 1.08931e+11 2.99239e+11 1.79748e+11 2.1452e+11 7.52794e+11 1.34945e+12 2.96699e+12 4.50411e+12
134 0 6.71581e+10 1.08861e+11 2.0259e+11 3.01376e+11 2.49461e+11 7.75647e+11 1.35216e+12 2.96162e+12 4.50647e+12
135 0 6.54645e+10 1.08626e+11 3.14621e+11 2.18418e+11 2.11719e+11 8.0048e+11 1.36016e+12 2.95568e+12 4.50897e+12
0 0 4.68774e+10 1.08447e+11 1.75361e+11 2.75512e+11 2.38388e+11 8.18982e+11 1.37285e+12 2.94912e+12 4.51163e+12
1 0 6.08928e+10 1.08498e+11 3.18784e+11 2.62888e+11 2.35503e+11 8.25838e+11 1.38929e+12 2.94189e+12 4.51439e+12
3 0 6.93466e+10 1.08729e+11 1.79755e+11 2.34319e+11 2.13816e+11 8.19253e+11 1.40831e+12 2.93396e+12 4.5172e+12
4 0 5.3125e+10 1.0892e+11 3.11831e+11 2.94513e+11 2.49678e+11 8.00983e+11 1.42859e+12 2.92534e+12 4.51995e+12
5 0 5.25913e+10 1.08886e+11 2.11799e+11 1.89894e+11 2.1214e+11 7.76333e+11 1.44874e+12 2.91607e+12 4.52252e+12
6 0 6.92131e+10 1.08664e+11 2.93823e+11 3.08533e+11 2.37772e+11 7.5358e+11 1.4675e+12 2.90622e+12 4.52481e+12
7 0 6.13924e+10 1.08462e+11 2.49995e+11 1.76299e+11 2.36299e+11 7.41571e+11 1.48392e+12 2.89595e+12 4.52676e+12
8 0 4.66983e+10 1.08474e+11 2.65276e+11 3.0408e+11 2.13275e+11 7.45462e+11 1.49735e+12 2.88543e+12 4.52839e+12
9 0 6.50832e+10 1.08686e+11 2.82555e+11 2.10051e+11 2.49701e+11 7.6348e+11 1.50726e+12 2.87486e+12 4.52982e+12
11 0 6.74475e+10 1.08899e+11 2.28875e+11 2.81521e+11 2.12649e+11 7.881e+11 1.51327e+12 2.86436e+12 4.53119e+12
12 0 4.86781e+10 1.08909e+11 3.05266e+11 2.55485e+11 2.3712e+11 8.10411e+11 1.51512e+12 2.85399e+12 4.5326e+12
13 0 5.77063e+10 1.08707e+11 1.91821e+11 2.42666e+11 2.36978e+11 8.23538e+11 1.51274e+12 2.84379e+12 4.53411e+12
14 0 6.97842e+10 1.08484e+11 3.17085e+11 2.89967e+11 2.12741e+11 8.23916e+11 1.5062e+12 2.83376e+12 4.53569e+12
15 0 5.64505e+10 1.08455e+11 1.72711e+11 1.97032e+11 2.4971e+11 8.11457e+11 1.49577e+12 2.82391e+12 4.53731e+12
16 0 4.96236e+10 1.08648e+11 3.17821e+11 3.07357e+11 2.13118e+11 7.89535e+11 1.48191e+12 2.81424e+12 4.53887e+12
17 0 6.80455e+10 1.08876e+11 1.87915e+11 1.74782e+11 2.36458e+11 7.64862e+11 1.46525e+12 2.80477e+12 4.54028e+12
19 0 6.41606e+10 1.08923e+11 3.07313e+11 3.06391e+11 2.3761e+11 7.46283e+11 1.44662e+12 2.79551e+12 4.5414e+12
20 0 4.64291e+10 1.08747e+11 2.24005e+11 2.01616e+11 2.1221e+11 7.41487e+11 1.42698e+12 2.78656e+12 4.54216e+12
21 0 6.24877e+10 1.08513e+11 2.85834e+11 2.87443e+11 2.49707e+11 7.52596e+11 1.40746e+12 2.77807e+12 4.54259e+12
22 0 6.88445e+10 1.08444e+11 2.6131e+11 2.47132e+11 2.13608e+11 7.7475e+11 1.3892e+12 2.77025e+12 4.54277e+12
23 0 5.14105e+10 1.08607e+11 2.54557e+11 2.53218e+11 2.35673e+11 7.99285e+11 1.37334e+12 2.76324e+12 4.54286e+12
24 0 5.43684e+10 1.08847e+11 2.90728e+11 2.91084e+11 2.38307e+11 8.18071e+11 1.36083e+12 2.75716e+12 4.54296e+12
25 0 6.95865e+10 1.08934e+11 2.16151e+11 2.3705e+11 2.11615e+11 8.25773e+11 1.35242e+12 2.75207e+12 4.54313e+12
27 0 5.97235e+10 1.08784e+11 3.10218e+11 3.01735e+11 2.49629e+11 8.20285e+11 1.34891e+12 2.74799e+12 4.54341e+12
28 0 4.74208e+10 1.08541e+11 1.82035e+11 2.20456e+11 2.14242e+11 8.02904e+11 1.35082e+12 2.74494e+12 4.54375e+12
29 0 6.62777e+10 1.08437e+11 3.18484e+11 3.1005e+11 2.34884e+11 7.78466e+11 1.35813e+12 2.74287e+12 4.5441e+12
30 0 6.64414e+10 1.08571e+11 1.74006e+11 2.05141e+11 2.39028e+11 7.54952e+11 1.3703e+12 2.74172e+12 4.54433e+12
31 0 4.75581e+10 1.08812e+11 3.15238e+11 3.16021e+11 2.11126e+11 7.41421e+11 1.38638e+12 2.74141e+12 4.54432e+12
32 0 5.9468e+10 1.08934e+11 1.99546e+11 1.92694e+11 2.49521e+11 7.43781e+11 1.40522e+12 2.74186e+12 4.54395e+12
33 0 6.96247e+10 1.08821e+11 3.00726e+11 3.19785e+11 2.14938e+11 7.60988e+11 1.42554e+12 2.7431e+12 4.54323e+12
35 0 5.46366e+10 1.08579e+11 2.38073e+11 1.8527e+11 2.34027e+11 7.85777e+11 1.44609e+12 2.74519e+12 4.54224e+12
36 0 5.11648e+10 1.08438e+11 2.75229e+11 3.21187e+11 2.39767e+11 8.0902e+11 1.46567e+12 2.74819e+12 4.5411e+12
37 0 6.8755e+10 1.08536e+11 2.73274e+11 1.8459e+11 2.10632e+11 8.23442e+11 1.48328e+12 2.75217e+12 4.53992e+12
38 0 6.27154e+10 1.08777e+11 2.40292e+11 3.20227e+11 2.49438e+11 8.25089e+11 1.49805e+12 2.75714e+12 4.53877e+12
39 0 4.63976e+10 1.08931e+11 2.99476e+11 1.90615e+11 2.15602e+11 8.13514e+11 1.50934e+12 2.76309e+12 4.53771e+12
40 0 6.39525e+10 1.08852e+11 2.01625e+11 3.17024e+11 2.33211e+11 7.91806e+11 1.51669e+12 2.76997e+12 4.53671e+12
41 0 6.81636e+10 1.08617e+11 3.14747e+11 2.02083e+11 2.40356e+11 7.66487e+11 1.51979e+12 2.77772e+12 4.53574e+12
43 0 4.98426e+10 1.08448e+11 1.74771e+11 3.11456e+11 2.1008e+11 7.46531e+11 1.51848e+12 2.7862e+12 4.53469e+12
44 0 5.61777e+10 1.08507e+11 3.18588e+11 2.17083e+11 2.49108e+11 7.40181e+11 1.51275e+12 2.79523e+12 4.53341e+12
45 0 6.97716e+10 1.08736e+11 1.80662e+11 3.03663e+11 2.16456e+11 7.50358e+11 1.5027e+12 2.80463e+12 4.53179e+12
46 0 5.79761e+10 1.0892e+11 3.11162e+11 2.33631e+11 2.32016e+11 7.72579e+11 1.48872e+12 2.81424e+12 4.52981e+12
47 0 4.84884e+10 1.08879e+11 2.13657e+11 2.93709e+11 2.41265e+11 7.97907e+11 1.47157e+12 2.82397e+12 4.52754e+12
48 0 6.73054e+10 1.08656e+11 2.92361e+11 2.50036e+11 2.09566e+11 8.17677e+11 1.45216e+12 2.83381e+12 4.5251e+12
49 0 6.52751e+10 1.08459e+11 2.52141e+11 2.81555e+11 2.48904e+11 8.26122e+11 1.43155e+12 2.84375e+12 4.5226e+12
51 0 4.67834e+10 1.0848e+11 2.62982e+11 2.65765e+11 2.17416e+11 8.21034e+11 1.41086e+12 2.85379e+12 4.52013e+12
52 0 6.11436e+10 1.08697e+11 2.84412e+11 2.67602e+11 2.30944e+11 8.03747e+11 1.39134e+12 2.86392e+12 4.51776e+12
53 0 6.92817e+10 1.08902e+11 2.25713e+11 2.79959e+11 2.42072e+11 7.7915e+11 1.37423e+12 2.87413e+12 4.51551e+12
54 0 5.28601e+10 1.08901e+11 3.06542e+11 2.52148e+11 2.09142e+11 7.55276e+11 1.3607e+12 2.88441e+12 4.51337e+12
55 0 5.28552e+10 1.08697e+11 1.88968e+11 2.92246e+11 2.48596e+11 7.4131e+11 1.35178e+12 2.89467e+12 4.51123e+12
56 0 6.92811e+10 1.08481e+11 3.17522e+11 2.35571e+11 2.18449e+11 7.43324e+11 1.34816e+12 2.90477e+12 4.50897e+12
57 0 6.11461e+10 1.08462e+11 1.72515e+11 3.02565e+11 2.29821e+11 7.60399e+11 1.35014e+12 2.91454e+12 4.50646e+12
59 0 4.6783e+10 1.08656e+11 3.1719e+11 2.19199e+11 2.42916e+11 7.85268e+11 1.35758e+12 2.92381e+12 4.50367e+12
60 0 6.52716e+10 1.0888e+11 1.90998e+11 3.10622e+11 2.08727e+11 8.08707e+11 1.36989e+12 2.93244e+12 4.50064e+12
61 0 6.7308e+10 1.08919e+11 3.05391e+11 2.03994e+11 2.48227e+11 8.23352e+11 1.38618e+12 2.94039e+12 4.49749e+12
62 0 4.84913e+10 1.08737e+11 2.28355e+11 3.16397e+11 2.19467e+11 8.25165e+11 1.40529e+12 2.94763e+12 4.49431e+12
63 0 5.79728e+10 1.08506e+11 2.82505e+11 1.91843e+11 2.28611e+11 8.13686e+11 1.42593e+12 2.95419e+12 4.49121e+12
64 0 6.97713e+10 1.08449e+11 2.65312e+11 3.1999e+11 2.43653e+11 7.9201e+11 1.44678e+12 2.96008e+12 4.48827e+12
65 0 5.61827e+10 1.08618e+11 2.49753e+11 1.84985e+11 2.08431e+11 7.66738e+11 1.46651e+12 2.96537e+12 4.48554e+12
67 0 4.98382e+10 1.08853e+11 2.9394e+11 3.21188e+11 2.47796e+11 7.46893e+11 1.48395e+12 2.9701e+12 4.48301e+12
68 0 6.81616e+10 1.08929e+11 2.11106e+11 1.84854e+11 2.20652e+11 7.40602e+11 1.49832e+12 2.97432e+12 4.48059e+12
69 0 6.39564e+10 1.08774e+11 3.11991e+11 3.20133e+11 2.27376e+11 7.50605e+11 1.50908e+12 2.97797e+12 4.47814e+12
70 0 4.6399e+10 1.08536e+11 1.78985e+11 1.91271e+11 2.44438e+11 7.72447e+11 1.51587e+12 2.98096e+12 4.47553e+12
71 0 6.27091e+10 1.0844e+11 3.18783e+11 3.16701e+11 2.08172e+11 7.9743e+11 1.51842e+12 2.98315e+12 4.4727e+12
72 0 6.87572e+10 1.08579e+11 1.75648e+11 2.03116e+11 2.4732e+11 8.17051e+11 1.51664e+12 2.98444e+12 4.46968e+12
73 0 5.11721e+10 1.0882e+11 3.1408e+11 3.1058e+11 2.21825e+11 8.25605e+11 1.51059e+12 2.98476e+12 4.46653e+12
74 0 5.46284e+10 1.08933e+11 2.04111e+11 2.18516e+11 2.26189e+11 8.20842e+11 1.5005e+12 2.98409e+12 4.46336e+12
76 0 6.96235e+10 1.08811e+11 2.9813e+11 3.01313e+11 2.45164e+11 8.04014e+11 1.48679e+12 2.98244e+12 4.46026e+12
77 0 5.94762e+10 1.0857e+11 2.42811e+11 2.36962e+11 2.08042e+11 7.79854e+11 1.47008e+12 2.97987e+12 4.45733e+12
78 0 4.75528e+10 1.0844e+11 2.71377e+11 2.90288e+11 2.46835e+11 7.56203e+11 1.45118e+12 2.97647e+12 4.45465e+12
79 0 6.64344e+10 1.08546e+11 2.77099e+11 2.5434e+11 2.22998e+11 7.4208e+11 1.43106e+12 2.97236e+12 4.45223e+12
80 0 6.6285e+10 1.08783e+11 2.35581e+11 2.76847e+11 2.2495e+11 7.43564e+11 1.41085e+12 2.96768e+12 4.44999e+12
81 0 4.74268e+10 1.08929e+11 3.01981e+11 2.70527e+11 2.45835e+11 7.59976e+11 1.39175e+12 2.96249e+12 4.44779e+12
82 0 5.97103e+10 1.08843e+11 1.97357e+11 2.61696e+11 2.07958e+11 7.84345e+11 1.375e+12 2.9568e+12 4.44551e+12
84 0 6.95879e+10 1.08609e+11 3.1586e+11 2.84672e+11 2.46225e+11 8.07672e+11 1.3617e+12 2.95056e+12 4.44307e+12
85 0 5.43847e+10 1.08446e+11 1.73493e+11 2.44805e+11 2.24226e+11 8.22703e+11 1.35264e+12 2.94371e+12 4.44047e+12
86 0 5.13945e+10 1.08514e+11 3.18327e+11 2.96738e+11 2.23747e+11 8.25405e+11 1.34833e+12 2.93621e+12 4.43776e+12
87 0 6.88391e+10 1.08747e+11 1.83563e+11 2.27198e+11 2.46466e+11 8.15012e+11 1.34923e+12 2.92805e+12 4.43503e+12
88 0 6.25026e+10 1.08922e+11 3.09491e+11 3.06514e+11 2.07969e+11 7.94148e+11 1.35552e+12 2.91923e+12 4.43238e+12
89 0 4.64266e+10 1.0887e+11 2.18328e+11 2.10273e+11 2.45581e+11 7.68935e+11 1.36684e+12 2.90979e+12 4.42993e+12
90 0 6.41431e+10 1.08646e+11 2.89424e+11 3.13732e+11 2.25422e+11 7.48132e+11 1.38235e+12 2.89983e+12 4.42778e+12
92 0 6.80553e+10 1.08458e+11 2.56412e+11 1.95844e+11 2.22536e+11 7.40202e+11 1.40092e+12 2.88949e+12 4.42597e+12
93 0 4.96414e+10 1.08489e+11 2.58887e+11 3.18447e+11 2.47016e+11 7.48697e+11 1.42129e+12 2.87898e+12 4.42445e+12
94 0 5.64266e+10 1.08705e+11 2.8762e+11 1.86238e+11 2.08161e+11 7.69862e+11 1.44216e+12 2.86846e+12 4.42309e+12
95 0 6.97821e+10 1.08905e+11 2.21207e+11 3.20566e+11 2.44938e+11 7.95146e+11 1.46232e+12 2.85804e+12 4.42177e+12
96 0 5.77344e+10 1.08895e+11 3.08411e+11 1.83967e+11 2.2664e+11 8.15799e+11 1.48068e+12 2.84776e+12 4.4204e+12
97 0 4.86581e+10 1.08686e+11 1.85529e+11 3.19983e+11 2.2148e+11 8.25711e+11 1.49634e+12 2.83767e+12 4.41894e+12
98 0 6.74324e+10 1.08475e+11 3.18071e+11 1.89361e+11 2.47533e+11 8.22245e+11 1.5086e+12 2.82777e+12 4.41743e+12
100 0 6.51039e+10 1.08468e+11 1.7294e+11 3.16868e+11 2.08258e+11 8.06284e+11 1.51694e+12 2.81808e+12 4.41592e+12
101 0 4.67087e+10 1.08667e+11 3.16395e+11 2.01084e+11 2.4429e+11 7.82241e+11 1.52104e+12 2.80858e+12 4.41451e+12
102 0 6.13614e+10 1.08884e+11 1.94887e+11 3.1115e+11 2.27723e+11 7.57786e+11 1.52071e+12 2.7993e+12 4.4133e+12
103 0 6.92217e+10 1.08911e+11 3.03272e+11 2.16813e+11 2.20425e+11 7.4213e+11 1.51594e+12 2.79028e+12 4.41242e+12
104 0 5.26259e+10 1.08728e+11 2.32922e+11 3.02807e+11 2.47946e+11 7.42039e+11 1.50684e+12 2.78163e+12 4.41192e+12
105 0 5.30892e+10 1.08502e+11 2.79158e+11 2.34414e+11 2.08519e+11 7.57622e+11 1.49366e+12 2.77353e+12 4.41177e+12
106 0 6.93363e+10 1.08452e+11 2.69215e+11 2.92217e+11 2.43573e+11 7.82187e+11 1.47696e+12 2.76616e+12 4.41185e+12
108 0 6.09298e+10 1.08626e+11 2.45476e+11 2.51682e+11 2.28835e+11 8.06393e+11 1.45766e+12 2.75966e+12 4.41203e+12
109 0 4.68626e+10 1.08858e+11 2.96589e+11 2.79111e+11 2.19366e+11 8.22454e+11 1.43683e+12 2.75413e+12 4.4122e+12
110 0 6.54342e+10 1.08926e+11 2.06679e+11 2.68057e+11 2.48326e+11 8.25904e+11 1.41564e+12 2.7496e+12 4.41231e+12
111 0 6.71822e+10 1.08764e+11 3.13352e+11 2.6399e+11 2.08782e+11 8.15856e+11 1.39535e+12 2.74611e+12 4.41235e+12
112 0 4.83342e+10 1.08529e+11 1.76765e+11 2.82711e+11 2.4289e+11 7.9499e+11 1.37723e+12 2.74362e+12 4.41235e+12
113 0 5.82034e+10 1.08444e+11 3.188e+11 2.4735e+11 2.29904e+11 7.6949e+11 1.36252e+12 2.74211e+12 4.41239e+12
114 0 6.97583e+10 1.08589e+11 1.7766e+11 2.95133e+11 2.18513e+11 7.48229e+11 1.3523e+12 2.74149e+12 4.41257e+12
116 0 5.59492e+10 1.08825e+11 3.12748e+11 2.2977e+11 2.48681e+11 7.39846e+11 1.34737e+12 2.74168e+12 4.41303e+12
117 0 5.00299e+10 1.08929e+11 2.08597e+11 3.05246e+11 2.09178e+11 7.48092e+11 1.3481e+12 2.74263e+12 4.41383e+12
118 0 6.82581e+10 1.08802e+11 2.95551e+11 2.12582e+11 2.4224e+11 7.69272e+11 1.35446e+12 2.74436e+12 4.41498e+12
119 0 6.37767e+10 1.08563e+11 2.47275e+11 3.12911e+11 2.30867e+11 7.94763e+11 1.36595e+12 2.74696e+12 4.41635e+12
120 0 4.63783e+10 1.0844e+11 2.67524e+11 1.97748e+11 2.17661e+11 8.15683e+11 1.38169e+12 2.75049e+12 4.41783e+12
121 0 6.28992e+10 1.08554e+11 2.80598e+11 3.17895e+11 2.4894e+11 8.2582e+11 1.40057e+12 2.75498e+12 4.41932e+12
122 0 6.86769e+10 1.08792e+11 2.30908e+11 1.87326e+11 2.09516e+11 8.22479e+11 1.42131e+12 2.76045e+12 4.42075e+12
124 0 5.09672e+10 1.08928e+11 3.04241e+11 3.20396e+11 2.41602e+11 8.06518e+11 1.4426e+12 2.76688e+12 4.42208e+12
125 0 5.48552e+10 1.08832e+11 1.93146e+11 1.83733e+11 2.31739e+11 7.82394e+11 1.46314e+12 2.7742e+12 4.42332e+12
126 0 6.96533e+10 1.086e+11 3.16756e+11 3.20221e+11 2.16885e+11 7.57874e+11 1.48171e+12 2.78233e+12 4.42454e+12
127 0 5.92619e+10 1.08447e+11 1.72696e+11 1.87988e+11 2.49114e+11 7.42261e+11 1.49728e+12 2.79113e+12 4.42585e+12
128 0 4.76753e+10 1.08523e+11 3.17844e+11 3.17038e+11 2.09918e+11 7.42215e+11 1.5092e+12 2.8004e+12 4.42739e+12
129 0 6.65682e+10 1.08754e+11 1.87082e+11 1.98815e+11 2.40874e+11 7.57689e+11 1.51709e+12 2.80997e+12 4.42927e+12
130 0 6.61462e+10 1.08922e+11 3.07673e+11 3.10139e+11 2.32647e+11 7.82014e+11 1.52069e+12 2.81971e+12 4.43147e+12
132 0 4.73186e+10 1.08862e+11 2.23116e+11 2.1661e+11 2.16085e+11 8.06015e+11 1.51988e+12 2.82957e+12 4.43393e+12
133 0 5.99196e+10 1.08637e+11 2.8619e+11 3.0092e+11 2.4934e+11 8.2203e+11 1.51469e+12 2.83954e+12 4.43654e+12
134 0 6.95521e+10 1.08456e+11 2.6076e+11 2.36125e+11 2.10308e+11 8.25615e+11 1.50533e+12 2.84961e+12 4.43919e+12
135 0 5.41638e+10 1.08496e+11 2.54511e+11 2.88663e+11 2.40257e+11 8.15861e+11 1.49216e+12 2.85978e+12 4.44178e+12
0 0 5.15969e+10 1.08715e+11 2.9079e+11 2.55283e+11 2.33526e+11 7.95355e+11 1.47576e+12 2.87005e+12 4.44427e+12
1 0 6.89087e+10 1.08907e+11 2.16221e+11 2.73686e+11 2.15362e+11 7.70157e+11 1.4569e+12 2.88038e+12 4.44662e+12
2 0 6.23171e+10 1.08886e+11 3.10267e+11 2.72744e+11 2.49509e+11 7.4897e+11 1.43654e+12 2.89073e+12 4.44887e+12
3 0 4.64586e+10 1.08677e+11 1.82144e+11 2.56236e+11 2.10786e+11 7.40335e+11 1.41578e+12 2.901e+12 4.45113e+12
5 0 6.43078e+10 1.08473e+11 3.18529e+11 2.87918e+11 2.39535e+11 7.48067e+11 1.39587e+12 2.91103e+12 4.45355e+12
6 0 6.79579e+10 1.08474e+11 1.73919e+11 2.37264e+11 2.34376e+11 7.68702e+11 1.37808e+12 2.92062e+12 4.45624e+12
7 0 4.94715e+10 1.08674e+11 3.15415e+11 3.0036e+11 2.14667e+11 7.93857e+11 1.36362e+12 2.92962e+12 4.4592e+12
8 0 5.66418e+10 1.08887e+11 1.99218e+11 2.18028e+11 2.49634e+11 8.14794e+11 1.35349e+12 2.93793e+12 4.46239e+12
9 0 6.97894e+10 1.08906e+11 3.0086e+11 3.09665e+11 2.1125e+11 8.25399e+11 1.34827e+12 2.94551e+12 4.46569e+12
10 0 5.75222e+10 1.08717e+11 2.37792e+11 2.00482e+11 2.38844e+11 8.22963e+11 1.34816e+12 2.95237e+12 4.46902e+12
11 0 4.8809e+10 1.08496e+11 2.75399e+11 3.15978e+11 2.35162e+11 8.08068e+11 1.35326e+12 2.95852e+12 4.47225e+12
13 0 6.75386e+10 1.08458e+11 2.73176e+11 1.87933e+11 2.14035e+11 7.84669e+11 1.36342e+12 2.964e+12 4.47531e+12
14 0 6.49547e+10 1.08637e+11 2.40648e+11 3.19073e+11 2.497e+11 7.60051e+11 1.37797e+12 2.96888e+12 4.47814e+12
15 0 4.66482e+10 1.08861e+11 2.99354e+11 1.8361e+11 2.11734e+11 7.43316e+11 1.39589e+12 2.97322e+12 4.48074e+12
16 0 6.15472e+10 1.08919e+11 2.01947e+11 3.18915e+11 2.3806e+11 7.41581e+11 1.41593e+12 2.97702e+12 4.48323e+12
17 0 6.91661e+10 1.08755e+11 3.14715e+11 1.88751e+11 2.36066e+11 7.55651e+11 1.4368e+12 2.98022e+12 4.48574e+12
18 0 5.24266e+10 1.08525e+11 1.7474e+11 3.15614e+11 2.13247e+11 7.79442e+11 1.45727e+12 2.9827e+12 4.48839e+12
19 0 5.32899e+10 1.08447e+11 3.18726e+11 2.01688e+11 2.49841e+11 8.0386e+11 1.47621e+12 2.98435e+12 4.49123e+12
20 0 6.93825e+10 1.08597e+11 1.80298e+11 3.08998e+11 2.12297e+11 8.20959e+11 1.49266e+12 2.98507e+12 4.49423e+12
22 0 6.07429e+10 1.08831e+11 3.11251e+11 2.19556e+11 2.37326e+11 8.2593e+11 1.50587e+12 2.98481e+12 4.49731e+12
23 0 4.69383e+10 1.08925e+11 2.13362e+11 2.99262e+11 2.36879e+11 8.17466e+11 1.51527e+12 2.98356e+12 4.50038e+12
24 0 6.55716e+10 1.0879e+11 2.92586e+11 2.39051e+11 2.12651e+11 7.97783e+11 1.52047e+12 2.98134e+12 4.50334e+12
25 0 6.70726e+10 1.08555e+11 2.51887e+11 2.86565e+11 2.49852e+11 7.7259e+11 1.52129e+12 2.97822e+12 4.50609e+12
26 0 4.82043e+10 1.08443e+11 2.63356e+11 2.58001e+11 2.12918e+11 7.50441e+11 1.51767e+12 2.97432e+12 4.50856e+12
27 0 5.84006e+10 1.08563e+11 2.84146e+11 2.71021e+11 2.36529e+11 7.40169e+11 1.50973e+12 2.96977e+12 4.51074e+12
28 0 6.97434e+10 1.08796e+11 2.25993e+11 2.75279e+11 2.3766e+11 7.46361e+11 1.49769e+12 2.96468e+12 4.51273e+12
30 0 5.57475e+10 1.08925e+11 3.06451e+11 2.53312e+11 2.12048e+11 7.66317e+11 1.48195e+12 2.95909e+12 4.51466e+12
31 0 5.01953e+10 1.08825e+11 1.8922e+11 2.9013e+11 2.49826e+11 7.91797e+11 1.46323e+12 2.953e+12 4.51668e+12
32 0 6.83385e+10 1.08592e+11 3.17548e+11 2.34142e+11 2.13549e+11 8.13685e+11 1.44262e+12 2.94635e+12 4.51883e+12
33 0 6.36211e+10 1.08446e+11 1.72509e+11 3.02e+11 2.35692e+11 8.25335e+11 1.4213e+12 2.93909e+12 4.52113e+12
34 0 4.63676e+10 1.08531e+11 3.17241e+11 2.14839e+11 2.38466e+11 8.23623e+11 1.40053e+12 2.93121e+12 4.52351e+12
35 0 6.3061e+10 1.08762e+11 1.90744e+11 3.1096e+11 2.11363e+11 8.08997e+11 1.38163e+12 2.92268e+12 4.5259e+12
36 0 6.86062e+10 1.0892e+11 3.05612e+11 1.97955e+11 2.49885e+11 7.85475e+11 1.36586e+12 2.91352e+12 4.5282e+12
38 0 5.07964e+10 1.08853e+11 2.27959e+11 3.1673e+11 2.14183e+11 7.60442e+11 1.35434e+12 2.90381e+12 4.53029e+12
39 0 5.50501e+10 1.0863e+11 2.82829e+11 1.86669e+11 2.34855e+11 7.43167e+11 1.34795e+12 2.89365e+12 4.53207e+12
40 0 6.96768e+10 1.08457e+11 2.64935e+11 3.1928e+11 2.39318e+11 7.41003e+11 1.34719e+12 2.88322e+12 4.53354e+12
41 0 5.90755e+10 1.08503e+11 2.50036e+11 1.83787e+11 2.10829e+11 7.54929e+11 1.35213e+12 2.87272e+12 4.53474e+12
42 0 4.77838e+10 1.08721e+11 2.93807e+11 3.18693e+11 2.49797e+11 7.78876e+11 1.36236e+12 2.86228e+12 4.53583e+12
43 0 6.668e+10 1.08907e+11 2.11575e+11 1.90251e+11 2.14906e+11 8.03609e+11 1.37711e+12 2.85199e+12 4.53692e+12
44 0 6.60258e+10 1.0888e+11 3.11869e+11 3.14811e+11 2.34013e+11 8.21039e+11 1.39529e+12 2.84187e+12 4.53809e+12
46 0 4.72291e+10 1.08667e+11 1.79305e+11 2.04298e+11 2.40064e+11 8.26238e+11 1.41568e+12 2.83196e+12 4.53934e+12
47 0 6.00973e+10 1.0847e+11 3.18742e+11 3.07766e+11 2.10328e+11 8.17843e+11 1.43697e+12 2.82224e+12 4.54066e+12
48 0 6.95186e+10 1.08481e+11 1.75494e+11 2.22462e+11 2.49675e+11 7.98062e+11 1.4579e+12 2.81271e+12 4.54198e+12
49 0 5.39774e+10 1.08683e+11 3.14243e+11 2.97617e+11 2.1561e+11 7.72661e+11 1.47725e+12 2.80338e+12 4.54319e+12
50 0 5.17688e+10 1.08887e+11 2.03677e+11 2.41885e+11 2.33147e+11 7.50349e+11 1.49394e+12 2.79427e+12 4.54416e+12
51 0 6.89668e+10 1.08898e+11 2.98327e+11 2.8418e+11 2.40766e+11 7.40073e+11 1.50708e+12 2.78544e+12 4.54479e+12
52 0 6.21577e+10 1.08709e+11 2.4245e+11 2.60893e+11 2.09806e+11 7.46335e+11 1.51619e+12 2.77703e+12 4.54504e+12
54 0 4.64907e+10 1.08495e+11 2.71694e+11 2.67556e+11 2.49533e+11 7.66258e+11 1.521e+12 2.76925e+12 4.54496e+12
55 0 6.44448e+10 1.08462e+11 2.76924e+11 2.7689e+11 2.16379e+11 7.91612e+11 1.52138e+12 2.76225e+12 4.54468e+12
56 0 6.78754e+10 1.08644e+11 2.36107e+11 2.46438e+11 2.32256e+11 8.13408e+11 1.51734e+12 2.75617e+12 4.54432e+12
57 0 4.93304e+10 1.08865e+11 3.01755e+11 2.93362e+11 2.41607e+11 8.25087e+11 1.50903e+12 2.75109e+12 4.54398e+12
58 0 5.68229e+10 1.08914e+11 1.97706e+11 2.24273e+11 2.09332e+11 8.23539e+11 1.49677e+12 2.74704e+12 4.5437e+12
59 0 6.9792e+10 1.08746e+11 3.15773e+11 3.05545e+11 2.49471e+11 8.09173e+11 1.48109e+12 2.74403e+12 4.54349e+12
60 0 5.73435e+10 1.08521e+11 1.73483e+11 2.03583e+11 2.17114e+11 7.8593e+11 1.46269e+12 2.74204e+12 4.54329e+12
62 0 4.89366e+10 1.08453e+11 3.18436e+11 3.13543e+11 2.31418e+11 7.61064e+11 1.44248e+12 2.74101e+12 4.54303e+12
63 0 6.76257e+10 1.08606e+11 1.83203e+11 1.88457e+11 2.4224e+11 7.43725e+11 1.42154e+12 2.74084e+12 4.54258e+12
64 0 6.48276e+10 1.08834e+11 3.09636e+11 3.17359e+11 2.09002e+11 7.41227e+11 1.40109e+12 2.74147e+12 4.54181e+12
65 0 4.66029e+10 1.08921e+11 2.17967e+11 1.83323e+11 2.49243e+11 7.54678e+11 1.38242e+12 2.74287e+12 4.54068e+12
66 0 6.17013e+10 1.08783e+11 2.89817e+11 3.1708e+11 2.17899e+11 7.78205e+11 1.3668e+12 2.74508e+12 4.53922e+12
67 0 6.91192e+10 1.0855e+11 2.56017e+11 1.90177e+11 2.30539e+11 8.02739e+11 1.35535e+12 2.74818e+12 4.53756e+12
68 0 5.22627e+10 1.08445e+11 2.59446e+11 3.12551e+11 2.42878e+11 8.20288e+11 1.34889e+12 2.75223e+12 4.53583e+12
70 0 5.34605e+10 1.0857e+11 2.87217e+11 2.0663e+11 2.08664e+11 8.26001e+11 1.34773e+12 2.75726e+12 4.53411e+12
71 0 6.94188e+10 1.08802e+11 2.21593e+11 3.03957e+11 2.49033e+11 8.18522e+11 1.35172e+12 2.76326e+12 4.53249e+12
72 0 6.0585e+10 1.08923e+11 3.08273e+11 2.27712e+11 2.18632e+11 7.99769e+11 1.36061e+12 2.7702e+12 4.53098e+12
73 0 4.70047e+10 1.08816e+11 1.85819e+11 2.91422e+11 2.29653e+11 7.7501e+11 1.37397e+12 2.77801e+12 4.52957e+12
74 0 6.56837e+10 1.08586e+11 3.18081e+11 2.49498e+11 2.43592e+11 7.52451e+11 1.39091e+12 2.78658e+12 4.52819e+12
75 0 6.69788e+10 1.08449e+11 1.72864e+11 2.75068e+11 2.08299e+11 7.40931e+11 1.41029e+12 2.79575e+12 4.52669e+12
76 0 4.80976e+10 1.08538e+11 3.16505e+11 2.69737e+11 2.48869e+11 7.45511e+11 1.43083e+12 2.80532e+12 4.52495e+12
78 0 5.85642e+10 1.08766e+11 1.94504e+11 2.55632e+11 2.19462e+11 7.64157e+11 1.4513e+12 2.81512e+12 4.52288e+12
79 0 6.97292e+10 1.08919e+11 3.03665e+11 2.87088e+11 2.28862e+11 7.89126e+11 1.47055e+12 2.82506e+12 4.52051e+12
80 0 5.55812e+10 1.08848e+11 2.32272e+11 2.3411e+11 2.44168e+11 8.11425e+11 1.48759e+12 2.8351e+12 4.51794e+12
81 0 5.03364e+10 1.08624e+11 2.79659e+11 3.00687e+11 2.0807e+11 8.24224e+11 1.50159e+12 2.84522e+12 4.51527e+12
82 0 6.84047e+10 1.08457e+11 2.68615e+11 2.12358e+11 2.48632e+11 8.24051e+11 1.51193e+12 2.85544e+12 4.51262e+12
83 0 6.34899e+10 1.0851e+11 2.45972e+11 3.10496e+11 2.20195e+11 8.10945e+11 1.51819e+12 2.86574e+12 4.51005e+12
84 0 4.63627e+10 1.08728e+11 2.96323e+11 1.94101e+11 2.28089e+11 7.88443e+11 1.52013e+12 2.87611e+12 4.50761e+12
86 0 6.31939e+10 1.08906e+11 2.07286e+11 3.16183e+11 2.44652e+11 7.63457e+11 1.51767e+12 2.88653e+12 4.50532e+12
87 0 6.85463e+10 1.08871e+11 3.13207e+11 1.84102e+11 2.07902e+11 7.4502e+11 1.51091e+12 2.89694e+12 4.50311e+12
88 0 5.06541e+10 1.08661e+11 1.77103e+11 3.1766e+11 2.48307e+11 7.40846e+11 1.50007e+12 2.90722e+12 4.50085e+12
89 0 5.52115e+10 1.08471e+11 3.18859e+11 1.85841e+11 2.20983e+11 7.52862e+11 1.4855e+12 2.9172e+12 4.4984e+12
90 0 6.96936e+10 1.08486e+11 1.77294e+11 3.15055e+11 2.27231e+11 7.7587e+11 1.46776e+12 2.92669e+12 4.49566e+12
91 0 5.89224e+10 1.08688e+11 3.13096e+11 1.98539e+11 2.45206e+11 8.00852e+11 1.44772e+12 2.93555e+12 4.49266e+12
92 0 4.78735e+10 1.08889e+11 2.07746e+11 3.08196e+11 2.07661e+11 8.19399e+11 1.42659e+12 2.94369e+12 4.48945e+12
94 0 6.67703e+10 1.08894e+11 2.9597e+11 2.18248e+11 2.48057e+11 8.26164e+11 1.40566e+12 2.95108e+12 4.48614e+12
95 0 6.5925e+10 1.08701e+11 2.46541e+11 2.97289e+11 2.21757e+11 8.19361e+11 1.38626e+12 2.95771e+12 4.48284e+12
96 0 4.71592e+10 1.08491e+11 2.68174e+11 2.40216e+11 2.26413e+11 8.00778e+11 1.36968e+12 2.96363e+12 4.47965e+12
97 0 6.0241e+10 1.08469e+11 2.80096e+11 2.82575e+11 2.45723e+11 7.75746e+11 1.35708e+12 2.96886e+12 4.47663e+12
98 0 6.94913e+10 1.08652e+11 2.31829e+11 2.61334e+11 2.0757e+11 7.52625e+11 1.34941e+12 2.97347e+12 4.47384e+12
99 0 5.38267e+10 1.08866e+11 3.03849e+11 2.64329e+11 2.47691e+11 7.40493e+11 1.34724e+12 2.97751e+12 4.47123e+12
100 0 5.19121e+10 1.08909e+11 1.9389e+11 2.80007e+11 2.22597e+11 7.44696e+11 1.35076e+12 2.98097e+12 4.46868e+12
102 0 6.90118e+10 1.0874e+11 3.16657e+11 2.43513e+11 2.25572e+11 7.63343e+11 1.35967e+12 2.98377e+12 4.46605e+12
103 0 6.2028e+10 1.08518e+11 1.72672e+11 2.95365e+11 2.46204e+11 7.88611e+11 1.37327e+12 2.98579e+12 4.46326e+12
104 0 4.65188e+10 1.08455e+11 3.18057e+11 2.21714e+11 2.07485e+11 8.11337e+11 1.39054e+12 2.98691e+12 4.46028e+12
105 0 6.45548e+10 1.08613e+11 1.86217e+11 3.0674e+11 2.47318e+11 8.24517e+11 1.4103e+12 2.98706e+12 4.45717e+12
106 0 6.78055e+10 1.08839e+11 3.08021e+11 2.01451e+11 2.23406e+11 8.24572e+11 1.43127e+12 2.98622e+12 4.45402e+12
107 0 4.9217e+10 1.08918e+11 2.22223e+11 3.1423e+11 2.24765e+11 8.11471e+11 1.45219e+12 2.98437e+12 4.45091e+12
108 0 5.69681e+10 1.08774e+11 2.8689e+11 1.87216e+11 2.4664e+11 7.88756e+11 1.47189e+12 2.98158e+12 4.44797e+12
110 0 6.97929e+10 1.08546e+11 2.59944e+11 3.17592e+11 2.07436e+11 7.63426e+11 1.48929e+12 2.97791e+12 4.44528e+12
111 0 5.71997e+10 1.08449e+11 2.55508e+11 1.83533e+11 2.46917e+11 7.4472e+11 1.50342e+12 2.9735e+12 4.44289e+12
112 0 4.90443e+10 1.08577e+11 2.90121e+11 3.16769e+11 2.24187e+11 7.40509e+11 1.51359e+12 2.96847e+12 4.44079e+12
113 0 6.76955e+10 1.08805e+11 2.17198e+11 1.91758e+11 2.23747e+11 7.52626e+11 1.51946e+12 2.96294e+12 4.43886e+12
114 0 6.47243e+10 1.08921e+11 3.09962e+11 3.11942e+11 2.47031e+11 7.75699e+11 1.52092e+12 2.95691e+12 4.43696e+12
115 0 4.657e+10 1.08811e+11 1.82869e+11 2.08634e+11 2.07404e+11 8.00672e+11 1.51795e+12 2.95035e+12 4.43498e+12
116 0 6.18259e+10 1.08581e+11 3.18494e+11 3.02934e+11 2.46265e+11 8.19239e+11 1.51069e+12 2.94323e+12 4.43287e+12
118 0 6.90793e+10 1.0845e+11 1.7366e+11 2.29904e+11 2.25272e+11 8.26099e+11 1.49942e+12 2.93549e+12 4.43066e+12
119 0 5.21292e+10 1.08545e+11 3.15677e+11 2.89988e+11 2.22711e+11 8.19477e+11 1.48463e+12 2.92712e+12 4.4284e+12
120 0 5.35981e+10 1.08773e+11 1.98194e+11 2.5166e+11 2.47538e+11 8.01117e+11 1.46694e+12 2.91812e+12 4.42619e+12
121 0 6.94459e+10 1.08917e+11 3.01593e+11 2.73404e+11 2.07502e+11 7.76268e+11 1.44723e+12 2.90852e+12 4.42413e+12
122 0 6.04573e+10 1.0884e+11 2.3651e+11 2.71581e+11 2.4566e+11 7.53184e+11 1.4265e+12 2.8984e+12 4.42232e+12
123 0 4.70603e+10 1.08619e+11 2.76485e+11 2.5348e+11 2.26342e+11 7.40862e+11 1.40597e+12 2.88792e+12 4.42086e+12
124 0 6.57738e+10 1.08458e+11 2.72069e+11 2.88602e+11 2.21648e+11 7.4468e+11 1.38688e+12 2.87726e+12 4.41971e+12
126 0 6.6902e+10 1.08515e+11 2.41985e+11 2.30883e+11 2.47992e+11 7.62894e+11 1.37053e+12 2.8666e+12 4.41879e+12
127 0 4.80145e+10 1.08734e+11 2.98697e+11 3.01968e+11 2.07653e+11 7.87859e+11 1.35808e+12 2.85607e+12 4.41795e+12
128 0 5.86944e+10 1.08907e+11 2.03431e+11 2.10542e+11 2.45043e+11 8.10507e+11 1.35049e+12 2.84573e+12 4.41709e+12
129 0 6.97177e+10 1.08867e+11 3.14412e+11 3.04767e+11 2.27423e+11 8.23897e+11 1.34828e+12 2.83562e+12 4.41614e+12
130 0 5.54472e+10 1.08653e+11 1.75422e+11 1.89448e+11 2.20603e+11 8.24502e+11 1.35142e+12 2.82574e+12 4.41509e+12
131 0 5.04503e+10 1.08469e+11 3.18849e+11 3.12965e+11 2.48355e+11 8.12298e+11 1.35943e+12 2.81611e+12 4.41399e+12
132 0 6.84555e+10 1.08492e+11 1.79296e+11 1.8626e+11 2.07796e+11 7.90557e+11 1.37171e+12 2.80671e+12 4.4129e+12
134 0 6.3386e+10 1.08697e+11 3.11987e+11 3.11761e+11 2.44228e+11 7.65756e+11 1.38758e+12 2.79757e+12 4.41194e+12
135 0 4.63601e+10 1.0889e+11 2.11457e+11 1.9677e+11 2.2855e+11 7.46669e+11 1.40604e+12 2.78869e+12 4.41124e+12
0 0 6.32978e+10 1.08888e+11 2.93812e+11 3.05335e+11 2.19408e+11 7.41146e+11 1.42588e+12 2.78017e+12 4.41089e+12
1 0 6.84969e+10 1.08694e+11 2.5009e+11 2.1646e+11 2.48782e+11 7.51668e+11 1.44592e+12 2.77216e+12 4.41092e+12
2 0 5.05436e+10 1.0849e+11 2.65236e+11 2.942e+11 2.08136e+11 7.73621e+11 1.46502e+12 2.76484e+12 4.41125e+12
3 0 5.53361e+10 1.08472e+11 2.8278e+11 2.39238e+11 2.43413e+11 7.98337e+11 1.48216e+12 2.75836e+12 4.41175e+12
4 0 6.97066e+10 1.08658e+11 2.28372e+11 2.78366e+11 2.29777e+11 8.17465e+11 1.49651e+12 2.75282e+12 4.41231e+12
5 0 5.88016e+10 1.0887e+11 3.05499e+11 2.61416e+11 2.18259e+11 8.25447e+11 1.50741e+12 2.74828e+12 4.41284e+12
6 0 4.79479e+10 1.08905e+11 1.91036e+11 2.58586e+11 2.49158e+11 8.20175e+11 1.51439e+12 2.74477e+12 4.41332e+12
8 0 6.68402e+10 1.08732e+11 3.17286e+11 2.80737e+11 2.08494e+11 8.03012e+11 1.51718e+12 2.74227e+12 4.41374e+12
9 0 6.58463e+10 1.08514e+11 1.72426e+11 2.36184e+11 2.42571e+11 7.78807e+11 1.51567e+12 2.74077e+12 4.41416e+12
10 0 4.71079e+10 1.0846e+11 3.17704e+11 2.95925e+11 2.3096e+11 7.55454e+11 1.50992e+12 2.74019e+12 4.41468e+12
11 0 6.03537e+10 1.0862e+11 1.88722e+11 2.1353e+11 2.17187e+11 7.4192e+11 1.50015e+12 2.74045e+12 4.41543e+12
12 0 6.9468e+10 1.08842e+11 3.06735e+11 3.0652e+11 2.49492e+11 7.44079e+11 1.48673e+12 2.74148e+12 4.41652e+12
13 0 5.37088e+10 1.08914e+11 2.25532e+11 1.94798e+11 2.08962e+11 7.61021e+11 1.47015e+12 2.74329e+12 4.41798e+12
14 0 5.20218e+10 1.08768e+11 2.84877e+11 3.12304e+11 2.41646e+11 7.85654e+11 1.45107e+12 2.74594e+12 4.41977e+12
16 0 6.90457e+10 1.08542e+11 2.62662e+11 1.86063e+11 2.32159e+11 8.0886e+11 1.43054e+12 2.7495e+12 4.42174e+12
17 0 6.19259e+10 1.08451e+11 2.52786e+11 3.13042e+11 2.16074e+11 8.23285e+11 1.40986e+12 2.75401e+12 4.4238e+12
18 0 4.65436e+10 1.08584e+11 2.92059e+11 1.90776e+11 2.49737e+11 8.2492e+11 1.39039e+12 2.75949e+12 4.42584e+12
19 0 6.46396e+10 1.08811e+11 2.1433e+11 3.08841e+11 2.095e+11 8.13334e+11 1.37342e+12 2.76593e+12 4.4278e+12
20 0 6.77506e+10 1.08919e+11 3.11033e+11 2.0691e+11 2.4072e+11 7.91635e+11 1.36017e+12 2.77328e+12 4.42964e+12
21 0 4.91319e+10 1.08802e+11 1.80961e+11 2.99749e+11 2.33329e+11 7.66394e+11 1.35159e+12 2.78146e+12 4.4314e+12
22 0 5.7082e+10 1.08576e+11 3.18731e+11 2.2887e+11 2.1506e+11 7.46583e+11 1.34835e+12 2.79035e+12 4.43315e+12
24 0 6.97935e+10 1.08452e+11 1.74437e+11 2.85813e+11 2.49912e+11 7.40392e+11 1.35068e+12 2.79976e+12 4.43503e+12
25 0 5.70871e+10 1.08552e+11 3.15123e+11 2.51885e+11 2.10141e+11 7.50607e+11 1.35838e+12 2.80951e+12 4.43716e+12
26 0 4.91283e+10 1.08777e+11 2.00786e+11 2.67806e+11 2.39694e+11 7.72712e+11 1.37085e+12 2.81945e+12 4.43958e+12
27 0 6.77481e+10 1.08916e+11 3.00264e+11 2.72652e+11 2.34515e+11 7.97893e+11 1.38714e+12 2.8295e+12 4.44227e+12
28 0 6.46441e+10 1.08835e+11 2.39173e+11 2.46278e+11 2.14129e+11 8.17566e+11 1.4061e+12 2.83963e+12 4.44512e+12
29 0 4.6545e+10 1.08611e+11 2.74417e+11 2.89725e+11 2.50084e+11 8.25991e+11 1.42649e+12 2.84984e+12 4.44802e+12
30 0 6.19208e+10 1.08457e+11 2.74265e+11 2.23143e+11 2.10835e+11 8.20927e+11 1.44708e+12 2.86014e+12 4.45088e+12
32 0 6.90474e+10 1.08523e+11 2.39398e+11 3.02471e+11 2.38807e+11 8.03685e+11 1.46672e+12 2.87051e+12 4.45362e+12
33 0 5.20284e+10 1.08742e+11 3.00135e+11 2.02024e+11 2.35584e+11 7.79116e+11 1.48436e+12 2.88093e+12 4.45619e+12
34 0 5.37008e+10 1.08907e+11 2.00898e+11 3.10367e+11 2.13243e+11 7.55265e+11 1.49907e+12 2.89138e+12 4.45858e+12
35 0 6.94665e+10 1.08859e+11 3.1506e+11 1.88309e+11 2.50165e+11 7.41365e+11 1.51004e+12 2.90179e+12 4.46088e+12
36 0 6.03597e+10 1.08647e+11 1.74461e+11 3.13296e+11 2.1156e+11 7.43483e+11 1.51676e+12 2.912e+12 4.46323e+12
37 0 4.71043e+10 1.08469e+11 3.18787e+11 1.87068e+11 2.3779e+11 7.60596e+11 1.51906e+12 2.92185e+12 4.46575e+12
38 0 6.58401e+10 1.08496e+11 1.80815e+11 3.11253e+11 2.36658e+11 7.85396e+11 1.51695e+12 2.93114e+12 4.46852e+12
40 0 6.68457e+10 1.08703e+11 3.11095e+11 1.98931e+11 2.12418e+11 8.08719e+11 1.51057e+12 2.93977e+12 4.47153e+12
41 0 4.79538e+10 1.08893e+11 2.1417e+11 3.04138e+11 2.50222e+11 8.23262e+11 1.50018e+12 2.94766e+12 4.4747e+12
42 0 5.87925e+10 1.08884e+11 2.92148e+11 2.19322e+11 2.12303e+11 8.25058e+11 1.48622e+12 2.95481e+12 4.47794e+12
43 0 6.97075e+10 1.08686e+11 2.52677e+11 2.92212e+11 2.36809e+11 8.13652e+11 1.4693e+12 2.96123e+12 4.48115e+12
44 0 5.53486e+10 1.08486e+11 2.62767e+11 2.42412e+11 2.37644e+11 7.92117e+11 1.4502e+12 2.96695e+12 4.48422e+12
45 0 5.05329e+10 1.08478e+11 2.84767e+11 2.75798e+11 2.11673e+11 7.66941e+11 1.42991e+12 2.97202e+12 4.48709e+12
46 0 6.84921e+10 1.08666e+11 2.25513e+11 2.64342e+11 2.50194e+11 7.47024e+11 1.40956e+12 2.9765e+12 4.48972e+12
48 0 6.33078e+10 1.08871e+11 3.06752e+11 2.55438e+11 2.1319e+11 7.40536e+11 1.39042e+12 2.98041e+12 4.49219e+12
49 0 4.63602e+10 1.089e+11 1.88675e+11 2.83171e+11 2.35878e+11 7.50356e+11 1.37373e+12 2.98373e+12 4.49461e+12
50 0 6.33729e+10 1.08725e+11 3.17739e+11 2.32744e+11 2.38634e+11 7.72117e+11 1.36069e+12 2.98632e+12 4.49712e+12
51 0 6.8461e+10 1.08511e+11 1.72365e+11 2.97815e+11 2.11094e+11 7.9711e+11 1.3523e+12 2.98808e+12 4.49982e+12
52 0 5.04639e+10 1.08462e+11 3.17302e+11 2.10352e+11 2.50207e+11 8.16814e+11 1.34922e+12 2.98888e+12 4.50269e+12
53 0 5.54302e+10 1.08627e+11 1.91026e+11 3.07656e+11 2.13887e+11 8.25508e+11 1.35161e+12 2.98868e+12 4.5057e+12
54 0 6.97155e+10 1.08847e+11 3.055e+11 1.92746e+11 2.3503e+11 8.21006e+11 1.3591e+12 2.98744e+12 4.50875e+12
56 0 5.87135e+10 1.0891e+11 2.28393e+11 3.127e+11 2.39434e+11 8.04609e+11 1.37087e+12 2.9852e+12 4.51173e+12
57 0 4.80031e+10 1.08758e+11 2.82701e+11 1.85846e+11 2.10571e+11 7.80922e+11 1.38603e+12 2.982e+12 4.51454e+12
58 0 6.68902e+10 1.08537e+11 2.65281e+11 3.12733e+11 2.5011e+11 7.57475e+11 1.40372e+12 2.97796e+12 4.51708e+12
59 0 6.57881e+10 1.08455e+11 2.49924e+11 1.92625e+11 2.14661e+11 7.43075e+11 1.42286e+12 2.97321e+12 4.51929e+12
60 0 4.70705e+10 1.08591e+11 2.93952e+11 3.07758e+11 2.34126e+11 7.43881e+11 1.44232e+12 2.96787e+12 4.52121e+12
61 0 6.04347e+10 1.08815e+11 2.11208e+11 2.10139e+11 2.40219e+11 7.59539e+11 1.461e+12 2.96203e+12 4.52297e+12
62 0 6.94502e+10 1.08916e+11 3.12095e+11 2.98016e+11 2.1003e+11 7.83415e+11 1.47791e+12 2.95569e+12 4.52471e+12
64 0 5.36241e+10 1.08796e+11 1.79178e+11 2.32362e+11 2.49987e+11 8.06606e+11 1.4922e+12 2.94881e+12 4.52651e+12
65 0 5.21023e+10 1.08569e+11 3.18861e+11 2.8348e+11 2.15426e+11 8.21748e+11 1.5032e+12 2.94133e+12 4.52842e+12
66 0 6.90704e+10 1.08453e+11 1.75489e+11 2.5509e+11 2.3323e+11 8.24632e+11 1.51042e+12 2.93324e+12 4.53042e+12
67 0 6.18515e+10 1.08559e+11 3.14312e+11 2.64798e+11 2.40999e+11 8.14505e+11 1.51356e+12 2.9245e+12 4.53243e+12
68 0 4.65627e+10 1.08784e+11 2.03722e+11 2.75424e+11 2.09524e+11 7.94065e+11 1.51251e+12 2.91515e+12 4.53437e+12
69 0 6.46992e+10 1.08914e+11 2.985e+11 2.43006e+11 2.49907e+11 7.69391e+11 1.50732e+12 2.90521e+12 4.53613e+12
70 0 6.7712e+10 1.08827e+11 2.42378e+11 2.91889e+11 2.16213e+11 7.49065e+11 1.49821e+12 2.8948e+12 4.5376e+12
72 0 4.9071e+10 1.08605e+11 2.71771e+11 2.19973e+11 2.32323e+11 7.41303e+11 1.48555e+12 2.88409e+12 4.53871e+12
73 0 5.71627e+10 1.08458e+11 2.76839e+11 3.03914e+11 2.41775e+11 7.49563e+11 1.46986e+12 2.87325e+12 4.53949e+12
74 0 6.97924e+10 1.08527e+11 2.36171e+11 1.9945e+11 2.09094e+11 7.70249e+11 1.45176e+12 2.86247e+12 4.54005e+12
75 0 5.70099e+10 1.08747e+11 3.01867e+11 3.11146e+11 2.49721e+11 7.95103e+11 1.43206e+12 2.85185e+12 4.54054e+12
76 0 4.91846e+10 1.08908e+11 1.97896e+11 1.87207e+11 2.17026e+11 8.15477e+11 1.41192e+12 2.84144e+12 4.54106e+12
77 0 6.77843e+10 1.08854e+11 3.15812e+11 3.13268e+11 2.31439e+11 8.25238e+11 1.39274e+12 2.83127e+12 4.54167e+12
78 0 6.45875e+10 1.0864e+11 1.73514e+11 1.8794e+11 2.42467e+11 8.21735e+11 1.37585e+12 2.82136e+12 4.54237e+12
80 0 4.65287e+10 1.08467e+11 3.18538e+11 3.10207e+11 2.08719e+11 8.0586e+11 1.36248e+12 2.81169e+12 4.54313e+12
81 0 6.19838e+10 1.08503e+11 1.83005e+11 2.01801e+11 2.49494e+11 7.82045e+11 1.35361e+12 2.80229e+12 4.54387e+12
82 0 6.90262e+10 1.0871e+11 3.09889e+11 3.01377e+11 2.17824e+11 7.57933e+11 1.34991e+12 2.79316e+12 4.54447e+12
83 0 5.19604e+10 1.08892e+11 2.17559e+11 2.23895e+11 2.30527e+11 7.42642e+11 1.35165e+12 2.78433e+12 4.54482e+12
84 0 5.37731e+10 1.08877e+11 2.89966e+11 2.87263e+11 2.43116e+11 7.42753e+11 1.35867e+12 2.77593e+12 4.54481e+12
85 0 6.94795e+10 1.08679e+11 2.55821e+11 2.5179e+11 2.083e+11 7.58231e+11 1.37041e+12 2.76813e+12 4.54447e+12
86 0 6.02957e+10 1.08485e+11 2.59748e+11 2.77707e+11 2.49249e+11 7.82442e+11 1.38598e+12 2.7611e+12 4.54387e+12
87 0 4.71338e+10 1.08481e+11 2.8716e+11 2.64573e+11 2.18684e+11 8.06269e+11 1.40425e+12 2.75499e+12 4.54317e+12
89 0 6.58847e+10 1.08672e+11 2.21833e+11 2.66057e+11 2.29534e+11 8.22084e+11 1.42402e+12 2.74988e+12 4.54245e+12
90 0 6.68065e+10 1.08873e+11 3.08228e+11 2.76319e+11 2.43893e+11 8.2547e+11 1.44408e+12 2.74582e+12 4.54179e+12
