0 0 6.98e+10 1.089e+11 1.521e+11 1.52498e+11 2.492e+11 7.406e+11 1.5145e+12 2.7413e+12 4.5457e+12
10000 0 5.71292e+10 1.08795e+11 1.515e+11 1.51312e+11 2.13095e+11 7.48815e+11 1.51227e+12 2.74167e+12 4.5455e+12
20000 0 4.90823e+10 1.08588e+11 1.50064e+11 1.49858e+11 2.36246e+11 7.69751e+11 1.50575e+12 2.74282e+12 4.54497e+12
30000 0 6.77235e+10 1.0847e+11 1.48686e+11 1.49067e+11 2.37261e+11 7.9487e+11 1.49535e+12 2.74483e+12 4.54421e+12
40000 0 6.46999e+10 1.08555e+11 1.48296e+11 1.48106e+11 2.12333e+11 8.15437e+11 1.48156e+12 2.74778e+12 4.54336e+12
50000 0 4.65535e+10 1.0877e+11 1.49147e+11 1.4898e+11 2.49197e+11 8.25367e+11 1.46504e+12 2.75172e+12 4.5425e+12
60000 0 6.18484e+10 1.08896e+11 1.50654e+11 1.51022e+11 2.13861e+11 8.22034e+11 1.44656e+12 2.75666e+12 4.54171e+12
70000 0 6.90814e+10 1.08828e+11 1.51871e+11 1.51709e+11 2.35276e+11 8.06325e+11 1.42707e+12 2.76258e+12 4.54099e+12
80000 0 5.21205e+10 1.08617e+11 1.52016e+11 1.51827e+11 2.38191e+11 7.82623e+11 1.40766e+12 2.76944e+12 4.54032e+12
90000 0 5.35938e+10 1.08472e+11 1.51006e+11 1.51364e+11 2.11683e+11 7.5851e+11 1.38949e+12 2.77715e+12 4.53961e+12
100000 0 6.94517e+10 1.0853e+11 1.49478e+11 1.49381e+11 2.491e+11 7.43048e+11 1.37377e+12 2.78556e+12 4.53875e+12
110000 0 6.0472e+10 1.0873e+11 1.48395e+11 1.4817e+11 2.1471e+11 7.42845e+11 1.36163e+12 2.7945e+12 4.5376e+12
120000 0 4.70445e+10 1.08892e+11 1.48487e+11 1.48831e+11 2.34227e+11 7.57973e+11 1.35398e+12 2.80378e+12 4.5361e+12
130000 0 6.57622e+10 1.08853e+11 1.49693e+11 1.49648e+11 2.39136e+11 7.81923e+11 1.35144e+12 2.81328e+12 4.53428e+12
140000 0 6.69249e+10 1.08658e+11 1.51214e+11 1.50946e+11 2.11039e+11 8.05638e+11 1.35424e+12 2.82295e+12 4.53227e+12
150000 0 4.80273e+10 1.08486e+11 1.52069e+11 1.52379e+11 2.48999e+11 8.21501e+11 1.36216e+12 2.83279e+12 4.53017e+12
160000 0 5.86607e+10 1.08501e+11 1.51745e+11 1.51804e+11 2.15572e+11 8.25094e+11 1.37459e+12 2.8428e+12 4.52809e+12
170000 0 6.97286e+10 1.08697e+11 1.50444e+11 1.50099e+11 2.33209e+11 8.15527e+11 1.39052e+12 2.85297e+12 4.5261e+12
180000 0 5.54891e+10 1.08872e+11 1.48954e+11 1.49208e+11 2.40016e+11 7.95445e+11 1.40864e+12 2.86328e+12 4.52424e+12
190000 0 5.04071e+10 1.08873e+11 1.48276e+11 1.48408e+11 2.10505e+11 7.70888e+11 1.42759e+12 2.87373e+12 4.5225e+12
200000 0 6.84448e+10 1.08693e+11 1.48854e+11 1.48461e+11 2.48812e+11 7.50295e+11 1.4463e+12 2.88426e+12 4.52082e+12
210000 0 6.34289e+10 1.08505e+11 1.50289e+11 1.50502e+11 2.16504e+11 7.41838e+11 1.46385e+12 2.89477e+12 4.51905e+12
220000 0 4.63524e+10 1.08492e+11 1.51658e+11 1.51852e+11 2.32138e+11 7.49202e+11 1.47941e+12 2.90509e+12 4.51706e+12
230000 0 6.32637e+10 1.08657e+11 1.52092e+11 1.51662e+11 2.40884e+11 7.69128e+11 1.49226e+12 2.91505e+12 4.51477e+12
240000 0 6.85225e+10 1.08857e+11 1.51324e+11 1.5145e+11 2.0999e+11 7.93558e+11 1.50182e+12 2.92447e+12 4.51218e+12
250000 0 5.058e+10 1.08885e+11 1.49826e+11 1.50102e+11 2.48596e+11 8.13973e+11 1.50766e+12 2.93325e+12 4.50939e+12
260000 0 5.52912e+10 1.08725e+11 1.48559e+11 1.48122e+11 2.17447e+11 8.24273e+11 1.50952e+12 2.94136e+12 4.50649e+12
270000 0 6.97109e+10 1.08526e+11 1.48342e+11 1.4841e+11 2.31072e+11 8.21698e+11 1.5073e+12 2.94877e+12 4.50359e+12
280000 0 5.88421e+10 1.08474e+11 1.49332e+11 1.49645e+11 2.41708e+11 8.06921e+11 1.50111e+12 2.95551e+12 4.50077e+12
290000 0 4.792e+10 1.08629e+11 1.50882e+11 1.50466e+11 2.09573e+11 7.84043e+11 1.49121e+12 2.96162e+12 4.49811e+12
300000 0 6.68279e+10 1.08832e+11 1.51959e+11 1.5194e+11 2.48311e+11 7.60306e+11 1.47806e+12 2.96715e+12 4.4956e+12
310000 0 6.58729e+10 1.08899e+11 1.51923e+11 1.52296e+11 2.18445e+11 7.44517e+11 1.46227e+12 2.97214e+12 4.49321e+12
320000 0 4.71108e+10 1.08761e+11 1.508e+11 1.50475e+11 2.2997e+11 7.43347e+11 1.44461e+12 2.97661e+12 4.49081e+12
330000 0 6.03391e+10 1.08548e+11 1.49265e+11 1.49121e+11 2.4251e+11 7.57319e+11 1.42596e+12 2.98048e+12 4.48825e+12
340000 0 6.9479e+10 1.08469e+11 1.48322e+11 1.48716e+11 2.09187e+11 7.80482e+11 1.40732e+12 2.98362e+12 4.48544e+12
350000 0 5.37167e+10 1.08587e+11 1.48608e+11 1.48434e+11 2.48009e+11 8.04137e+11 1.38964e+12 2.98592e+12 4.48237e+12
360000 0 5.20181e+10 1.08804e+11 1.49927e+11 1.49676e+11 2.19445e+11 8.20671e+11 1.37401e+12 2.98728e+12 4.47911e+12
370000 0 6.90574e+10 1.08904e+11 1.51391e+11 1.51745e+11 2.28887e+11 8.25328e+11 1.3617e+12 2.98763e+12 4.47575e+12
380000 0 6.19192e+10 1.08796e+11 1.52097e+11 1.52177e+11 2.43257e+11 8.16777e+11 1.35382e+12 2.98697e+12 4.4724e+12
390000 0 4.6541e+10 1.08583e+11 1.51607e+11 1.51254e+11 2.08884e+11 7.97226e+11 1.35108e+12 2.9853e+12 4.46917e+12
400000 0 6.46672e+10 1.08465e+11 1.50198e+11 1.50366e+11 2.47627e+11 7.72376e+11 1.35374e+12 2.9827e+12 4.46613e+12
410000 0 6.77411e+10 1.08562e+11 1.48782e+11 1.49092e+11 2.20477e+11 7.5071e+11 1.36155e+12 2.97927e+12 4.46335e+12
420000 0 4.90895e+10 1.08768e+11 1.4828e+11 1.47964e+11 2.27778e+11 7.40889e+11 1.3739e+12 2.97514e+12 4.4608e+12
430000 0 5.71422e+10 1.08896e+11 1.49025e+11 1.48935e+11 2.43962e+11 7.47276e+11 1.38983e+12 2.97043e+12 4.45836e+12
