Sole  		1.98e30	0  			0	0	0	0		0	0 0
Mercurio 	3.3e23	57.8e9 		0 	0 	0 	47873	0	7 87.97
Venere 		4.87e24 108.2e9 	0	0	0 	35021	0	3.4 224.7
Terra  		5.97e24 149.6e9  	0	0	0	29786	0	0 365.26
Luna 		7.34e22 150e9 		0 	0 	0	30808 	0	5.1 27.3
Marte 		6.42e23 227.9e9 	0 	0	0	24131	0	1.8 686.98
Giove       1.90e27 778.4e9		0   0   0   13070	0	1.3 4332.82
Saturno     5.69e26 1427.4e9	0   0   0  	9672	0	2.5 10765.7
Urano       8.68e25 2871.0e9	0   0   0	6836	0	0.8 30687.15
Nettuno     1.02e26 4498.3e9    0   0   0   5478 	0	1.8 60190.03
