Sole  1.98e30       0       0   0    0        	0   			0 0 		0
Mercurio 3.30e23 	69799977073.14626 0 0 0 	38860.019240821064 0 7		87.97
Venere 4.87e24 		108842146660.09262 0 0 0 	34808.577694936444 0 3.4	224.7
Terra 5.97e24 		152081883637.45477 0 0 0 	29293.57742009156 0 0		365.26
Luna 7.34e22 		151.7E9 0 0 0 	28293 0 5.1								27.3
Marte 6.42e23 		249199590346.48846 0 0 0 	21970.04323959869 0 1.8		686.98
Giove 1.90e27 		-748068466498.2616 0 0 0 	-13596.058303142177 0 1.3	4332.82
Saturno  5.69e26    -1510508858974.5579 0 0 0	-9116.63717586743     0  2.5 10765.7
#Urano 8.68e25 		-3002112857708.6353 0 0 0 	-6493.499572315317 0 0.8		30687.15
#Nettuno 1.02e26 	-4451415411619.367 0 0 0 	-5491.614910362574 0 1.8		60190.03
Urano 8.68e25 		-2742600680031.2007 0 0 0 	-7106.939621289434 0 0.8		30687.15
Nettuno 1.02e26 	-4525801878554.099 0 0 0 	-5393.887571967073 0 1.8		60190.03
