Sole        1.98e30         0       0	0       0        0	0	0 0
#Mercurio    3.30e23    46.0E9       0	0       0    58980	0	7 87.97
Venere      4.87e24   107.5E9       0	0       0    35290  0	3.4 224.7
#[Terra       5.97e24   147.1E9       0	0       0    30290  0	0 365.26
#Luna        7.34e22   146.7E9       0	0       0    29290  0	5.1 27.3
#Marte       6.42e23   206.6E9       0	0       0    26500  0	1.8 686.98
#Giove       1.90e27   740.6E9       0	0       0    13720	0	1.3 4332.82
#Saturno     5.69e26  1352.5E9       0	0       0    10180  0 	2.5 10765.7
#Urano       8.68e25  2741.3E9       0	0       0     7110  0 	0.8 30687.15
#Nettuno     1.02e26  4444.4E9       0	0       0     5500	0	1.8 60190.03
