Sole        1.98e30         0       0   0    0        0	  0		0	0
Mercurio    3.30e23    69.8E9       0   0    0    38860   0		7	87.97
Venere      4.87e24   108.9E9       0   0    0    34790   0		3.4	224.7
Terra       5.97e24   152.1E9       0   0    0    29290   0		0	365.26
Luna        7.34e22   151.7E9       0   0    0    28290   0		5.1	27.3
Marte       6.42e23   249.2E9       0   0    0    21970   0		1.8	686.98
Giove       1.90e27   -740.6E9       0	0       0    -13720	0	1.3	4332.82
Saturno     5.69e26  -1514.5E9       0   0    0     -9090   0	2.5	10765.7
Urano       8.68e25  -2741.3E9       0	0       0     -7110  0 	0.8	30687.15
Nettuno     1.02e26  -4545.7E9       0   0    0     -5370   0	1.8	60190.03
