0 -nan 6.99998 3.4 0 5.09979 1.8 -1.3 -2.5 -0.800003 -1.8
1 -nan 0.860626 1.79272 0 -6.06466 -1.30882 -1.02509 -2.44155 -0.796387 -1.79829
2 -nan -4.67437 -1.52025 0 4.86361 0.792908 -0.349876 -2.26656 -0.784172 -1.79168
3 -nan 6.14899 -3.38903 0 -4.92056 0.876259 0.414696 -1.98492 -0.769302 -1.78602
4 -nan 4.81396 -2.00725 0 4.29195 -1.38697 1.01017 -1.59653 -0.744247 -1.77399
5 -nan -6.81678 1.29053 0 -3.3556 1.79668 1.28544 -1.12254 -0.713776 -1.75836
6 -nan 3.43658 3.35632 0 3.05524 -1.23074 1.20071 -0.576164 -0.680565 -1.74406
7 -nan 6.71026 2.24035 0 -0.667542 0.707077 0.755325 0.0206604 -0.634293 -1.71894
9 -nan -2.38385 -1.00511 0 0.376823 0.953033 0.0584183 0.624756 -0.590797 -1.69689
10 -nan -1.36736 -3.29791 0 0.765068 -1.45834 -0.707649 1.21468 -0.539246 -1.67165
11 -nan 6.85826 -2.42736 0 -3.9504 1.79038 -1.22117 1.73141 -0.480881 -1.63739
12 -nan 2.72461 0.760345 0 2.91549 -1.14646 -1.23512 2.14302 -0.424652 -1.60719
13 -nan -6.38542 3.21888 0 -4.22793 0.621368 -0.733337 2.40989 -0.359642 -1.57011
14 -nan 5.29478 2.62644 0 6.68536 1.03037 0.0229874 2.50066 -0.295547 -1.53083
15 -nan 5.80653 -0.459091 0 -4.76418 -1.52016 0.731201 2.41158 -0.229538 -1.48982
17 -nan -5.54055 -3.11396 0 4.58475 1.78291 1.18593 2.1489 -0.161491 -1.44524
18 -nan 1.73891 -2.78698 0 -5.52532 -1.05646 1.2915 1.7384 -0.0909882 -1.39735
19 -nan 6.97003 0.207939 0 3.5594 0.533463 1.02681 1.21971 -0.0236816 -1.34726
20 -nan -0.13855 2.9995 0 -1.50226 1.10293 0.446373 0.637207 0.0432587 -1.29845
21 -nan -3.64243 2.94415 0 1.4356 -1.57939 -0.320129 0.0248337 0.113541 -1.24008
22 -nan 6.44775 0.0957642 0 0.0656281 1.76746 -1.00002 -0.566254 0.176018 -1.18405
23 -nan 4.2141 -2.84868 0 -2.36117 -0.967407 -1.30067 -1.11823 0.243324 -1.12589
25 -nan -6.99842 -3.06734 0 3.02896 0.440376 -1.04752 -1.59608 0.306458 -1.06137
26 -nan 4.13448 -0.347389 0 -3.78432 1.17007 -0.390038 -1.98254 0.363762 -1.00094
27 -nan 6.48206 2.6954 0 4.90605 -1.63191 0.379417 -2.27021 0.423363 -0.934174
28 -nan -3.50897 3.18091 0 -5.76546 1.75134 0.985916 -2.44353 0.476898 -0.866211
29 -nan -0.261734 0.651802 0 5.21541 -0.872337 1.28167 -2.50233 0.52742 -0.797836
30 -nan 6.96352 -2.5042 0 -4.76308 0.349251 1.21004 -2.44351 0.573921 -0.727936
31 -nan 1.84292 -3.26749 0 5.47527 1.23862 0.782761 -2.2687 0.618088 -0.655228
33 -nan -5.6315 -0.897949 0 -3.57497 -1.6756 0.0885239 -1.98009 0.654785 -0.581146
34 -nan 5.76491 2.3226 0 2.01315 1.73186 -0.673416 -1.59394 0.690033 -0.509415
35 -nan 5.34583 3.33559 0 -2.00604 -0.775093 -1.20966 -1.11179 0.721535 -0.430725
36 -nan -6.32407 1.18575 0 -1.02176 0.25322 -1.24452 -0.563019 0.742645 -0.356285
37 -nan 2.65406 -2.09397 0 2.21589 1.30017 -0.76915 0.0329895 0.766342 -0.279289
38 -nan 6.87101 -3.37697 0 -2.84969 -1.71639 -0.0142441 0.645615 0.78157 -0.198212
39 -nan -1.28339 -1.42183 0 5.90568 1.70582 0.700829 1.22818 0.792213 -0.12236
41 -nan -2.4563 1.88484 0 -4.92741 -0.678329 1.17186 1.74606 0.798637 -0.0436935
42 -nan 6.69997 3.39883 0 4.87858 0.156456 1.29534 2.15394 0.800034 0.0351028
43 -nan 3.47301 1.69335 0 -4.58121 1.36042 1.04752 2.41375 0.794998 0.116318
44 -nan -6.82939 -1.62712 0 1.98595 -1.74612 0.480957 2.49847 0.7855 0.191032
45 -nan 4.79754 -3.39926 0 0.0377655 1.68017 -0.278992 2.40664 0.775574 0.271553
46 -nan 6.15437 -1.90856 0 -3.24354 -0.577866 -0.974701 2.1337 0.752518 0.349815
47 -nan -4.66973 1.39983 0 4.84796 0.0593185 -1.29695 1.72201 0.730812 0.424301
49 -nan 0.864914 3.37195 0 -4.83465 1.41514 -1.0732 1.19897 0.702782 0.503647
50 -nan 7.00095 2.15026 0 4.71103 -1.77316 -0.422646 0.612915 0.670532 0.579262
51 -nan 0.789948 -1.11512 0 -5.47625 1.64464 0.348503 0.00441742 0.632561 0.653839
52 -nan -4.58812 -3.32304 0 3.07664 -0.480011 0.964981 -0.585609 0.592842 0.725502
53 -nan 6.18201 -2.34545 0 -0.347916 -0.042984 1.27899 -1.13432 0.546989 0.801453
54 -nan 4.74946 0.873154 0 -0.0949097 1.46531 1.22044 -1.6053 0.496155 0.870079
55 -nan -6.8587 3.25599 0 2.08456 -1.78963 0.813644 -1.98917 0.446861 0.938171
57 -nan 3.53368 2.55103 0 -4.10892 1.60875 0.127693 -2.27219 0.388107 1.00768
58 -nan 6.68037 -0.575424 0 5.23885 -0.377533 -0.637985 -2.44173 0.329094 1.07136
59 -nan -2.56219 -3.15907 0 -5.27598 -0.142639 -1.19249 -2.49912 0.267647 1.13519
60 -nan -1.17271 -2.71555 0 4.72691 1.51407 -1.25844 -2.4406 0.205147 1.19602
61 -nan 6.88432 0.324715 0 -4.56284 -1.79884 -0.796089 -2.26543 0.137245 1.25662
62 -nan 2.55996 3.04842 0 0.963188 1.56669 -0.0493622 -1.9788 0.0718307 1.30914
63 -nan -6.25065 2.88275 0 0.869164 -0.276901 0.675156 -1.59528 0.00440216 1.36598
65 -nan 5.40144 -0.0177841 0 -3.20273 -0.245995 1.15939 -1.11486 -0.0676804 1.41832
66 -nan 5.70881 -2.91019 0 6.37546 1.5589 1.29688 -0.569336 -0.133926 1.46535
67 -nan -5.74888 -3.0139 0 -4.88007 -1.79906 1.0666 0.0245132 -0.201668 1.51025
68 -nan 1.97786 -0.230576 0 3.32693 1.52652 0.511192 0.632942 -0.268623 1.55374
69 -nan 6.95251 2.76398 0 0.0123367 -0.171631 -0.247879 1.22144 -0.337334 1.59406
70 -nan -0.442871 3.13584 0 -2.10159 -0.343254 -0.949257 1.73615 -0.396294 1.62683
71 -nan -3.31129 0.53479 0 3.29582 1.60076 -1.29601 2.14899 -0.45929 1.66266
73 -nan 6.5292 -2.58178 0 -4.91031 -1.79267 -1.09097 2.41061 -0.516457 1.69086
74 -nan 3.99922 -3.2319 0 6.49874 1.47753 -0.453545 2.50055 -0.569489 1.71712
75 -nan -6.98705 -0.781708 0 -4.48558 -0.0737457 0.316406 2.40791 -0.617271 1.73915
76 -nan 4.35955 2.408 0 2.74783 -0.445717 0.945999 2.14462 -0.662766 1.76032
77 -nan 6.38148 3.3084 0 -2.19427 1.63663 1.27002 1.72878 -0.699966 1.77341
78 -nan -3.92062 1.07397 0 -2.24616 -1.77879 1.23164 1.21175 -0.731285 1.78515
79 -nan 0.146164 -2.18608 0 3.68159 1.42789 0.835419 0.624992 -0.760857 1.79604
81 -nan 6.98621 -3.3617 0 -4.77702 0.0271606 0.159004 0.0169144 -0.77951 1.79931
82 -nan 1.4612 -1.31386 0 5.4323 -0.547302 -0.610817 -0.576645 -0.792274 1.7996
83 -nan -5.25258 1.98397 0 -1.78451 1.66795 -1.17622 -1.11974 -0.797493 1.79607
84 -nan 5.94019 3.39446 0 -0.796021 -1.75966 -1.26829 -1.59997 -0.800598 1.79315
85 -nan 5.11671 1.58736 0 4.37169 1.37146 -0.824608 -1.98444 -0.789703 1.77991
86 -nan -6.58988 -1.7308 0 -6.60976 0.125412 -0.0864563 -2.26849 -0.776405 1.76748
87 -nan 3.03882 -3.39919 0 4.65533 -0.644768 0.644157 -2.44199 -0.7547 1.74975
89 -nan 6.80105 -1.80939 0 -2.52811 1.701 1.14442 -2.5025 -0.728256 1.7304
90 -nan -1.84223 1.50352 0 1.91078 -1.72653 1.29713 -2.44109 -0.691437 1.70309
91 -nan -1.87427 3.38496 0 1.85824 1.31612 1.08515 -2.26987 -0.655167 1.67804
92 -nan 6.79541 2.05653 0 -3.66793 0.224899 0.537987 -1.98443 -0.609528 1.64675
93 -nan 3.06012 -1.22733 0 4.69285 -0.744194 -0.213074 -1.59558 -0.55883 1.61103
94 -nan -6.60126 -3.3451 0 -6.21746 1.72491 -0.926514 -1.11726 -0.504318 1.57316
95 -nan 5.1053 -2.2534 0 2.38312 -1.69238 -1.28983 -0.571289 -0.449409 1.53461
97 -nan 5.9491 0.987625 0 0.56028 1.25355 -1.1138 0.0283432 -0.385971 1.4906
98 -nan -5.23846 3.28484 0 -4.3786 0.321022 -0.488823 0.63768 -0.320625 1.44113
99 -nan 1.44709 2.47003 0 6.7373 -0.841476 0.282188 1.22393 -0.255058 1.39278
100 -nan 6.98611 -0.694023 0 -3.74091 1.74714 0.921158 1.74158 -0.188965 1.34167
101 -nan 0.151527 -3.20334 0 0.711708 -1.6498 1.26626 2.15275 -0.119164 1.28699
102 -nan -3.91586 -2.64072 0 1.53081 1.18673 1.24059 2.40961 -0.0495148 1.22635
103 -nan 6.38416 0.445419 0 -4.70428 0.414909 0.862946 2.49825 0.0171738 1.16915
105 -nan 4.34971 3.10168 0 4.96659 -0.935585 0.197479 2.40226 0.086586 1.10593
106 -nan -6.9909 2.81894 0 -4.36733 1.76727 -0.573517 2.13367 0.153732 1.04195
107 -nan 4.01775 -0.138931 0 4.03529 -1.59684 -1.15861 1.7159 0.218529 0.973869
108 -nan 6.52009 -2.97232 0 1.4339 1.12263 -1.2769 1.1966 0.279404 0.909286
109 -nan -3.36537 -2.95861 0 -3.58491 0.509155 -0.856255 0.606369 0.344109 0.836617
110 -nan -0.37912 -0.111809 0 4.83649 -1.0274 -0.119705 -0.00141907 0.401474 0.765633
111 -nan 6.95545 2.83136 0 -2.92218 1.77869 0.619179 -0.593964 0.456802 0.690887
113 -nan 1.90343 3.08851 0 -0.989204 -1.54269 1.12833 -1.13474 0.50663 0.62072
114 -nan -5.67466 0.417686 0 3.40504 1.04931 1.30166 -1.61053 0.558525 0.54245
115 -nan 5.75159 -2.65926 0 -4.94393 0.598785 1.10211 -1.99129 0.601372 0.46656
116 -nan 5.34796 -3.19207 0 6.20687 -1.11517 0.570946 -2.2712 0.641159 0.389519
117 -nan -6.33478 -0.662834 0 -2.7285 1.79006 -0.171028 -2.44112 0.675659 0.314102
118 -nan 2.68024 2.48951 0 -0.33429 -1.47964 -0.898224 -2.49945 0.710083 0.232719
119 -nan 6.86227 3.27773 0 2.82121 0.973343 -1.28388 -2.43701 0.734024 0.153816
121 -nan -1.36529 0.961327 0 -6.62978 0.685982 -1.13294 -2.26566 0.757629 0.0758514
122 -nan -2.34723 -2.27798 0 3.21563 -1.19835 -0.523972 -1.98402 0.774178 -0.000411987
123 -nan 6.72294 -3.34296 0 0.324188 1.79887 0.252609 -1.59898 0.789925 -0.0823212
124 -nan 3.37113 -1.20129 0 -4.61343 -1.40875 0.900467 -1.12315 0.79438 -0.160446
125 -nan -6.77528 2.0782 0 6.29897 0.89724 1.25653 -0.578751 0.798485 -0.238136
126 -nan 4.89455 3.38126 0 -3.86037 0.770378 1.25056 0.012207 0.796387 -0.314125
127 -nan 6.08897 1.48135 0 0.839706 -1.2829 0.885025 0.622459 0.791183 -0.392998
128 -nan -4.88181 -1.82993 0 2.08577 1.79802 0.227364 1.20764 0.775391 -0.468956
130 -nan 1.0982 -3.39938 0 -5.66832 -1.33758 -0.54213 1.72791 0.760796 -0.542847
131 -nan 6.99671 -1.70419 0 4.83539 0.817863 -1.14281 2.13982 0.738968 -0.61615
132 -nan 0.511543 1.61332 0 -1.99249 0.855064 -1.2841 2.40895 0.714569 -0.691071
133 -nan -4.2812 3.392 0 -3.00905 -1.3579 -0.877861 2.49767 0.67926 -0.761925
134 -nan 6.28288 1.95962 0 5.83571 1.79871 -0.150391 2.4094 0.64608 -0.831375
135 -nan 4.55019 -1.33938 0 -4.34762 -1.2588 0.591087 2.14609 0.60704 -0.898354
0 -nan -6.94813 -3.36752 0 0.721771 0.735413 1.11608 1.73674 0.564911 -0.966347
1 -nan 3.80354 -2.16455 0 3.32404 0.934311 1.29923 1.21294 0.513634 -1.0305
3 -nan 6.59428 1.10308 0 -5.34034 -1.42969 1.11707 0.628983 0.464111 -1.09227
4 -nan -3.03589 3.31584 0 5.19205 1.79401 0.597557 0.0208206 0.409622 -1.1526
5 -nan -0.689407 2.38717 0 -1.95678 -1.17889 -0.143509 -0.572601 0.353333 -1.21291
6 -nan 6.93258 -0.808968 0 -2.36749 0.646667 -0.874474 -1.11942 0.289055 -1.26769
7 -nan 2.14896 -3.24004 0 5.21001 1.00965 -1.28001 -1.59348 0.227486 -1.3209
8 -nan -5.88552 -2.56273 0 -3.78939 -1.49505 -1.14838 -1.97816 0.162987 -1.3708
9 -nan 5.64425 0.564774 0 -1.00758 1.78802 -0.555115 -2.26609 0.0974274 -1.42239
11 -nan 5.46751 3.1489 0 4.46151 -1.08888 0.219261 -2.43914 0.0279388 -1.46731
12 -nan -6.17437 2.74808 0 -4.99081 0.560486 0.877716 -2.49927 -0.03965 -1.50993
13 -nan 2.48504 -0.261154 0 4.67795 1.08199 1.24729 -2.44276 -0.10746 -1.54888
14 -nan 6.89437 -3.03004 0 0.382378 -1.55836 1.26093 -2.27655 -0.176003 -1.58936
15 -nan -1.12199 -2.89567 0 -3.98779 1.77245 0.9048 -1.9935 -0.24501 -1.623
16 -nan -2.58797 0.00860596 0 4.47469 -0.999283 0.257774 -1.61135 -0.310928 -1.65477
17 -nan 6.67876 2.89592 0 -0.121826 0.46904 -0.512405 -1.13802 -0.373085 -1.68046
19 -nan 3.51605 3.03803 0 -4.67156 1.15322 -1.12768 -0.59549 -0.435852 -1.70956
20 -nan -6.84126 0.296074 0 4.94553 -1.61215 -1.2879 -0.00128174 -0.494446 -1.73138
21 -nan 4.79266 -2.73318 0 -2.939 1.75669 -0.906853 0.609543 -0.550087 -1.7513
22 -nan 6.14461 -3.14571 0 1.07891 -0.9048 -0.18544 1.1952 -0.597412 -1.76408
23 -nan -4.72168 -0.545616 0 4.75574 0.377792 0.561989 1.71937 -0.644981 -1.78021
24 -nan 0.945282 2.57047 0 -4.87316 1.22012 1.09863 2.13413 -0.685295 -1.78979
25 -nan 7.00112 3.24787 0 2.06224 -1.66274 1.30298 2.4043 -0.722458 -1.7982
27 -nan 0.653976 0.845001 0 4.00967 1.73409 1.13206 2.49438 -0.747238 -1.79754
28 -nan -4.42013 -2.36418 0 -5.96695 -0.809479 0.627495 2.4062 -0.771027 -1.79898
29 -nan 6.2439 -3.31614 0 3.15055 0.283112 -0.104111 2.14314 -0.787109 -1.79638
30 -nan 4.62379 -1.08891 0 0.937958 1.28631 -0.844414 1.73084 -0.798683 -1.79195
31 -nan -6.92259 2.17204 0 -4.47853 -1.70137 -1.27159 1.20728 -0.797806 -1.77943
32 -nan 3.73257 3.36681 0 5.8154 1.71147 -1.16832 0.619301 -0.793106 -1.76667
33 -nan 6.61481 1.36819 0 -0.817612 -0.714302 -0.588615 0.0122681 -0.781509 -1.75095
35 -nan -2.93869 -1.93428 0 -4.2243 0.185616 0.187355 -0.583847 -0.765213 -1.73398
36 -nan -0.774979 -3.39558 0 4.64155 1.34426 0.856995 -1.12822 -0.73925 -1.7108
37 -nan 6.9259 -1.60075 0 0.0304794 -1.73656 1.24152 -1.60244 -0.705315 -1.68299
38 -nan 2.20358 1.71841 0 -2.90054 1.68398 1.26559 -1.98328 -0.66925 -1.65527
39 -nan -5.93066 3.39984 0 5.97953 -0.613434 0.929085 -2.26685 -0.627357 -1.62486
40 -nan 5.62297 1.85905 0 -3.7825 0.0894165 0.29538 -2.44007 -0.58139 -1.59209
41 -nan 5.48698 -1.44871 0 -0.764793 1.4015 -0.478325 -2.49681 -0.525223 -1.55114
43 -nan -6.15182 -3.38017 0 4.90059 -1.76311 -1.10502 -2.44027 -0.470169 -1.51145
44 -nan 2.46335 -2.06712 0 -3.26427 1.65128 -1.29162 -2.26992 -0.409111 -1.46696
45 -nan 6.896 1.21945 0 -2.51293 -0.514809 -0.936638 -1.99634 -0.349495 -1.4251
46 -nan -1.11273 3.34055 0 4.72148 -0.0106049 -0.218613 -1.61513 -0.281746 -1.37423
47 -nan -2.5892 2.29797 0 -3.95258 1.45364 0.536217 -1.14652 -0.213982 -1.32279
48 -nan 6.67967 -0.926689 0 1.72903 -1.78084 1.08124 -0.605583 -0.145035 -1.26717
49 -nan 3.50623 -3.27598 0 5.48898 1.61848 1.29987 -0.0187149 -0.0777664 -1.21432
51 -nan -6.83366 -2.48162 0 -4.41455 -0.412102 1.14756 0.587151 -0.00941467 -1.15631
52 -nan 4.81013 0.682854 0 -0.465637 -0.111748 0.65377 1.17715 0.0613861 -1.09552
53 -nan 6.13392 3.19164 0 5.03391 1.50214 -0.0747986 1.7 0.128044 -1.03169
54 -nan -4.76414 2.67484 0 -4.41747 -1.79494 -0.817886 2.11977 0.194633 -0.966858
55 -nan 0.99807 -0.38327 0 1.27252 1.57906 -1.26384 2.39382 0.256012 -0.903114
56 -nan 6.9997 -3.08203 0 3.92051 -0.308968 -1.18317 2.49915 0.320732 -0.834015
57 -nan 0.584846 -2.83027 0 -4.84389 -0.211349 -0.614372 2.41859 0.379791 -0.764519
59 -nan -4.34255 0.1278 0 -0.166824 1.5489 0.160431 2.16009 0.438057 -0.690018
60 -nan 6.26991 2.95981 0 4.97276 -1.79972 0.834534 1.75648 0.488983 -0.620453
61 -nan 4.56601 2.97937 0 -5.31418 1.53565 1.23123 1.23867 0.538101 -0.546463
62 -nan -6.94553 0.173767 0 -0.405258 -0.208183 1.27356 0.6549 0.585205 -0.473061
63 -nan 3.80746 -2.80344 0 4.21198 -0.312881 0.946823 0.0422134 0.627663 -0.394432
64 -nan 6.59129 -3.10184 0 -4.54534 1.59168 0.320175 -0.553162 0.665878 -0.317993
65 -nan -3.07483 -0.425095 0 -0.280846 -1.7949 -0.448868 -1.09929 0.695694 -0.241776
67 -nan -0.632957 2.64861 0 6.52088 1.4907 -1.0899 -1.57748 0.725899 -0.164635
68 -nan 6.93977 3.20673 0 -3.00235 -0.107399 -1.29659 -1.96542 0.749184 -0.0872574
69 -nan 2.07819 0.727547 0 -1.76522 -0.414345 -0.955742 -2.25603 0.770958 -0.00553894
70 -nan -5.80962 -2.45139 0 5.1049 1.62819 -0.248924 -2.43251 0.783623 0.0721817
71 -nan 5.68933 -3.28658 0 -4.56604 -1.78464 0.508514 -2.49652 0.79245 0.15168
72 -nan 5.40473 -0.968117 0 -2.5602 1.44139 1.06538 -2.44724 0.79715 0.227211
73 -nan -6.27171 2.26565 0 6.02568 -0.00469208 1.29802 -2.28375 0.797287 0.307564
74 -nan 2.62051 3.35055 0 -0.796318 -0.512634 1.1626 -2.01338 0.794708 0.38562
76 -nan 6.87098 1.2586 0 -4.20393 1.6627 0.676788 -1.63584 0.781685 0.463463
77 -nan -1.33408 -2.03273 0 4.57332 -1.76664 -0.0461197 -1.17163 0.766678 0.53923
78 -nan -2.35213 -3.38297 0 -2.86708 1.38585 -0.791809 -0.634567 0.745262 0.61264
79 -nan 6.72624 -1.48995 0 -5.35439 0.0944595 -1.25816 -0.0473328 0.723679 0.688179
80 -nan 3.33921 1.82455 0 3.81795 -0.610794 -1.19753 0.558937 0.694695 0.76001
81 -nan -6.75122 3.40083 0 1.87486 1.6942 -0.64241 1.15147 0.659546 0.834534
82 -nan 4.94218 1.75475 0 -5.04977 -1.73972 0.126228 1.6785 0.621101 0.902756
84 -nan 6.04636 -1.558 0 3.44782 1.328 0.811966 2.1028 0.57724 0.971405
85 -nan -5.01627 -3.39162 0 2.30171 0.192764 1.22356 2.38483 0.534485 1.03691
86 -nan 1.25122 -1.96925 0 -5.4713 -0.709763 1.27874 2.4942 0.483521 1.10219
87 -nan 6.99494 1.33094 0 0.881065 1.72194 0.970734 2.42162 0.430801 1.16664
88 -nan 0.302597 3.36016 0 4.78269 -1.70562 0.35289 2.16615 0.371361 1.22552
89 -nan -4.03996 2.20773 0 -2.79774 1.2682 -0.415367 1.76193 0.311188 1.28434
90 -nan 6.35864 -1.04647 0 -0.359512 0.289932 -1.06499 1.24581 0.251549 1.33648
92 -nan 4.38301 -3.30692 0 6.10034 -0.807358 -1.30051 0.658478 0.186981 1.39071
93 -nan -6.98923 -2.3964 0 -2.64365 1.74356 -0.985321 0.0475616 0.122536 1.44018
94 -nan 4.0241 0.80127 0 -3.41281 -1.66562 -0.282524 -0.553734 0.051445 1.48843
95 -nan 6.5121 3.2335 0 3.78969 1.20641 0.48085 -1.10345 -0.0157394 1.53242
96 -nan -3.44309 2.59653 0 1.2446 0.387009 1.05025 -1.57976 -0.0838928 1.57059
97 -nan -0.267876 -0.503601 0 -5.54145 -0.901405 1.29657 -1.96855 -0.151314 1.6096
98 -nan 6.96615 -3.13177 0 3.91833 1.76112 1.17319 -2.2544 -0.218407 1.64355
100 -nan 1.75795 -2.76173 0 2.82891 -1.62003 0.704803 -2.4349 -0.288376 1.67835
101 -nan -5.50597 0.254318 0 -4.46634 1.14052 -0.00912476 -2.49759 -0.351738 1.70494
102 -nan 5.8428 3.01725 0 -1.83591 0.481262 -0.762405 -2.44476 -0.415291 1.728
103 -nan 5.22018 2.91921 0 4.79346 -0.993874 -1.24528 -2.28227 -0.47332 1.74835
104 -nan -6.50365 0.051857 0 -5.10564 1.77588 -1.21119 -2.01109 -0.529259 1.76532
105 -nan 2.94243 -2.87486 0 -3.2927 -1.56655 -0.677322 -1.64323 -0.582642 1.7822
106 -nan 6.81377 -3.0473 0 4.52375 1.07079 0.0928497 -1.18219 -0.6287 1.7907
108 -nan -1.79124 -0.303963 0 1.23575 0.573013 0.791214 -0.646744 -0.673096 1.79796
109 -nan -1.88298 2.72282 0 -5.1069 -1.08344 1.21339 -0.0647125 -0.70784 1.79921
110 -nan 6.79774 3.16311 0 3.38152 1.78685 1.28097 0.539597 -0.738251 1.79744
111 -nan 3.00461 0.603897 0 3.24825 -1.50412 0.987778 1.125 -0.763344 1.79478
112 -nan -6.54411 -2.53535 0 -5.20708 0.995735 0.382584 1.65559 -0.780922 1.78584
113 -nan 5.18179 -3.25537 0 -2.39231 0.660843 -0.384781 2.08848 -0.795692 1.77721
114 -nan 5.87529 -0.851883 0 4.93765 -1.17045 -1.04829 2.37642 -0.798492 1.7601
116 -nan -5.44394 2.35455 0 -0.719208 1.79619 -1.30094 2.4957 -0.795929 1.74074
117 -nan 1.69487 3.32286 0 -3.4197 -1.43614 -1.00137 2.42989 -0.785118 1.71747
118 -nan 6.96846 1.14191 0 4.92458 0.917595 -0.310669 2.18702 -0.767975 1.69051
119 -nan -0.209778 -2.13209 0 4.96635 0.745895 0.453156 1.79476 -0.748436 1.66451
120 -nan -3.49833 -3.37119 0 -4.63238 -1.25218 1.03463 1.2819 -0.718491 1.63099
121 -nan 6.49911 -1.37904 0 -0.529945 1.80128 1.2952 0.696915 -0.684204 1.59593
122 -nan 4.05287 1.92441 0 5.03344 -1.36379 1.18314 0.0845947 -0.641396 1.55463
124 -nan -6.98905 3.39532 0 -3.04585 0.837082 0.724442 -0.516747 -0.593842 1.51093
125 -nan 4.36692 1.64857 0 -5.05347 0.830551 0.0183792 -1.06829 -0.545662 1.46789
126 -nan 6.3634 -1.66866 0 3.37236 -1.32972 -0.737366 -1.55077 -0.490402 1.41918
127 -nan -4.03684 -3.3998 0 3.84837 1.80116 -1.23861 -1.94688 -0.433861 1.3708
128 -nan 0.307732 -1.86729 0 -4.87338 -1.28883 -1.22285 -2.23956 -0.370865 1.31595
129 -nan 6.99454 1.44233 0 0.121971 0.756493 -0.698723 -2.42617 -0.304146 1.25865
130 -nan 1.22646 3.37808 0 4.96402 0.911453 0.0658875 -2.49584 -0.238747 1.20051
132 -nan -4.97657 2.11053 0 1.34314 -1.40419 0.767342 -2.451 -0.169289 1.13757
133 -nan 6.06416 -1.16331 0 -5.43667 1.79531 1.2036 -2.297 -0.102768 1.07662
134 -nan 4.90866 -3.33201 0 3.93026 -1.20644 1.28654 -2.03249 -0.0340042 1.011
135 -nan -6.78248 -2.30846 0 3.81132 0.673882 1.00574 -1.66873 0.0357666 0.944382
0 -nan 3.40807 0.924232 0 -3.48344 0.988609 0.40966 -1.21434 0.102158 0.876411
1 -nan 6.70661 3.26913 0 -3.45107 -1.47385 -0.35894 -0.682053 0.171356 0.802635
2 -nan -2.48888 2.51659 0 4.12707 1.78817 -1.03126 -0.101738 0.23568 0.731049
3 -nan -1.18385 -0.624825 0 -0.43586 -1.11918 -1.29961 0.501396 0.297646 0.65667
5 -nan 6.88897 -3.17789 0 -6.38793 0.586174 -1.02219 1.09143 0.358208 0.583405
6 -nan 2.47742 -2.6825 0 -1.37951 1.06069 -0.344055 1.62453 0.413399 0.509895
7 -nan -6.14501 0.37709 0 5.81496 -1.53551 0.426445 2.06404 0.470688 0.43103
8 -nan 5.50117 3.07486 0 -1.38483 1.77773 1.01959 2.36366 0.522697 0.354324
9 -nan 5.59639 2.85499 0 -4.40812 -1.03067 1.29125 2.49099 0.570015 0.27459
10 -nan -5.99681 -0.0708771 0 3.29708 0.495377 1.19608 2.43611 0.614151 0.195663
11 -nan 2.3018 -2.93558 0 4.76488 1.13376 0.751427 2.19981 0.650337 0.11837
13 -nan 6.91087 -2.98862 0 -3.18709 -1.59108 0.0505447 1.80743 0.685364 0.0377731
14 -nan -0.962311 -0.178314 0 -3.69109 1.7608 -0.705772 1.30006 0.716461 -0.0390701
15 -nan -2.71148 2.79575 0 4.87784 -0.939743 -1.22308 0.714348 0.741829 -0.118034
16 -nan 6.66673 3.11924 0 2.26068 0.404739 -1.2384 0.0986328 0.765594 -0.197693
17 -nan 3.55003 0.482796 0 -4.09216 1.20312 -0.733635 -0.504189 0.780289 -0.274559
18 -nan -6.84474 -2.61582 0 -2.909 -1.64428 0.0332413 -1.06429 0.791084 -0.354034
19 -nan 4.80583 -3.2154 0 4.82761 1.74163 0.743446 -1.54958 0.797379 -0.428963
20 -nan 6.12583 -0.73008 0 -0.986015 -0.84269 1.19152 -1.94398 0.796074 -0.503426
22 -nan -4.81062 2.44249 0 -6.05954 0.310425 1.28998 -2.23974 0.79393 -0.579094
23 -nan 1.06876 3.29559 0 -1.95974 1.26641 1.02237 -2.424 0.786331 -0.650368
24 -nan 6.99767 1.02505 0 5.33304 -1.68785 0.437439 -2.49622 0.773491 -0.724525
25 -nan 0.458656 -2.22853 0 -1.20718 1.72112 -0.322655 -2.45499 0.757401 -0.795555
26 -nan -4.18127 -3.35293 0 -4.89283 -0.747055 -1.00505 -2.29652 0.731667 -0.863991
27 -nan 6.32375 -1.26549 0 -0.625626 0.21357 -1.30179 -2.03236 0.703598 -0.933495
28 -nan 4.44485 2.02615 0 4.85549 1.32894 -1.04656 -1.66957 0.671959 -0.997292
30 -nan -6.97813 3.38681 0 -2.6615 -1.72343 -0.375183 -1.21641 0.634247 -1.06016
31 -nan 3.98522 1.53768 0 -5.99227 1.69247 0.39566 -0.693687 0.59613 -1.12114
32 -nan 6.51972 -1.77827 0 0.339363 -0.649597 0.997643 -0.118248 0.551392 -1.17847
33 -nan -3.41734 -3.4005 0 5.60667 0.119225 1.28683 0.484322 0.502014 -1.23856
34 -nan -0.274246 -1.76189 0 -1.25736 1.38708 1.20766 1.07246 0.451408 -1.29385
35 -nan 6.96716 1.55496 0 -4.71417 -1.75446 0.774094 1.6087 0.393745 -1.34586
36 -nan 1.73064 3.39038 0 2.15492 1.66129 0.0799103 2.05042 0.334404 -1.3971
38 -nan -5.46136 2.01109 0 4.95219 -0.547081 -0.68 2.35291 0.273521 -1.44233
39 -nan 5.86795 -1.27677 0 -0.727242 0.0190964 -1.21117 2.4896 0.208267 -1.48685
40 -nan 5.17741 -3.35553 0 -5.63789 1.43949 -1.24525 2.44654 0.145523 -1.5291
41 -nan -6.55931 -2.21113 0 1.9339 -1.77497 -0.7565 2.22137 0.0796661 -1.56641
42 -nan 3.03708 1.0425 0 5.87489 1.62713 0.00385284 1.83985 0.010376 -1.60512
43 -nan 6.79211 3.30283 0 0.133163 -0.447464 0.720367 1.33746 -0.0567551 -1.63891
44 -nan -1.97022 2.43067 0 -5.00336 -0.0782547 1.18274 0.7537 -0.126793 -1.66869
46 -nan -1.68558 -0.746849 0 1.57847 1.49214 1.29494 0.138474 -0.196404 -1.6974
47 -nan 6.82875 -3.21904 0 4.91256 -1.79088 1.037 -0.465736 -0.262321 -1.71903
48 -nan 2.83717 -2.60682 0 2.03195 1.58615 0.460686 -1.02905 -0.329933 -1.74022
49 -nan -6.41557 0.500206 0 -5.71551 -0.342766 -0.295624 -1.51981 -0.392593 -1.75916
50 -nan 5.30524 3.12387 0 0.969887 -0.177536 -0.985023 -1.92035 -0.451225 -1.77216
51 -nan 5.76616 2.78412 0 6.26712 1.53658 -1.29971 -2.2228 -0.509911 -1.78464
52 -nan -5.69383 -0.198898 0 2.91029 -1.79982 -1.06489 -2.41537 -0.563026 -1.79379
54 -nan 1.97212 -2.99813 0 -4.62658 1.54736 -0.403252 -2.49395 -0.612991 -1.79833
55 -nan 6.94973 -2.93073 0 -1.03062 -0.240959 0.371552 -2.46058 -0.659668 -1.8024
56 -nan -0.575729 -0.0537643 0 4.87611 -0.278397 0.983345 -2.31154 -0.697021 -1.79969
57 -nan -3.09869 2.86398 0 3.76391 1.58044 1.28262 -2.05314 -0.729958 -1.79347
58 -nan 6.591 3.0663 0 -2.87029 -1.79958 1.21592 -1.69698 -0.757751 -1.7865
59 -nan 3.78006 0.358192 0 -2.47739 1.50079 0.795029 -1.25025 -0.77581 -1.77332
60 -nan -6.92644 -2.69385 0 5.07471 -0.138329 0.107582 -0.728798 -0.7901 -1.75881
62 -nan 4.63238 -3.1711 0 6.3511 -0.378052 -0.6549 -0.157249 -0.798134 -1.74274
63 -nan 6.22366 -0.606133 0 -1.83888 1.61731 -1.2 0.441986 -0.797333 -1.7209
64 -nan -4.5305 2.52995 0 -4.45199 -1.79189 -1.2552 1.03404 -0.792824 -1.69885
65 -nan 0.804657 3.2649 0 2.39211 1.45613 -0.783806 1.57406 -0.780296 -1.67339
66 -nan 7.00009 0.904037 0 4.92388 -0.0380478 -0.0261993 2.02229 -0.757599 -1.64102
67 -nan 0.710739 -2.32018 0 1.48869 -0.480148 0.698822 2.33832 -0.730888 -1.6082
68 -nan -4.4295 -3.32933 0 -4.85062 1.65423 1.17177 2.48571 -0.696709 -1.57137
70 -nan 6.25159 -1.14687 0 0.387489 -1.77305 1.29555 2.45016 -0.655785 -1.53062
71 -nan 4.57729 2.12503 0 4.00785 1.40003 1.05416 2.23634 -0.613121 -1.49069
72 -nan -6.94689 3.37339 0 3.93195 0.0625153 0.49144 1.85995 -0.563889 -1.44595
73 -nan 3.84917 1.4256 0 -5.13886 -0.578857 -0.261734 1.35833 -0.509735 -1.39838
74 -nan 6.56718 -1.88377 0 -4.24364 1.68575 -0.960129 0.778496 -0.454811 -1.35127
75 -nan -3.22563 -3.39649 0 1.46162 -1.75087 -1.29586 0.161926 -0.394058 -1.29877
76 -nan -0.449387 -1.65311 0 4.93259 1.345 -1.08678 -0.449883 -0.32914 -1.2435
78 -nan 6.95787 1.66688 0 -1.11349 0.162277 -0.440445 -1.01661 -0.264221 -1.18778
79 -nan 1.85931 3.39731 0 -5.03648 -0.6782 0.33847 -1.51381 -0.194839 -1.12659
80 -nan -5.57808 1.91127 0 -2.18402 1.71556 0.965584 -1.92242 -0.125099 -1.06495
81 -nan 5.82287 -1.39514 0 3.53509 -1.72115 1.27858 -2.2249 -0.0576553 -1.00278
82 -nan 5.23362 -3.37184 0 1.83707 1.28358 1.22243 -2.41569 0.0124435 -0.93512
83 -nan -6.50591 -2.11796 0 -5.00553 0.26384 0.815643 -2.49543 0.0815659 -0.867905
84 -nan 2.96635 1.16077 0 -6.05825 -0.774422 0.14048 -2.45937 0.146591 -0.801147
86 -nan 6.80248 3.32743 0 1.36446 1.73614 -0.622261 -2.30936 0.211494 -0.730614
87 -nan -1.89478 2.34075 0 5.61958 -1.68246 -1.18443 -2.0543 0.275261 -0.659752
88 -nan -1.7453 -0.872711 0 0.423599 1.22444 -1.26488 -1.69849 0.33493 -0.588074
89 -nan 6.82267 -3.2586 0 -4.19004 0.357201 -0.812744 -1.2515 0.395447 -0.511795
90 -nan 2.86482 -2.52416 0 -3.01494 -0.870483 -0.0619965 -0.733536 0.452484 -0.437004
91 -nan -6.43011 0.627274 0 4.0317 1.75832 0.669571 -0.162796 0.503624 -0.361458
92 -nan 5.29793 3.17186 0 4.13284 -1.6365 1.15881 0.436745 0.553986 -0.281342
94 -nan 5.77023 2.71258 0 0.855713 1.15752 1.29969 1.02538 0.599838 -0.20372
95 -nan -5.69813 -0.322319 0 -4.83695 0.452789 1.07031 1.56415 0.639038 -0.126144
96 -nan 1.98573 -3.05451 0 0.689255 -0.963615 0.516426 2.01373 0.675438 -0.046051
97 -nan 6.94571 -2.86326 0 4.3171 1.77449 -0.232208 2.33261 0.708054 0.0320816
98 -nan -0.617485 0.0729904 0 5.11564 -1.58373 -0.937027 2.48514 0.732849 0.109009
99 -nan -3.04163 2.92917 0 -3.57691 1.08656 -1.29211 2.45833 0.755669 0.188644
100 -nan 6.60475 3.00761 0 -5.73997 0.543808 -1.10342 2.25296 0.774612 0.265701
102 -nan 3.72855 0.230392 0 -1.94548 -1.05001 -0.467896 1.88412 0.786003 0.342003
103 -nan -6.90752 -2.76983 0 4.43672 1.78487 0.310608 1.38789 0.795052 0.421532
104 -nan 4.68682 -3.12459 0 2.41435 -1.52788 0.944885 0.81089 0.800575 0.498421
105 -nan 6.19118 -0.480835 0 -3.51143 1.01798 1.27162 0.196175 0.79821 0.572906
106 -nan -4.64532 2.61195 0 -4.9794 0.63459 1.23342 -0.416191 0.791092 0.649437
107 -nan 0.925133 3.22672 0 -0.890381 -1.14036 0.840477 -0.986275 0.780472 0.723709
108 -nan 6.99862 0.782394 0 4.91998 1.79425 0.169701 -1.48666 0.762375 0.795731
110 -nan 0.56678 -2.4094 0 3.25891 -1.46087 -0.599014 -1.90034 0.7407 0.868721
111 -nan -4.26923 -3.30383 0 -0.980621 0.94001 -1.17422 -2.21055 0.716515 0.937645
112 -nan 6.30489 -1.02546 0 -5.05791 0.721924 -1.27059 -2.40725 0.684425 1.00245
113 -nan 4.46965 2.22041 0 1.05254 -1.22405 -0.832222 -2.49191 0.647728 1.06882
114 -nan -6.97744 3.35826 0 5.15225 1.79953 -0.0876541 -2.46415 0.610176 1.13326
115 -nan 3.98572 1.30914 0 4.76233 -1.39145 0.64579 -2.32136 0.567513 1.19212
116 -nan 6.51459 -1.98577 0 -3.31916 0.861702 1.14445 -2.07047 0.519714 1.25115
118 -nan -3.46814 -3.38998 0 -5.55849 0.806503 1.30004 -1.72113 0.470383 1.30826
119 -nan -0.201622 -1.53872 0 -2.65134 -1.30067 1.08618 -1.28121 0.416801 1.36079
120 -nan 6.97167 1.77515 0 4.20941 1.79908 0.543976 -0.765129 0.358269 1.41303
121 -nan 1.6281 3.4017 0 3.42153 -1.31885 -0.202148 -0.196915 0.299217 1.46318
122 -nan -5.34341 1.80109 0 -0.759109 0.78389 -0.916374 0.397484 0.237839 1.50731
123 -nan 5.92949 -1.51023 0 -4.83689 0.887863 -1.28995 0.988808 0.170845 1.55018
124 -nan 5.09036 -3.38919 0 -2.19637 -1.3798 -1.12117 1.5348 0.104088 1.59218
126 -nan -6.65824 -2.0155 0 3.49442 1.79884 -0.496788 1.9898 0.0379944 1.62759
127 -nan 3.20502 1.28033 0 4.94851 -1.23737 0.282257 2.31606 -0.0311966 1.65954
128 -nan 6.75173 3.35344 0 0.84639 0.697189 0.927261 2.48209 -0.10154 1.69072
129 -nan -2.26122 2.24797 0 -5.64246 0.96817 1.26726 2.46534 -0.168762 1.71641
130 -nan -1.37199 -0.991974 0 -5.10447 -1.44778 1.24165 2.26596 -0.236404 1.73814
131 -nan 6.87109 -3.29226 0 0.833061 1.78966 0.859665 1.90382 -0.303909 1.75794
132 -nan 2.5704 -2.43524 0 6.55524 -1.15277 0.200218 1.41322 -0.366646 1.77281
134 -nan -6.1939 0.748436 0 4.46786 0.610085 -0.564697 0.834145 -0.428368 1.78316
135 -nan 5.47714 3.21371 0 -1.73329 1.04369 -1.15322 0.215202 -0.489059 1.79285
0 -nan 5.6012 2.63198 0 -5.8399 -1.51247 -1.27861 -0.397552 -0.543434 1.7987
1 -nan -6.01189 -0.450546 0 -1.53832 1.77723 -0.865463 -0.970627 -0.5923 1.79797
2 -nan 2.3463 -3.10751 0 2.49227 -1.06294 -0.126785 -1.478 -0.639694 1.79539
3 -nan 6.90362 -2.7905 0 4.94205 0.523392 0.616531 -1.89519 -0.681946 1.79137
4 -nan -1.09113 0.201668 0 -0.381332 1.11347 1.12908 -2.20708 -0.716118 1.78114
5 -nan -2.5429 2.99199 0 -4.09016 -1.57003 1.29869 -2.40847 -0.745514 1.76678
6 -nan 6.70125 2.94699 0 -4.71989 1.76479 1.1003 -2.49632 -0.77066 1.7515
8 -nan 3.39325 0.104668 0 0.435875 -0.974403 0.571686 -2.46671 -0.787468 1.73162
9 -nan -6.75717 -2.84324 0 4.81154 0.432381 -0.168739 -2.32241 -0.797279 1.70702
10 -nan 4.95966 -3.07209 0 4.83441 1.18551 -0.889847 -2.07079 -0.80143 1.68056
11 -nan 6.01969 -0.355064 0 -0.00309753 -1.62563 -1.28452 -1.71869 -0.797707 1.6505
12 -nan -5.14039 2.6914 0 -4.9418 1.74621 -1.1404 -1.2745 -0.785019 1.61445
13 -nan 1.42212 3.18531 0 -4.57597 -0.877953 -0.531136 -0.758224 -0.768097 1.57772
14 -nan 6.987 0.658302 0 0.2631 0.339783 0.247719 -0.191277 -0.745216 1.53915
16 -nan 0.00893402 -2.50047 0 5.63541 1.2505 0.901962 0.402771 -0.712379 1.49392
17 -nan -3.67815 -3.269 0 4.33368 -1.67197 1.25838 0.991875 -0.674095 1.44577
18 -nan 6.46633 -0.904388 0 -0.523949 1.72517 1.25059 1.53511 -0.6325 1.39705
19 -nan 4.10636 2.31822 0 -6.41254 -0.781502 0.883202 1.98852 -0.584991 1.34484
20 -nan -6.99194 3.33463 0 -4.52052 0.243629 0.230911 2.31537 -0.531433 1.28844
21 -nan 4.36973 1.19286 0 0.509438 1.314 -0.535789 2.48305 -0.475258 1.23109
22 -nan 6.35058 -2.08917 0 6.35079 -1.7111 -1.13683 2.46947 -0.416252 1.17195
24 -nan -4.13142 -3.37618 0 4.12454 1.69639 -1.28268 2.27374 -0.352188 1.1085
25 -nan 0.443039 -1.42701 0 0.150253 -0.680344 -0.887459 1.91608 -0.286217 1.04391
26 -nan 6.997 1.88252 0 -5.43289 0.148445 -0.156761 1.42956 -0.220741 0.979416
27 -nan 1.01369 3.39647 0 -3.55952 1.36951 0.590172 0.854523 -0.152885 0.911293
28 -nan -4.71679 1.69279 0 -0.492912 -1.74178 1.11489 0.236511 -0.0820999 0.839615
29 -nan 6.16817 -1.62286 0 4.45206 1.66808 1.30008 -0.377441 -0.0136795 0.769394
30 -nan 4.71329 -3.39503 0 3.4047 -0.582794 1.11546 -0.951012 0.0528183 0.698074
32 -nan -6.89966 -1.90788 0 0.0212936 0.0517273 0.597351 -1.45848 0.12088 0.622368
33 -nan 3.71751 1.3955 0 -3.81667 1.4258 -0.137611 -1.87982 0.188866 0.545883
34 -nan 6.60522 3.37114 0 -4.17649 -1.769 -0.864441 -2.19698 0.252357 0.471252
35 -nan -3.07098 2.14743 0 -0.269836 1.63472 -1.27593 -2.40102 0.31266 0.395432
36 -nan -0.571251 -1.11388 0 2.95626 -0.479874 -1.15354 -2.49162 0.373734 0.316055
37 -nan 6.94881 -3.32233 0 4.98801 -0.0476608 -0.558975 -2.46819 0.43174 0.2379
38 -nan 1.91735 -2.34329 0 1.05735 1.47678 0.216644 -2.33029 0.484207 0.161194
40 -nan -5.60938 0.875336 0 -1.70567 -1.7861 0.879585 -2.08203 0.534454 0.0817642
41 -nan 5.8149 3.25523 0 -5.17014 1.5988 1.25076 -1.73431 0.582214 0.00228882
42 -nan 5.23093 2.5488 0 -2.01954 -0.379509 1.25916 -1.29821 0.624321 -0.0748596
43 -nan -6.52425 -0.577904 0 -0.110916 -0.144402 0.905327 -0.785164 0.661278 -0.153374
44 -nan 3.00985 -3.15941 0 4.53326 1.52554 0.261459 -0.217422 0.696152 -0.233284
45 -nan 6.79328 -2.71681 0 3.14318 -1.79956 -0.506401 0.376244 0.727135 -0.31102
46 -nan -2.01248 0.32962 0 1.97921 1.55967 -1.12106 0.963341 0.749992 -0.386307
48 -nan -1.60351 3.05234 0 -3.44553 -0.276146 -1.28932 1.5088 0.768982 -0.463211
49 -nan 6.84617 2.88226 0 -4.15384 -0.247383 -0.913727 1.97096 0.786102 -0.540337
50 -nan 2.72224 -0.0242157 0 -3.52499 1.57083 -0.190071 2.30486 0.796684 -0.612816
51 -nan -6.30669 -2.91344 0 2.07281 -1.80073 0.56292 2.47807 0.80027 -0.684036
52 -nan 5.4064 -3.01349 0 5.29412 1.51369 1.10156 2.47255 0.799873 -0.757088
53 -nan 5.66542 -0.228394 0 4.65496 -0.171959 1.30205 2.28684 0.796425 -0.827972
54 -nan -5.91816 2.77055 0 -0.157379 -0.345253 1.1325 1.93653 0.787704 -0.895203
56 -nan 2.24995 3.13587 0 -5.78246 1.60951 0.625328 1.45139 0.771439 -0.960693
57 -nan 6.91446 0.529854 0 -5.17054 -1.79449 -0.104805 0.876137 0.750908 -1.02586
58 -nan -0.992386 -2.58632 0 -1.94778 1.46674 -0.83812 0.257881 0.727867 -1.08997
59 -nan -2.62774 -3.23106 0 4.7813 -0.0713196 -1.26969 -0.359764 0.699226 -1.15005
60 -nan 6.68904 -0.776848 0 4.78922 -0.44516 -1.17382 -0.940109 0.665268 -1.2079
61 -nan 3.43095 2.41055 0 4.44869 1.64693 -0.595619 -1.45513 0.627365 -1.2658
62 -nan -6.77207 3.30961 0 -1.87487 -1.78369 0.181053 -1.87959 0.586914 -1.32
64 -nan 4.94938 1.06913 0 -2.96249 1.4165 0.855194 -2.19884 0.541824 -1.36991
65 -nan 6.022 -2.19 0 -6.02483 0.0313416 1.24148 -2.40626 0.490433 -1.41869
66 -nan -5.1468 -3.36198 0 -1.92315 -0.546326 1.26489 -2.49854 0.437492 -1.46619
67 -nan 1.44322 -1.30741 0 -0.126251 1.6802 0.92588 -2.47282 0.382492 -1.50929
68 -nan 6.98277 1.98923 0 5.70677 -1.76175 0.292015 -2.33022 0.322227 -1.54877
69 -nan -0.0379868 3.39235 0 5.38606 1.3591 -0.473991 -2.07889 0.259033 -1.58741
70 -nan -3.61281 1.58167 0 3.86425 0.132072 -1.1013 -1.7279 0.195801 -1.6232
72 -nan 6.48638 -1.73699 0 -2.9491 -0.644035 -1.29524 -1.28678 0.131042 -1.65426
73 -nan 4.04834 -3.40004 0 -6.60849 1.70732 -0.943314 -0.770378 0.0631561 -1.68217
74 -nan -6.98444 -1.80324 0 -6.15216 -1.73344 -0.227783 -0.20182 -0.00553131 -1.70879
75 -nan 4.4425 1.51435 0 -1.08557 1.30289 0.532616 0.391975 -0.0735855 -1.73293
76 -nan 6.31392 3.38782 0 4.43195 0.22963 1.08389 0.978119 -0.140419 -1.75167
77 -nan -4.2834 2.04768 0 5.62333 -0.739799 1.29902 1.52036 -0.207977 -1.7664
78 -nan 0.601181 -1.23546 0 5.02869 1.73317 1.14497 1.97934 -0.277122 -1.78047
80 -nan 7.002 -3.3504 0 0.500626 -1.70013 0.653702 2.31165 -0.34259 -1.79208
81 -nan 0.834503 -2.24855 0 -1.9774 1.24232 -0.0679092 2.48289 -0.403755 -1.79798
82 -nan -4.51881 0.999489 0 -6.50623 0.326759 -0.807602 2.47466 -0.46405 -1.79961
83 -nan 6.23753 3.29025 0 -5.25896 -0.837486 -1.26096 2.2872 -0.522461 -1.80032
84 -nan 4.58564 2.46323 0 -2.67105 1.75481 -1.19032 1.93648 -0.575768 -1.79853
85 -nan -6.95443 -0.704475 0 4.35035 -1.65652 -0.627029 1.45293 -0.623016 -1.79172
86 -nan 3.89404 -3.20585 0 6.33105 1.17584 0.148911 0.87928 -0.665596 -1.78114
87 -nan 6.54371 -2.63537 0 5.93916 0.423439 0.83316 0.261551 -0.704514 -1.76862
89 -nan -3.3792 0.457375 0 0.613945 -0.930504 1.23382 -0.354858 -0.737717 -1.75431
90 -nan -0.258423 3.10907 0 -2.01431 1.77098 1.27248 -0.932739 -0.762581 -1.73524
