0 -nan 7 3.4 0 5.09995 1.8 -1.3 -2.5 -0.800003 -1.8
0.570776 -nan -1.88395 2.97009 0 -1.64435 -0.258568 -1.22841 -2.48483 -0.798454 -1.7989
1.14155 -nan 0.849892 1.78917 0 -3.82026 -1.30904 -1.02487 -2.44049 -0.795128 -1.79697
1.71233 -nan 6.79077 0.155998 0 4.7328 1.56546 -0.719513 -2.37014 -0.793266 -1.79758
2.28311 -nan -4.66856 -1.52343 0 -0.905838 0.794685 -0.350822 -2.26967 -0.787529 -1.79509
2.85388 -nan 3.10416 -2.8172 0 -4.43311 -1.80059 0.0390854 -2.14138 -0.7798 -1.79142
3.42466 -nan 6.14842 -3.38721 0 3.62415 0.876678 0.415787 -1.9824 -0.767075 -1.784
3.99543 -nan -6.64186 -3.09248 0 1.58978 1.51885 0.745789 -1.80209 -0.756844 -1.77971
4.56621 -nan 4.81107 -2.00484 0 -4.73985 -1.38598 1.00941 -1.59757 -0.744781 -1.77428
5.13699 -nan 5.04825 -0.403984 0 3.53996 -0.159492 1.19051 -1.37129 -0.730255 -1.76657
5.70776 -nan -6.8177 1.29184 0 2.64459 1.79688 1.28569 -1.12234 -0.713799 -1.75849
6.27854 -nan 5.9967 2.65973 0 -5.03882 -0.361145 1.28931 -0.856178 -0.697304 -1.75121
6.84932 -nan 3.43542 3.35637 0 1.24089 -1.23088 1.20053 -0.576141 -0.680389 -1.74387
7.42009 -nan -5.09492 3.20174 0 3.16116 1.6051 1.02029 -0.2836 -0.659836 -1.73318
7.99087 -nan 6.71149 2.23842 0 -4.72147 0.709129 0.75708 0.0190201 -0.635834 -1.72009
8.56164 -nan 1.27151 0.709717 0 -0.272667 -1.79099 0.428551 0.324677 -0.612694 -1.70853
9.13242 -nan -2.37388 -1.00398 0 5.09508 0.955963 0.0554504 0.627968 -0.589561 -1.69692
9.7032 -nan 6.99268 -2.46466 0 -3.96558 1.47176 -0.332764 0.923454 -0.564873 -1.6831
10.274 -nan -1.37593 -3.29463 0 -0.731598 -1.45346 -0.703598 1.21081 -0.537872 -1.66844
10.8447 -nan 0.393478 -3.28196 0 4.6694 -0.0574036 -1.01427 1.48296 -0.510605 -1.65443
11.4155 -nan 6.85983 -2.42793 0 -2.17767 1.7941 -1.22404 1.73285 -0.484177 -1.64124
11.9863 -nan -4.19608 -0.952263 0 -3.23086 -0.461273 -1.30097 1.9539 -0.455345 -1.62498
12.5571 -nan 2.74159 0.759705 0 5.35652 -1.14486 -1.23384 2.1433 -0.422699 -1.6057
13.1279 -nan 6.29623 2.27745 0 -1.89825 1.64164 -1.03538 2.29675 -0.390991 -1.58775
13.6986 -nan -6.39805 3.21925 0 -3.77688 0.621918 -0.733551 2.40965 -0.359871 -1.57014
14.2694 -nan 4.54346 3.34389 0 4.02976 -1.77492 -0.368195 2.47588 -0.329163 -1.55052
14.8402 -nan 5.27956 2.62415 0 0.0985336 1.02882 0.022377 2.49917 -0.295509 -1.52985
15.411 -nan -6.93992 1.24102 0 -4.68406 1.41948 0.398758 2.47713 -0.261818 -1.50914
15.9817 -nan 5.82127 -0.460808 0 4.04733 -1.5207 0.731483 2.41279 -0.230255 -1.49099
16.5525 -nan 3.76354 -2.04862 0 2.11337 0.0414581 0.998375 2.30139 -0.196503 -1.46875
17.1233 -nan -5.5088 -3.11395 0 -4.69394 1.78256 1.18571 2.14848 -0.161148 -1.44479
17.6941 -nan 6.61758 -3.38379 0 2.73373 -0.564362 1.28532 1.95899 -0.124939 -1.42063
18.2648 -nan 1.69873 -2.78689 0 2.55171 -1.05682 1.29193 1.73855 -0.0907745 -1.39754
18.8356 -nan -2.88706 -1.47384 0 -5.2146 1.67319 1.20362 1.49052 -0.0582962 -1.37296
19.4064 -nan 6.97278 0.208832 0 0.393127 0.5336 1.0265 1.21951 -0.0236282 -1.34695
19.9772 -nan -0.875961 1.83453 0 3.85557 -1.75095 0.767998 0.931747 0.0114822 -1.3203
20.5479 -nan -0.0800018 2.99891 0 -4.35992 1.10283 0.44545 0.636322 0.0439682 -1.2974
21.1187 -nan 6.9136 3.40031 0 -0.0351105 1.36682 0.0727844 0.332291 0.0775986 -1.26989
21.6895 -nan -3.70573 2.94238 0 5.16363 -1.5779 -0.31752 0.0275116 0.110916 -1.24198
22.2603 -nan 2.3624 1.7439 0 -3.30153 0.143494 -0.693001 -0.277374 0.147789 -1.21176
22.8311 -nan 6.42994 0.0981369 0 -1.5162 1.77016 -1.00443 -0.569931 0.179703 -1.1839
23.4018 -nan -6.09692 -1.57475 0 4.73843 -0.662582 -1.21619 -0.850868 0.211174 -1.15489
23.9726 -nan 4.26163 -2.84574 0 -2.16402 -0.965439 -1.2969 -1.11676 0.242439 -1.12331
24.5434 -nan 5.49567 -3.39124 0 -3.75557 1.70195 -1.23894 -1.36676 0.274879 -1.09261
25.1142 -nan -6.99733 -3.06767 0 5.1806 0.44278 -1.04984 -1.59566 0.305397 -1.06371
25.6849 -nan 5.62898 -1.95589 0 -1.52663 -1.7233 -0.753853 -1.80119 0.334679 -1.03316
26.2557 -nan 4.07332 -0.347336 0 -3.93867 1.17027 -0.389618 -1.98289 0.364235 -1.00056
26.8265 -nan -5.88585 1.34384 0 3.83746 1.30692 0.00274658 -2.14165 0.396294 -0.966164
27.3973 -nan 6.50964 2.69588 0 1.20398 -1.63293 0.380478 -2.27139 0.424576 -0.933891
27.968 -nan 2.10971 3.3646 0 -4.80573 0.239113 0.715492 -2.37228 0.451134 -0.901146
28.5388 -nan -3.39391 3.17964 0 3.97659 1.75034 0.984962 -2.4424 0.476128 -0.865776
29.1096 -nan 6.94028 2.19456 0 2.08285 -0.760727 1.17754 -2.48683 0.502739 -0.831093
29.6804 -nan -0.383148 0.651649 0 -4.85105 -0.872681 1.28201 -2.50266 0.52774 -0.797859
30.2511 -nan -0.566406 -1.06181 0 1.751 1.72794 1.29308 -2.48819 0.550201 -0.764824
30.8219 -nan 6.95374 -2.50458 0 2.74726 0.350372 1.20985 -2.44315 0.572845 -0.728569
31.3927 -nan -3.20507 -3.30972 0 -5.09723 -1.68457 1.03711 -2.37025 0.597092 -0.691025
31.9635 -nan 1.96288 -3.26826 0 0.378235 1.23913 0.783127 -2.26938 0.618851 -0.655342
32.5342 -nan 6.54865 -2.38721 0 4.72788 1.24609 0.460419 -2.13977 0.63826 -0.619469
33.105 -nan -5.74612 -0.897789 0 -4.16632 -1.67567 0.0886917 -1.98039 0.654938 -0.581337
33.6758 -nan 3.96333 0.814896 0 -0.240913 0.335678 -0.301605 -1.79769 0.673141 -0.543816
34.2466 -nan 5.69779 2.32052 0 4.79431 1.73059 -0.674858 -1.59179 0.690475 -0.507103
34.8174 -nan -6.9836 3.23763 0 -2.83886 -0.855614 -0.988853 -1.3646 0.704819 -0.472061
35.3881 -nan 5.42093 3.33315 0 -2.75937 -0.778091 -1.20662 -1.11446 0.718307 -0.434006
35.9589 -nan 4.3652 2.58897 0 5.14593 1.74989 -1.2982 -0.845268 0.733253 -0.394096
36.5297 -nan -6.21818 1.18841 0 -2.14079 0.252739 -1.24776 -0.562592 0.746628 -0.355721
37.1005 -nan 6.38654 -0.51754 0 -3.44357 -1.64178 -1.06301 -0.269165 0.757805 -0.318161
37.6712 -nan 2.49969 -2.09161 0 4.58131 1.29917 -0.766998 0.0340424 0.764565 -0.277863
38.242 -nan -3.89262 -3.13573 0 -0.641327 1.17867 -0.404991 0.340004 0.773712 -0.238503
38.8128 -nan 6.8954 -3.37711 0 -4.31221 -1.71627 -0.0148697 0.645065 0.781616 -0.198822
39.3836 -nan 0.0991211 -2.75007 0 4.10339 0.4272 0.360703 0.93969 0.787079 -0.163452
39.9543 -nan -1.06185 -1.42102 0 1.4631 1.7057 0.699699 1.22706 0.791557 -0.123283
40.5251 -nan 6.98161 0.266617 0 -4.82091 -0.950157 0.974937 1.49754 0.795189 -0.0832291
41.0959 -nan -2.6959 1.88512 0 3.53343 -0.678871 1.17376 1.74772 0.800529 -0.0432205
41.6667 -nan 1.54579 3.02518 0 2.19459 1.76884 1.28091 1.96696 0.801025 -0.00457001
42.2374 -nan 6.65119 3.39807 0 -5.18957 0.156471 1.29458 2.15338 0.799278 0.0353088
42.8082 -nan -5.35508 2.91383 0 0.98455 -1.58679 1.21537 2.30372 0.797073 0.0764008
43.379 -nan 3.64756 1.69364 0 3.36575 1.36018 1.04796 2.41388 0.795273 0.115967
43.9498 -nan 5.88434 0.0384827 0 -4.74017 1.11201 0.799774 2.479 0.791588 0.152481
44.5205 -nan -6.90116 -1.6263 0 0.377289 -1.7465 0.480698 2.49883 0.785774 0.191528
45.0913 -nan 5.199 -2.87817 0 4.98711 0.520386 0.111923 2.47315 0.779022 0.231377
45.6621 -nan 4.64243 -3.39821 0 -3.61005 1.67928 -0.278831 2.40564 0.774567 0.271492
46.2329 -nan -6.49857 -3.04276 0 -0.736671 -1.04275 -0.654091 2.29131 0.765442 0.30954
46.8037 -nan 6.24738 -1.90846 0 4.55809 -0.580536 -0.974503 2.13602 0.754593 0.348167
47.3744 -nan 2.87269 -0.293259 0 -2.66736 1.78085 -1.19981 1.94219 0.741234 0.38942
47.9452 -nan -4.37669 1.3961 0 -3.37518 0.0561981 -1.29771 1.71991 0.729927 0.42778
48.516 -nan 6.8357 2.72978 0 5.29653 -1.53072 -1.25295 1.47087 0.716957 0.464539
49.0868 -nan 0.564995 3.36985 0 -2.18103 1.41232 -1.07227 1.19926 0.701561 0.501602
49.6575 -nan -1.56582 3.15894 0 -3.46049 1.03875 -0.782509 0.910904 0.68544 0.540375
50.2283 -nan 6.99878 2.15131 0 4.17417 -1.7735 -0.422905 0.613129 0.670937 0.579315
50.7991 -nan -2.18252 0.59433 0 0.629128 0.610466 -0.0334778 0.31012 0.653801 0.616119
51.3699 -nan 1.11165 -1.11567 0 -4.71707 1.64619 0.347351 0.00587463 0.634178 0.652855
51.9406 -nan 6.74098 -2.54197 0 4.38184 -1.13176 0.689919 -0.296883 0.611725 0.691872
52.5114 -nan -4.92826 -3.3228 0 1.60765 -0.477104 0.967934 -0.589233 0.591049 0.72908
53.0822 -nan 3.3111 -3.25045 0 -4.71764 1.79167 1.16578 -0.867599 0.56987 0.763725
53.653 -nan 6.05362 -2.34253 0 2.28883 -0.0405121 1.2752 -1.13087 0.546135 0.798042
54.2237 -nan -6.75241 -0.840744 0 2.29359 -1.4651 1.29387 -1.37817 0.521095 0.834167
54.7945 -nan 4.96169 0.872765 0 -5.31095 1.46659 1.22257 -1.60626 0.497833 0.870674
55.3653 -nan 4.90144 2.36421 0 0.856453 0.966164 1.05936 -1.81004 0.472786 0.90493
55.9361 -nan -6.72031 3.2551 0 4.12487 -1.78935 0.813065 -1.98923 0.446251 0.938469
56.5069 -nan 6.09612 3.32267 0 -4.26482 0.699959 0.493484 -2.14465 0.415421 0.974709
57.0776 -nan 3.2297 2.55261 0 0.411011 1.60864 0.127075 -2.27254 0.387573 1.00828
57.6484 -nan -4.84039 1.13457 0 4.92732 -1.21651 -0.262329 -2.37258 0.359047 1.04104
58.2192 -nan 6.76088 -0.574142 0 -3.38916 -0.378212 -0.637146 -2.44093 0.329292 1.07051
58.79 -nan 1.0153 -2.13705 0 -2.07485 1.79607 -0.961662 -2.4841 0.298164 1.10317
59.3607 -nan -2.07671 -3.15829 0 4.7478 -0.1427 -1.19263 -2.49913 0.267303 1.13548
59.9315 -nan 7.00023 -3.37106 0 -2.57794 -1.39942 -1.2974 -2.4855 0.237648 1.16605
60.5023 -nan -1.67007 -2.71622 0 -3.35951 1.51348 -1.25848 -2.44061 0.205704 1.19547
61.0731 -nan 0.664703 -1.37077 0 5.07416 0.885696 -1.08214 -2.36652 0.170418 1.22694
61.6438 -nan 6.81856 0.322502 0 -1.17976 -1.79911 -0.796074 -2.26558 0.137024 1.257
62.2146 -nan -4.4719 1.93243 0 -3.69335 0.784477 -0.437828 -2.13742 0.104309 1.28576
62.7854 -nan 2.9572 3.04864 0 4.11819 1.56791 -0.0493011 -1.97978 0.0718079 1.31023
63.3562 -nan 6.20873 3.39452 0 1.00643 -1.29526 0.33284 -1.79807 0.0370255 1.33833
63.9269 -nan -6.54321 2.88299 0 -4.99213 -0.275063 0.675514 -1.59248 0.00257111 1.36547
64.4977 -nan 4.70494 1.64033 0 4.06522 1.80105 0.955231 -1.36785 -0.0289841 1.39126
65.0685 -nan 5.14367 -0.0194321 0 1.5605 -0.241814 1.15784 -1.11854 -0.0637665 1.4161
65.6393 -nan -6.87901 -1.67616 0 -4.9472 -1.32301 1.27344 -0.851067 -0.0991974 1.44109
66.21 -nan 5.93067 -2.90944 0 1.57816 1.56077 1.29823 -0.568275 -0.135605 1.46738
66.7808 -nan 3.569 -3.40001 0 3.07276 0.805939 1.22838 -0.27594 -0.168953 1.49014
67.3516 -nan -5.27434 -3.01518 0 -5.14355 -1.79922 1.06676 0.0244598 -0.201675 1.51035
67.9224 -nan 6.67491 -1.86064 0 0.921623 0.86496 0.822418 0.329857 -0.235794 1.53143
68.4931 -nan 1.44992 -0.234955 0 4.65472 1.52411 0.508743 0.634338 -0.269852 1.55318
69.0639 -nan -2.59278 1.45139 0 -3.88986 -1.37132 0.146187 0.930656 -0.301064 1.5733
69.6347 -nan 6.98751 2.76495 0 -0.252853 -0.176575 -0.243179 1.21719 -0.332954 1.59164
70.2055 -nan -1.16505 3.3778 0 4.53625 1.79801 -0.622925 1.48846 -0.365715 1.61017
70.7763 -nan 0.200493 3.14034 0 -3.17404 -0.34584 -0.952858 1.73974 -0.399734 1.63032
71.347 -nan 6.88264 2.10646 0 -2.84669 -1.2449 -1.18741 1.9608 -0.430077 1.64722
71.9178 -nan -3.99096 0.537514 0 5.15476 1.59933 -1.29447 2.14771 -0.458519 1.66128
72.4886 -nan 2.58804 -1.16749 0 -2.50735 0.720741 -1.26011 2.29865 -0.487518 1.67552
73.0594 -nan 6.34929 -2.57915 0 -3.03738 -1.79219 -1.09034 2.41029 -0.516525 1.69057
73.6301 -nan -6.27433 -3.33498 0 4.62624 0.943306 -0.811386 2.47863 -0.542526 1.70445
74.2009 -nan 4.43196 -3.23192 0 -0.171562 1.47873 -0.455574 2.5003 -0.567741 1.71622
74.7717 -nan 5.369 -2.30083 0 -4.41837 -1.44125 -0.066803 2.4762 -0.592453 1.72743
75.3425 -nan -6.97471 -0.786469 0 4.5113 -0.0728073 0.318039 2.40916 -0.619385 1.7411
75.9132 -nan 5.74799 0.928627 0 1.07983 1.79486 0.662514 2.2972 -0.641731 1.7512
76.484 -nan 3.88999 2.40469 0 -4.79079 -0.445236 0.94516 2.1435 -0.661812 1.75913
77.0548 -nan -5.67271 3.26871 0 3.12317 -1.15883 1.15051 1.95123 -0.680717 1.76558
77.6256 -nan 6.57536 3.30934 0 1.90151 1.63663 1.27017 1.72906 -0.70005 1.77357
78.1963 -nan 1.87051 2.51266 0 -5.2927 0.636467 1.29801 1.48206 -0.717003 1.78065
78.7671 -nan -3.10377 1.07742 0 1.23189 -1.77898 1.23177 1.21176 -0.731476 1.78532
79.3379 -nan 6.96129 -0.631485 0 3.58851 1.01843 1.07455 0.923912 -0.744751 1.78899
79.9087 -nan -0.669441 -2.18294 0 -4.6402 1.4276 0.83506 0.624786 -0.760468 1.79559
80.4794 -nan -0.279449 -3.18085 0 0.985573 -1.50917 0.523735 0.321663 -0.771202 1.79842
81.0502 -nan 6.93227 -3.3633 0 4.77508 0.0260239 0.160049 0.0178223 -0.780479 1.80048
81.621 -nan -3.49685 -2.68159 0 -3.63024 1.78241 -0.231674 -0.284874 -0.785591 1.79853
82.1918 -nan 2.20036 -1.31783 0 -1.19386 -0.547516 -0.611244 -0.577126 -0.792343 1.79959
82.7626 -nan 6.47744 0.380417 0 4.49628 -1.07303 -0.940941 -0.857864 -0.797058 1.79939
83.3333 -nan -5.95093 1.98054 0 -3.15813 1.66856 -1.17692 -1.12051 -0.798004 1.79652
83.9041 -nan 4.14262 3.0742 0 -3.12006 0.547554 -1.29163 -1.3692 -0.798409 1.7935
84.4749 -nan 5.57938 3.39278 0 5.24981 -1.75785 -1.26642 -1.59854 -0.798637 1.79121
85.0457 -nan -7.00148 2.85394 0 -1.88657 1.09386 -1.10442 -1.80473 -0.797424 1.7884
85.6164 -nan 5.54951 1.59035 0 -3.13513 1.37474 -0.827713 -1.98507 -0.792343 1.78255
86.1872 -nan 4.19118 -0.0748138 0 4.37134 -1.56791 -0.471916 -2.14 -0.783432 1.7737
86.758 -nan -6.0322 -1.72482 0 0.627655 0.127747 -0.0838699 -2.26945 -0.775642 1.76683
87.3288 -nan 6.46207 -2.93848 0 -4.92435 1.77136 0.299362 -2.37093 -0.766487 1.75934
87.8995 -nan 2.27262 -3.39874 0 4.42793 -0.643906 0.643517 -2.44148 -0.754471 1.74947
88.4703 -nan -3.60754 -2.98679 0 0.967064 -0.982658 0.930931 -2.48504 -0.740761 1.73888
89.0411 -nan 6.9245 -1.81223 0 -4.72749 1.69931 1.14288 -2.50082 -0.726746 1.7288
89.6119 -nan -0.180992 -0.175842 0 2.06163 0.457649 1.26881 -2.48867 -0.713104 1.71962
90.1826 -nan -0.771812 1.50306 0 2.5797 -1.7301 1.30009 -2.44446 -0.695229 1.70666
90.7534 -nan 6.96652 2.79678 0 -5.35683 1.16282 1.23657 -2.3699 -0.674072 1.69127
91.3242 -nan -2.99157 3.38422 0 1.50475 1.31372 1.08311 -2.26834 -0.653038 1.67672
91.895 -nan 1.79491 3.11751 0 4.16411 -1.62276 0.846542 -2.14003 -0.632065 1.66242
92.4658 -nan 6.58943 2.05835 0 -4.09425 0.223114 0.538582 -1.98401 -0.609184 1.64585
93.0365 -nan -5.58317 0.47966 0 0.37606 1.75283 0.176254 -1.8017 -0.584259 1.62833
93.6073 -nan 3.83644 -1.22262 0 4.59999 -0.743843 -0.213005 -1.59546 -0.55867 1.61082
94.1781 -nan 5.7757 -2.62007 0 -3.69006 -0.89138 -0.593971 -1.3691 -0.534676 1.59525
94.7489 -nan -6.95782 -3.34653 0 -2.33304 1.72598 -0.926147 -1.12032 -0.507416 1.57602
95.3196 -nan 5.33541 -3.21377 0 4.79404 0.363365 -1.16965 -0.851547 -0.477219 1.55446
95.8904 -nan 4.47714 -2.2608 0 -2.81582 -1.6916 -1.29089 -0.56736 -0.446266 1.53289
96.4612 -nan -6.3437 -0.731049 0 -2.76397 1.23071 -1.27137 -0.273422 -0.416504 1.51224
97.032 -nan 6.33146 0.983566 0 5.05561 1.25332 -1.11269 0.0265198 -0.386345 1.48961
97.6027 -nan 2.65481 2.44307 0 -0.770302 -1.66734 -0.839905 0.332458 -0.35392 1.4658
98.1735 -nan -4.09962 3.28355 0 -3.76527 0.320702 -0.488968 0.637596 -0.320732 1.44125
98.7443 -nan 6.87493 3.29755 0 4.42252 1.73538 -0.104118 0.935913 -0.290581 1.42047
99.3151 -nan 0.293701 2.47342 0 0.540794 -0.840164 0.280647 1.2229 -0.257141 1.39483
99.8858 -nan -1.27316 1.02304 0 -5.03683 -0.794815 0.630196 1.493 -0.223442 1.36862
100.457 -nan 6.99039 -0.685837 0 3.831 1.7485 0.923676 1.74413 -0.186386 1.34034
101.027 -nan -2.4806 -2.22703 0 1.33172 0.267471 1.13778 1.96438 -0.153069 1.31403
101.598 -nan 1.36978 -3.20023 0 -5.0121 -1.64886 1.26458 2.15101 -0.119728 1.28648
102.169 -nan 6.68656 -3.35064 0 1.71551 1.29045 1.2982 2.2996 -0.0849915 1.2563
102.74 -nan -5.17616 -2.64464 0 3.36464 1.18729 1.24102 2.40995 -0.0497055 1.22674
103.311 -nan 3.51233 -1.26268 0 -5.10023 -1.70922 1.09537 2.47796 -0.0166931 1.19943
103.881 -nan 5.95443 0.439972 0 1.46339 0.414291 0.863571 2.49864 0.016716 1.16975
104.452 -nan -6.8462 2.02715 0 4.39832 1.70937 0.558517 2.47269 0.0506363 1.1385
105.023 -nan 5.10836 3.09889 0 -3.80457 -0.936615 0.196266 2.4022 0.0879211 1.10509
105.594 -nan 4.74734 3.38962 0 -0.576241 -0.695862 -0.191101 2.28848 0.12085 1.07405
106.164 -nan -6.60059 2.82223 0 4.42668 1.76715 -0.573196 2.13383 0.153427 1.0422
106.735 -nan 6.18748 1.53905 0 -3.66083 0.170837 -0.908134 1.93947 0.185577 1.00735
107.306 -nan 3.02048 -0.132515 0 -2.60826 -1.59718 -1.15884 1.71606 0.218643 0.973969
107.877 -nan -4.57675 -1.7755 0 5.14387 1.35136 -1.28824 1.46644 0.250381 0.941139
108.447 -nan 6.80878 -2.96898 0 -2.42013 1.12249 -1.27688 1.19624 0.279877 0.908913
109.018 -nan 0.75428 -3.39969 0 -2.69835 -1.74129 -1.12518 0.907303 0.310814 0.873398
109.589 -nan -1.77987 -2.96114 0 4.75617 0.508354 -0.856117 0.606606 0.343468 0.836639
110.16 -nan 7.00122 -1.76464 0 -0.0174942 1.68215 -0.507126 0.30233 0.373886 0.801346
110.731 -nan -1.96812 -0.118393 0 -4.65504 -1.02763 -0.120033 -0.00119019 0.401855 0.766281
111.301 -nan 0.929016 1.55246 0 4.64692 -0.595955 0.266365 -0.301292 0.428673 0.728668
111.872 -nan 6.77166 2.8278 0 0.515228 1.77885 0.619141 -0.593872 0.456825 0.691078
112.443 -nan -4.73656 3.38921 0 -4.70124 0.072731 0.912338 -0.873085 0.483376 0.655182
113.014 -nan 3.16844 3.09177 0 2.73244 -1.54268 1.1287 -1.13525 0.507126 0.62027
113.584 -nan 6.11786 2.01167 0 2.05459 1.40541 1.25956 -1.38106 0.531181 0.582436
114.155 -nan -6.67182 0.423813 0 -5.33026 1.04942 1.30037 -1.60901 0.556999 0.54287
114.726 -nan 4.86231 -1.27662 0 1.83726 -1.76957 1.24793 -1.81348 0.580948 0.50489
115.297 -nan 5.0006 -2.6563 0 3.63988 0.598793 1.10385 -1.99249 0.60247 0.467384
115.868 -nan -6.79446 -3.35395 0 -4.44641 1.64774 0.871971 -2.1438 0.621178 0.427467
116.438 -nan 6.03094 -3.19432 0 1.13515 -1.11537 0.569626 -2.27098 0.641243 0.388245
117.009 -nan 3.36849 -2.21704 0 4.47533 -0.494225 0.212029 -2.37098 0.660522 0.34903
117.58 -nan -5.02997 -0.670853 0 -3.97349 1.79025 -0.171577 -2.44139 0.676094 0.313568
118.151 -nan 6.72928 1.0396 0 -1.59595 -0.0247879 -0.555428 -2.48348 0.692085 0.273712
118.721 -nan 1.19743 2.48356 0 4.52187 -1.47874 -0.895844 -2.49731 0.707626 0.23365
119.292 -nan -2.29343 3.3014 0 -3.41227 1.46124 -1.15314 -2.48467 0.724365 0.193771
119.863 -nan 6.99767 3.28281 0 -2.55853 0.976303 -1.28714 -2.44062 0.736786 0.155174
120.434 -nan -1.45888 2.43314 0 5.26274 -1.78581 -1.27879 -2.36594 0.746826 0.115051
121.005 -nan 0.474213 0.970207 0 -1.33553 0.686928 -1.13152 -2.26431 0.757401 0.0742493
121.575 -nan 6.84375 -0.741722 0 -3.06287 1.61226 -0.86689 -2.13651 0.7677 0.0342789
122.146 -nan -4.26833 -2.27132 0 4.52576 -1.19941 -0.523048 -1.98367 0.774963 -0.00167847
122.717 -nan 2.80849 -3.21851 0 0.131737 -0.395393 -0.136162 -1.80292 0.781418 -0.0412521
123.288 -nan 6.2664 -3.34134 0 -5.04408 1.79581 0.250702 -1.59811 0.786766 -0.0808716
123.858 -nan -6.43776 -2.61057 0 4.21407 -0.126587 0.606361 -1.37287 0.794853 -0.120949
124.429 -nan 4.59879 -1.20896 0 0.59819 -1.41227 0.901642 -1.12583 0.797401 -0.159355
125 -nan 5.23581 0.496559 0 -4.69724 1.50825 1.12182 -0.86042 0.798485 -0.198143
125.571 -nan -6.92675 2.0701 0 2.21012 0.895981 1.25644 -0.577301 0.79805 -0.239471
126.142 -nan 5.85916 3.12156 0 3.06931 -1.79718 1.30038 -0.285484 0.798477 -0.278221
126.712 -nan 3.70106 3.38272 0 -5.36922 0.771164 1.25079 0.0130539 0.796814 -0.315071
127.283 -nan -5.4492 2.78645 0 2.03424 1.57333 1.10954 0.316185 0.792625 -0.352226
127.854 -nan 6.63695 1.48725 0 3.93803 -1.28002 0.883499 0.620979 0.788254 -0.391632
128.425 -nan 1.62533 -0.190964 0 -4.0157 -0.292847 0.585426 0.920364 0.785553 -0.430618
128.995 -nan -2.80878 -1.82632 0 -0.0592346 1.80158 0.23037 1.20726 0.779427 -0.467598
129.566 -nan 6.98029 -2.99673 0 4.38348 -0.226311 -0.156792 1.4782 0.77079 -0.504959
130.137 -nan -0.958382 -3.39921 0 -4.09026 -1.33615 -0.543732 1.72905 0.759827 -0.544617
130.708 -nan 0.00307465 -2.93267 0 -2.10595 1.5545 -0.886337 1.95182 0.75032 -0.581924
131.279 -nan 6.90239 -1.71354 0 4.86539 0.817429 -1.144 2.14106 0.739281 -0.617462
131.849 -nan -3.78135 -0.0594254 0 -2.74705 -1.79842 -1.28119 2.29217 0.725449 -0.652184
132.42 -nan 2.4304 1.60371 0 -2.29377 0.852432 -1.28021 2.40488 0.711205 -0.688965
132.991 -nan 6.40301 2.86159 0 5.1357 1.53149 -1.14148 2.47652 0.698448 -0.725983
133.562 -nan -6.14407 3.39493 0 -0.646286 -1.35838 -0.882217 2.501 0.683571 -0.760803
134.132 -nan 4.31808 3.06804 0 -4.1101 -0.192673 -0.53849 2.47834 0.666298 -0.795029
134.703 -nan 5.45349 1.96799 0 4.56245 1.79866 -0.14975 2.40919 0.64566 -0.831947
135.274 -nan -6.99352 0.367737 0 0.00782013 -0.329521 0.237686 2.29832 0.626884 -0.866661
135.845 -nan 5.67091 -1.3298 0 -4.88864 -1.25903 0.592628 2.14655 0.607224 -0.899948
136.416 -nan 4.01365 -2.68961 0 3.46779 1.59291 0.888474 1.95615 0.585007 -0.930817
136.986 -nan -5.83116 -3.36191 0 1.51703 0.733681 1.11261 1.73368 0.561768 -0.964302
137.557 -nan 6.53225 -3.17455 0 -5.02269 -1.79498 1.25299 1.48576 0.539665 -0.997963
138.128 -nan 2.03801 -2.1716 0 2.1563 0.932922 1.30141 1.21642 0.517136 -1.02951
138.699 -nan -3.31872 -0.614525 0 3.37429 1.48559 1.25546 0.92939 0.492157 -1.0601
139.269 -nan 6.94981 1.09243 0 -4.98139 -1.43029 1.11662 0.627983 0.463303 -1.09322
139.84 -nan -0.465584 2.52285 0 1.69627 -0.0882492 0.894112 0.323967 0.436562 -1.12428
140.411 -nan -0.481926 3.3149 0 4.07917 1.79562 0.59713 0.0194778 0.409325 -1.15476
140.982 -nan 6.94479 3.26419 0 -4.02813 -0.428162 0.243126 -0.279259 0.380379 -1.1807
141.553 -nan -3.28271 2.39203 0 -0.930023 -1.17561 -0.143692 -0.572273 0.350677 -1.21043
142.123 -nan 2.03506 0.913857 0 4.4836 1.63177 -0.529549 -0.853394 0.320122 -1.23935
142.694 -nan 6.52517 -0.802071 0 -3.98737 0.65049 -0.873528 -1.11754 0.292686 -1.26693
143.265 -nan -5.80046 -2.31438 0 -2.10345 -1.78278 -1.1356 -1.36504 0.260765 -1.29354
143.836 -nan 4.02202 -3.23672 0 5.1781 1.00928 -1.27991 -1.59327 0.227646 -1.32072
144.406 -nan 5.65819 -3.33302 0 -1.98064 1.43358 -1.28572 -1.80077 0.193878 -1.34909
144.977 -nan -6.99135 -2.57319 0 -2.58355 -1.49821 -1.15036 -1.98143 0.162178 -1.37405
145.548 -nan 5.46552 -1.15482 0 4.84763 0.0109177 -0.893402 -2.13461 0.129547 -1.39639
146.119 -nan 4.30813 0.551567 0 -0.365135 1.78386 -0.552002 -2.26313 0.0953217 -1.4202
146.689 -nan -6.17086 2.11582 0 -4.81803 -0.530556 -0.167816 -2.3651 0.0612488 -1.44418
147.26 -nan 6.41231 3.14615 0 4.47967 -1.09118 0.217354 -2.43945 0.0300064 -1.46677
147.831 -nan 2.43226 3.37646 0 0.0843506 1.66565 0.574699 -2.48353 -0.00389862 -1.488
148.402 -nan -3.81835 2.75408 0 -4.54865 0.561317 0.876923 -2.49895 -0.0388794 -1.50925
148.973 -nan 6.90798 1.43732 0 2.74783 -1.76326 1.10779 -2.48743 -0.0754776 -1.53252
149.543 -nan 0.0162506 -0.248642 0 2.51546 1.08472 1.25069 -2.44564 -0.10907 -1.55225
150.114 -nan -0.978989 -1.87356 0 -5.35583 1.38032 1.3006 -2.37344 -0.142326 -1.5696
150.685 -nan 6.9757 -3.02049 0 2.43798 -1.55595 1.25687 -2.2724 -0.177048 -1.58696
151.256 -nan -2.77562 -3.39693 0 3.4277 0.11248 1.12357 -2.14606 -0.211655 -1.60555
151.826 -nan 1.62 -2.90132 0 -4.3437 1.77327 0.906502 -1.99503 -0.243362 -1.62261
152.397 -nan 6.63062 -1.66163 0 0.747055 -0.62706 0.612297 -1.81605 -0.27578 -1.63798
152.968 -nan -5.41414 -0.00178528 0 4.26086 -1.00024 0.259209 -1.61192 -0.308975 -1.6531
153.539 -nan 3.70941 1.65453 0 -4.39501 1.69801 -0.128746 -1.38542 -0.344276 -1.67068
154.11 -nan 5.84805 2.893 0 -1.54246 0.469894 -0.51461 -1.1396 -0.375587 -1.68478
154.68 -nan -6.9187 3.39735 0 4.61758 -1.73536 -0.861 -0.874702 -0.405846 -1.69682
155.251 -nan 5.24577 3.04218 0 -3.31915 1.15308 -1.12645 -0.592705 -0.436295 -1.70772
155.822 -nan 4.58644 1.92063 0 -1.97954 1.32076 -1.27623 -0.299881 -0.466721 -1.72004
156.393 -nan -6.46039 0.308495 0 5.31316 -1.612 -1.28793 -0.00138855 -0.494377 -1.73135
156.963 -nan 6.2765 -1.38454 0 -1.11611 0.207596 -1.15824 0.302597 -0.521019 -1.74052
157.534 -nan 2.8076 -2.7254 0 -3.34344 1.75529 -0.90715 0.606812 -0.547058 -1.74884
158.105 -nan -4.30551 -3.37305 0 4.57401 -0.728569 -0.569176 0.908974 -0.576241 -1.76046
158.676 -nan 6.85116 -3.15443 0 -0.505112 -0.907005 -0.185944 1.19724 -0.600563 -1.76816
159.247 -nan 0.485367 -2.12688 0 -4.95793 1.72363 0.202148 1.46909 -0.623497 -1.77502
159.817 -nan -1.48235 -0.560081 0 3.9185 0.375618 0.562927 1.71947 -0.644623 -1.77859
160.388 -nan 6.99468 1.14628 0 0.724472 -1.69839 0.868011 1.94365 -0.666389 -1.7849
160.959 -nan -2.26449 2.56104 0 -4.61618 1.22099 1.09937 2.13486 -0.68605 -1.79001
161.53 -nan 1.18811 3.32536 0 2.61208 1.26261 1.24424 2.28712 -0.701988 -1.79246
162.1 -nan 6.72231 3.24807 0 3.22205 -1.6588 1.29974 2.40059 -0.718567 -1.79488
162.671 -nan -4.99336 2.35219 0 -5.32595 0.306702 1.26367 2.47242 -0.735756 -1.79868
163.242 -nan 3.37637 0.858276 0 2.26112 1.73799 1.13576 2.49816 -0.750504 -1.80131
163.813 -nan 6.02178 -0.857155 0 3.56738 -0.823486 0.920776 2.47622 -0.762138 -1.80154
164.384 -nan -6.77921 -2.35385 0 -4.15295 -0.809227 0.627068 2.40587 -0.770874 -1.79871
164.954 -nan 5.01121 -3.25375 0 -0.475594 1.74527 0.277603 2.29461 -0.780281 -1.79807
165.525 -nan 4.84913 -3.3203 0 4.42662 0.281029 -0.106537 2.14243 -0.788116 -1.79681
166.096 -nan -6.69058 -2.5313 0 -4.40949 -1.65719 -0.489677 1.95311 -0.791504 -1.79269
166.667 -nan 6.12704 -1.09933 0 -1.56115 1.2825 -0.840805 1.72988 -0.795197 -1.78883
167.237 -nan 3.16502 0.609306 0 4.9236 1.19707 -1.11402 1.47964 -0.797676 -1.78478
167.808 -nan -4.77406 2.16374 0 -2.41051 -1.70369 -1.27419 1.20955 -0.80069 -1.78241
168.379 -nan 6.78058 3.16759 0 -2.12418 0.400131 -1.29286 0.920952 -0.798248 -1.77553
168.95 -nan 0.937622 3.36889 0 5.18154 1.71191 -1.16879 0.619934 -0.793388 -1.767
169.521 -nan -1.99297 2.72176 0 -0.98481 -0.920067 -0.921631 0.313667 -0.788277 -1.75919
170.091 -nan 7.00069 1.38509 0 -4.38454 -0.712105 -0.586395 0.00901794 -0.782364 -1.75168
170.662 -nan -1.75306 -0.307335 0 4.51997 1.76286 -0.204659 -0.289383 -0.773003 -1.74164
171.233 -nan 0.74131 -1.92098 0 -0.394302 0.186523 0.185699 -0.581909 -0.762016 -1.73076
171.804 -nan 6.8019 -3.04763 0 -4.61532 -1.60746 0.548576 -0.862976 -0.75058 -1.72031
172.374 -nan -4.54105 -3.39699 0 3.40625 1.34438 0.857124 -1.12817 -0.739929 -1.71148
172.945 -nan 3.02449 -2.8711 0 2.00053 1.13235 1.09158 -1.37429 -0.724998 -1.69907
173.516 -nan 6.17861 -1.61209 0 -5.05417 -1.7363 1.24123 -1.60086 -0.706818 -1.68427
174.087 -nan -6.57858 0.0533142 0 2.64214 0.495644 1.30053 -1.80604 -0.68811 -1.66983
174.658 -nan 4.75964 1.70399 0 3.06285 1.68482 1.26675 -1.98631 -0.669373 -1.65591
175.228 -nan 5.09493 2.92105 0 -4.85383 -1.00921 1.14006 -2.13767 -0.648499 -1.63987
175.799 -nan -6.85875 3.39697 0 1.46258 -0.613182 0.927635 -2.2644 -0.625648 -1.6228
176.37 -nan 5.96325 3.01551 0 3.83893 1.77685 0.639412 -2.3647 -0.601631 -1.60532
176.941 -nan 3.5074 1.87209 0 -4.39509 0.0889587 0.29464 -2.43947 -0.580414 -1.59113
177.511 -nan -5.21369 0.25029 0 -0.890251 -1.55445 -0.0881729 -2.48248 -0.554749 -1.57249
178.082 -nan 6.69567 -1.43716 0 4.63164 1.39964 -0.475609 -2.49693 -0.527496 -1.55275
178.653 -nan 1.37358 -2.75936 0 -4.03565 1.05809 -0.831062 -2.48338 -0.497696 -1.53167
179.224 -nan -2.50842 -3.37997 0 -1.56892 -1.76515 -1.10742 -2.44165 -0.469833 -1.51199
179.795 -nan 6.99138 -3.1312 0 5.24083 0.584625 -1.26876 -2.37033 -0.440689 -1.49063
180.365 -nan -1.24799 -2.07993 0 -1.67111 1.65149 -1.29177 -2.27008 -0.409225 -1.4671
180.936 -nan 0.279823 -0.50235 0 -2.80547 -1.09887 -1.17415 -2.14387 -0.377258 -1.44384
181.507 -nan 6.86939 1.20258 0 4.84409 -0.513298 -0.934914 -1.99467 -0.347725 -1.42341
182.078 -nan -4.06435 2.60012 0 -0.957184 1.78984 -0.602165 -1.81754 -0.315788 -1.39974
182.648 -nan 2.65561 3.33741 0 -4.72317 -0.00887299 -0.2201 -1.61608 -0.283043 -1.37495
183.219 -nan 6.32224 3.23343 0 4.17046 -1.49096 0.174065 -1.38995 -0.246567 -1.34808
183.79 -nan -6.31886 2.3112 0 0.0210724 1.45464 0.537132 -1.14642 -0.213646 -1.32304
184.361 -nan 4.48924 0.802498 0 -4.35648 0.986229 0.846863 -0.884598 -0.180222 -1.2972
184.932 -nan 5.32259 -0.911011 0 3.1058 -1.7815 1.0817 -0.606033 -0.145416 -1.26786
185.502 -nan -6.96275 -2.39499 0 2.75207 0.673576 1.23589 -0.315666 -0.110497 -1.2403
186.073 -nan 5.78553 -3.27069 0 -5.38444 1.61771 1.2995 -0.017662 -0.0766449 -1.21324
186.644 -nan 3.83129 -3.30654 0 2.80302 -1.18382 1.2701 0.283356 -0.0444412 -1.18652
187.215 -nan -5.61877 -2.4931 0 3.06057 -0.412392 1.14746 0.586929 -0.009552 -1.15629
187.785 -nan 6.59894 -1.04631 0 -4.41724 1.79698 0.938301 0.887794 0.0270157 -1.12511
188.356 -nan 1.79549 0.665901 0 0.179718 -0.111504 0.653679 1.17696 0.0613403 -1.09537
188.927 -nan -3.02344 2.20749 0 4.26975 -1.42551 0.308563 1.44931 0.094368 -1.06508
189.498 -nan 6.96814 3.18536 0 -4.72655 1.50156 -0.0744095 1.69949 0.127663 -1.03176
190.068 -nan -0.751488 3.35984 0 -1.08537 0.907143 -0.462799 1.92545 0.161507 -0.999321
190.639 -nan -0.197418 2.68575 0 4.6782 -1.79546 -0.817726 2.11991 0.194145 -0.967712
191.21 -nan 6.92149 1.32886 0 -2.93952 0.75708 -1.09663 2.27686 0.22419 -0.937111
191.781 -nan -3.57103 -0.365639 0 -1.63377 1.57914 -1.26375 2.39373 0.255875 -0.903198
192.352 -nan 2.27143 -1.96827 0 5.34875 -1.26707 -1.2947 2.46916 0.289497 -0.867798
192.922 -nan 6.45276 -3.07449 0 -1.42884 -0.3088 -1.18336 2.49957 0.321304 -0.833809
193.493 -nan -6.00446 -3.39359 0 -3.7029 1.80169 -0.945679 2.48264 0.350754 -0.800087
194.064 -nan 4.20129 -2.83909 0 4.51237 -0.211411 -0.613136 2.41673 0.379356 -0.763336
194.635 -nan 5.53584 -1.56227 0 -1.0172 -1.34983 -0.231552 2.3093 0.408722 -0.72718
195.205 -nan -6.99985 0.110901 0 -4.68954 1.54849 0.158989 2.16129 0.437073 -0.691582
195.776 -nan 5.58976 1.75647 0 3.89295 0.830666 0.521065 1.97697 0.461739 -0.658379
196.347 -nan 4.13586 2.95084 0 1.2758 -1.79911 0.833061 1.75706 0.487526 -0.621544
196.918 -nan -5.98325 3.39935 0 -4.57934 0.841423 1.07482 1.50899 0.51403 -0.58371
197.489 -nan 6.48801 2.991 0 3.0348 1.53753 1.23391 1.23931 0.540398 -0.546501
198.059 -nan 2.20101 1.82371 0 2.91483 -1.34509 1.30053 0.952972 0.563538 -0.510048
198.63 -nan -3.52988 0.193855 0 -5.2691 -0.206863 1.27132 0.653152 0.584641 -0.471291
199.201 -nan 6.93351 -1.48628 0 2.00934 1.79815 1.15182 0.347549 0.60656 -0.432274
199.772 -nan -0.265167 -2.79188 0 3.22495 -0.313377 0.946144 0.0415115 0.627899 -0.393661
200.342 -nan -0.68927 -3.38473 0 -4.37287 -1.27477 0.666336 -0.256523 0.64505 -0.35894
200.913 -nan 6.95951 -3.10715 0 -0.430145 1.58892 0.322121 -0.550392 0.663063 -0.320061
201.484 -nan -3.06879 -2.03387 0 4.67484 0.746033 -0.0600052 -0.83226 0.679726 -0.281044
202.055 -nan 1.86778 -0.445496 0 -4.50758 -1.79878 -0.450653 -1.10141 0.699326 -0.241806
202.626 -nan 6.56855 1.25648 0 -0.941956 0.922173 -0.807007 -1.34933 0.713074 -0.203682
203.196 -nan -5.6414 2.63631 0 4.94944 1.4909 -1.08995 -1.57748 0.725975 -0.164688
203.767 -nan 3.89847 3.34662 0 -2.19608 -1.4175 -1.26114 -1.78473 0.738258 -0.122871
204.338 -nan 5.73396 3.21445 0 -2.39857 -0.104195 -1.29634 -1.96754 0.750427 -0.0838699
204.909 -nan -6.96733 2.26701 0 5.16569 1.79483 -1.18926 -2.12328 0.759911 -0.0466385
205.479 -nan 5.37897 0.744156 0 -1.53627 -0.411171 -0.955345 -2.25243 0.767578 -0.0079422
206.05 -nan 4.42268 -0.967484 0 -4.36272 -1.19096 -0.628105 -2.35548 0.775177 0.0320511
206.621 -nan -6.30305 -2.4384 0 4.33833 1.62927 -0.249435 -2.43378 0.78492 0.0720139
207.192 -nan 6.36182 -3.28768 0 -0.434128 0.662163 0.141006 -2.48053 0.790253 0.110878
207.763 -nan 2.58777 -3.29269 0 -4.27031 -1.78642 0.507156 -2.49799 0.793678 0.149727
208.333 -nan -4.02504 -2.45503 0 3.63691 1.00019 0.82383 -2.48582 0.795555 0.191826
208.904 -nan 6.88641 -0.99205 0 2.20831 1.43974 1.06834 -2.44726 0.798164 0.231308
209.475 -nan 0.211983 0.722763 0 -5.13411 -1.48515 1.22843 -2.37984 0.798676 0.269241
210.046 -nan -1.18944 2.24984 0 3.01296 -0.00567627 1.29672 -2.28296 0.796074 0.306541
210.616 -nan 6.98436 3.20486 0 2.58519 1.78495 1.27381 -2.15943 0.793915 0.34642
211.187 -nan -2.56068 3.35255 0 -4.83728 -0.512581 1.16076 -2.0116 0.7929 0.385872
211.758 -nan 1.44486 2.65068 0 1.01332 -1.10717 0.959686 -1.83791 0.789497 0.423546
212.329 -nan 6.66972 1.27657 0 3.90982 1.66266 0.679306 -1.63825 0.783081 0.461479
212.9 -nan -5.24025 -0.419861 0 -4.76568 0.572075 0.334305 -1.41357 0.774567 0.501968
213.47 -nan 3.57691 -2.01485 0 -0.534103 -1.76704 -0.047348 -1.17085 0.766937 0.540588
214.041 -nan 5.91751 -3.09842 0 4.67589 1.07433 -0.43576 -0.910683 0.758011 0.577522
214.612 -nan -6.86519 -3.38549 0 -3.73304 1.38633 -0.79213 -0.634705 0.745758 0.612846
215.183 -nan 5.15253 -2.80547 0 -1.23278 -1.54473 -1.07891 -0.344704 0.733376 0.650688
215.753 -nan 4.69485 -1.50983 0 5.25319 0.0951462 -1.25717 -0.0463943 0.722145 0.68856
216.324 -nan -6.56731 0.171028 0 -1.79021 1.77565 -1.29899 0.255745 0.709755 0.724495
216.895 -nan 6.22018 1.80592 0 -3.09361 -0.610512 -1.19752 0.558792 0.694679 0.759888
217.466 -nan 2.95381 2.97842 0 4.77761 -1.01487 -0.966423 0.860985 0.676285 0.798279
218.037 -nan -4.506 3.40073 0 -1.56312 1.69389 -0.642334 1.15129 0.65934 0.834381
218.607 -nan 6.82575 2.9639 0 -4.45932 0.482384 -0.264183 1.42654 0.641808 0.869972
219.178 -nan 0.674423 1.77284 0 4.08815 -1.73899 0.125397 1.6773 0.620758 0.901649
219.749 -nan -1.69723 0.136208 0 0.406181 1.14327 0.494232 1.9061 0.599876 0.936951
220.32 -nan 6.99757 -1.5386 0 -4.26133 1.32911 0.812218 2.10337 0.578247 0.971573
220.89 -nan -2.04865 -2.82783 0 3.55549 -1.60278 1.05975 2.26499 0.558823 1.00443
221.461 -nan 1.00591 -3.39005 0 2.59064 0.192596 1.22363 2.3849 0.534561 1.03695
222.032 -nan 6.75582 -3.08393 0 -5.36617 1.75828 1.29778 2.4623 0.508644 1.07052
222.603 -nan -4.80579 -1.99033 0 2.65047 -0.711807 1.27953 2.49541 0.482742 1.1044
223.174 -nan 3.23721 -0.388725 0 2.68461 -0.922592 1.16866 2.48153 0.457054 1.136
223.744 -nan 6.0836 1.30865 0 -4.54929 1.71874 0.968651 2.41863 0.429382 1.16428
224.315 -nan -6.69952 2.67 0 0.0202255 0.390137 0.691948 2.31297 0.400604 1.19473
224.886 -nan 4.91145 3.35608 0 4.49174 -1.70525 0.352676 2.16574 0.371048 1.22534
225.457 -nan 4.95163 3.19501 0 -4.82819 1.21133 -0.0230789 1.98402 0.345093 1.25397
226.027 -nan -6.77151 2.22303 0 -0.413994 1.27083 -0.412048 1.76448 0.314423 1.28195
226.598 -nan 6.06452 0.688049 0 4.66088 -1.65122 -0.773354 1.51644 0.283028 1.30969
227.169 -nan 3.30488 -1.02184 0 -2.64746 0.292862 -1.06863 1.2448 0.24984 1.34021
227.74 -nan -4.96376 -2.47826 0 -1.81161 1.74028 -1.25222 0.957779 0.218979 1.36599
228.311 -nan 6.74863 -3.3008 0 5.33205 -0.807068 -1.30011 0.65834 0.186821 1.39044
228.881 -nan 1.11945 -3.27592 0 -2.06458 -0.825806 -1.20429 0.351418 0.152641 1.41471
229.452 -nan -2.20994 -2.41408 0 -3.80964 1.74201 -0.981636 0.0446014 0.119247 1.44006
230.023 -nan 6.99848 -0.934456 0 4.4058 0.297653 -0.663063 -0.256241 0.0879364 1.46373
230.594 -nan -1.54015 0.780815 0 -1.08644 -1.66648 -0.286003 -0.549988 0.0550461 1.48585
231.164 -nan 0.551399 2.293 0 -4.29335 1.27431 0.107346 -0.833313 0.0203247 1.50811
231.735 -nan 6.83103 3.22569 0 4.13654 1.20644 0.480911 -1.10351 -0.0158386 1.53248
232.306 -nan -4.34326 3.34344 0 1.67868 -1.69666 0.801994 -1.35284 -0.0495605 1.5536
232.877 -nan 2.87755 2.61391 0 -4.66107 0.38652 1.05182 -1.58067 -0.0832062 1.57243
233.447 -nan 6.23542 1.22412 0 3.27135 1.71386 1.21812 -1.78632 -0.118271 1.59042
234.018 -nan -6.47313 -0.476326 0 2.29348 -0.902695 1.29575 -1.96912 -0.153336 1.60969
234.589 -nan 4.65153 -2.06265 0 -5.2328 -0.730103 1.28112 -2.12534 -0.185562 1.62754
235.16 -nan 5.18928 -3.12186 0 1.57124 1.76094 1.17331 -2.25416 -0.218002 1.64333
235.731 -nan -6.91178 -3.38025 0 3.20226 0.202408 0.977684 -2.35599 -0.251503 1.65865
236.301 -nan 5.8967 -2.77534 0 -4.60267 -1.61893 0.704315 -2.4334 -0.287567 1.67687
236.872 -nan 3.63952 -1.45809 0 0.0197601 1.33749 0.368355 -2.47986 -0.319901 1.69145
237.443 -nan -5.39111 0.228668 0 4.82479 1.14053 -0.00898743 -2.49732 -0.351532 1.70465
238.014 -nan 6.6582 1.85065 0 -4.37649 -1.72955 -0.399284 -2.48341 -0.383659 1.71523
238.584 -nan 1.5491 3.00504 0 -0.626114 0.481041 -0.76223 -2.44457 -0.415154 1.72779
239.155 -nan -2.72557 3.39927 0 4.94051 1.68794 -1.05734 -2.37778 -0.445099 1.73918
239.726 -nan 6.98338 2.93172 0 -2.26373 -0.992622 -1.24471 -2.28255 -0.472221 1.74786
240.297 -nan -1.03788 1.72308 0 -2.80003 -0.631111 -1.29904 -2.15952 -0.500534 1.75627
240.868 -nan 0.0832138 0.0790253 0 5.12469 1.77736 -1.21225 -2.01183 -0.530693 1.76682
241.438 -nan 6.89204 -1.59138 0 -2.03634 0.103394 -0.994148 -1.8391 -0.557693 1.77513
242.009 -nan -3.85905 -2.85958 0 -4.05094 -1.56584 -0.676575 -1.64244 -0.582588 1.78167
242.58 -nan 2.50248 -3.39293 0 4.19917 1.39319 -0.296768 -1.41907 -0.606422 1.78484
243.151 -nan 6.37415 -3.05997 0 -0.166809 1.06779 0.0960388 -1.17896 -0.630157 1.79026
243.721 -nan -6.19057 -1.94321 0 -4.07497 -1.76015 0.468407 -0.92057 -0.65255 1.79475
244.292 -nan 4.37284 -0.327881 0 4.02485 0.569542 0.787735 -0.649086 -0.669914 1.79591
244.863 -nan 5.41055 1.36264 0 2.00043 1.6564 1.04169 -0.361389 -0.689316 1.79764
245.434 -nan -6.9872 2.70653 0 -5.19292 -1.0832 1.21334 -0.0648651 -0.707787 1.79922
246.005 -nan 5.71139 3.36803 0 3.07406 -0.530502 1.29673 0.236183 -0.726112 1.80187
246.575 -nan 3.95618 3.17483 0 2.21064 1.78935 1.28413 0.53791 -0.739929 1.80032
247.146 -nan -5.77849 2.17974 0 -4.88649 0.00518036 1.17813 0.83712 -0.75209 1.79696
247.717 -nan 6.55658 0.634727 0 0.743172 -1.50215 0.985344 1.12813 -0.76432 1.79436
248.288 -nan 1.9622 -1.07627 0 4.18167 1.44839 0.715309 1.40339 -0.774918 1.79165
248.858 -nan -3.2389 -2.51667 0 -4.94407 0.995872 0.382523 1.65599 -0.781349 1.7862
249.429 -nan 6.95592 -3.31281 0 -0.00422668 -1.77893 0.00569916 1.88577 -0.787315 1.78012
250 -nan -0.546021 -3.26066 0 4.54778 0.660027 -0.384262 2.08611 -0.792641 1.77404
250.571 -nan -0.401573 -2.37373 0 -3.33404 1.62435 -0.749886 2.25269 -0.798676 1.76993
251.142 -nan 6.93936 -0.878357 0 -1.24525 -1.1699 -1.04825 2.37693 -0.799469 1.76141
251.712 -nan -3.36136 0.83551 0 5.23875 -0.428963 -1.24121 2.45824 -0.797943 1.75102
252.283 -nan 2.10959 2.33381 0 -2.3273 1.79598 -1.30075 2.49551 -0.795738 1.74057
252.854 -nan 6.49895 3.24318 0 -3.19823 -0.0959854 -1.21722 2.48711 -0.792778 1.73075
253.425 -nan -5.85346 3.32987 0 4.66985 -1.4369 -1.00199 2.43085 -0.786095 1.71837
253.995 -nan 4.07951 2.57458 0 -1.84168 1.49489 -0.686081 2.32992 -0.777702 1.70472
254.566 -nan 5.61617 1.16934 0 -4.12375 0.918114 -0.310928 2.18767 -0.768654 1.69117
255.137 -nan -6.99569 -0.536385 0 4.35307 -1.7952 0.0802383 2.00996 -0.761116 1.68002
255.708 -nan 5.50893 -2.10948 0 0.900871 0.745728 0.453041 1.79522 -0.748871 1.66495
256.279 -nan 4.25397 -3.14442 0 -4.29339 1.58461 0.778091 1.55017 -0.734077 1.648
256.849 -nan -6.12463 -3.37536 0 3.81647 -1.25373 1.03605 1.28027 -0.717827 1.63032
257.42 -nan 6.44046 -2.74219 0 2.05711 -0.324806 1.21077 0.994507 -0.701752 1.61355
257.991 -nan 2.36002 -1.40479 0 -5.36641 1.79948 1.29334 0.697311 -0.683136 1.59479
258.562 -nan -3.74154 0.285507 0 2.11674 -0.19384 1.2834 0.391953 -0.662193 1.5743
259.132 -nan 6.91504 1.8986 0 2.49615 -1.36271 1.18185 0.0843048 -0.640167 1.55336
259.703 -nan -0.0630569 3.03389 0 -4.64784 1.54326 0.996353 -0.217873 -0.621063 1.53589
260.274 -nan -0.897324 3.39811 0 0.434074 0.84137 0.728584 -0.513237 -0.597588 1.51438
260.845 -nan 6.97199 2.9028 0 4.7224 -1.79971 0.396278 -0.796967 -0.572861 1.49199
261.416 -nan -2.85773 1.67714 0 -4.69011 0.832413 0.0165939 -1.07025 -0.544884 1.46746
261.986 -nan 1.69697 0.0214157 0 0.0829697 1.54215 -0.372772 -1.32146 -0.518661 1.44442
262.557 -nan 6.60958 -1.64234 0 4.5783 -1.33176 -0.739197 -1.55269 -0.491287 1.42054
263.128 -nan -5.47335 -2.8867 0 -2.72976 -0.224274 -1.0383 -1.75946 -0.46051 1.39292
263.699 -nan 3.76901 -3.39532 0 -2.36384 1.79796 -1.23617 -1.94561 -0.430511 1.36716
264.269 -nan 5.80872 -3.03358 0 5.31518 -0.295326 -1.30132 -2.10626 -0.401047 1.34203
264.84 -nan -6.93273 -1.89272 0 -2.60847 -1.28963 -1.22333 -2.23936 -0.371674 1.31664
265.411 -nan 5.29086 -0.270897 0 -3.58974 1.58389 -1.01244 -2.34496 -0.339287 1.28829
265.982 -nan 4.53381 1.41425 0 4.33188 0.757034 -0.699013 -2.42483 -0.304626 1.2586
266.553 -nan -6.42242 2.74211 0 -0.704247 -1.79938 -0.325874 -2.47563 -0.271828 1.23021
267.123 -nan 6.30896 3.37566 0 -3.95447 0.912048 0.065918 -2.49723 -0.239197 1.20144
267.694 -nan 2.73773 3.15185 0 4.43843 1.49498 0.439507 -2.48669 -0.204391 1.16907
268.265 -nan -4.2309 2.1353 0 1.50761 -1.40401 0.767151 -2.4512 -0.169632 1.13791
268.836 -nan 6.86302 0.576767 0 -4.79443 -0.121582 1.02661 -2.38807 -0.135635 1.10719
269.406 -nan 0.407486 -1.13425 0 3.29214 1.79591 1.20363 -2.29793 -0.103981 1.07784
269.977 -nan -1.40242 -2.55561 0 1.73604 -0.393631 1.29145 -2.17816 -0.0688705 1.04448
270.548 -nan 6.99232 -3.3261 0 -5.22702 -1.20618 1.28729 -2.03249 -0.0326691 1.01039
271.119 -nan -2.34673 -3.24645 0 1.40395 1.62547 1.19121 -1.8628 0.00230408 0.977425
271.689 -nan 1.26748 -2.33236 0 3.57021 0.673759 1.00552 -1.66852 0.0359344 0.944153
272.26 -nan 6.70354 -0.823608 0 -4.77463 -1.78747 0.737991 -1.44945 0.0699997 0.90834
272.831 -nan -5.05843 0.889236 0 0.520149 0.989311 0.40625 -1.21064 0.104561 0.872696
273.402 -nan 3.44067 2.37577 0 4.69012 1.44584 0.0311432 -0.954353 0.13829 0.837807
273.973 -nan 5.98616 3.26043 0 -4.06068 -1.47191 -0.35611 -0.684738 0.168526 0.805069
274.543 -nan -6.80254 3.31736 0 -0.726875 -0.0231857 -0.723915 -0.399109 0.200928 0.768845
275.114 -nan 5.05807 2.53758 0 4.87181 1.78721 -1.02989 -0.102531 0.234596 0.731361
275.685 -nan 4.79983 1.11611 0 -2.59732 -0.496658 -1.23381 0.199455 0.267784 0.694786
276.256 -nan -6.66333 -0.593285 0 -2.85934 -1.12246 -1.30361 0.50132 0.298279 0.658913
276.827 -nan 6.16051 -2.15224 0 5.09118 1.65783 -1.22733 0.800613 0.328438 0.620255
277.397 -nan 3.09791 -3.16438 0 -2.37545 0.58461 -1.02063 1.09232 0.359131 0.581764
277.968 -nan -4.70155 -3.36738 0 -3.66406 -1.77024 -0.711357 1.37052 0.389336 0.543396
278.539 -nan 6.79552 -2.70469 0 4.3441 1.06208 -0.343033 1.62597 0.414879 0.508865
279.11 -nan 0.861008 -1.35091 0 0.20031 1.39415 0.0495377 1.85923 0.442482 0.470222
279.68 -nan -1.91351 0.343338 0 -4.14954 -1.53404 0.425484 2.06262 0.469505 0.431206
280.251 -nan 7.0017 1.94857 0 4.35619 0.079567 0.757599 2.23451 0.49826 0.392296
280.822 -nan -1.83561 3.05968 0 1.56299 1.77754 1.01949 2.3635 0.522652 0.354195
281.393 -nan 0.820915 3.39507 0 -5.22365 -0.594803 1.19975 2.44936 0.546158 0.314964
281.963 -nan 6.78535 2.87338 0 2.68602 -1.02966 1.29053 2.49023 0.57 0.273697
282.534 -nan -4.61234 1.62668 0 2.0192 1.69007 1.28961 2.48643 0.593018 0.234268
283.105 -nan 3.09181 -0.0376892 0 -4.89303 0.497108 1.19634 2.43597 0.612511 0.197464
283.676 -nan 6.14601 -1.69299 0 0.954308 -1.74542 1.01398 2.3394 0.63147 0.158623
284.247 -nan -6.60899 -2.91768 0 4.39883 1.13345 0.75164 2.19991 0.650131 0.118637
284.817 -nan 4.81033 -3.40058 0 -4.86104 1.33855 0.424911 2.02431 0.671234 0.0785522
285.388 -nan 5.04854 -3.00768 0 0.535049 -1.59322 0.0526276 1.81135 0.687347 0.039772
285.959 -nan -6.84111 -1.84449 0 4.35772 0.176926 -0.336006 1.56856 0.702423 0.000953674
286.53 -nan 6.00016 -0.216911 0 -3.25963 1.75941 -0.707703 1.29719 0.717041 -0.0419312
287.1 -nan 3.44151 1.46593 0 -1.70694 -0.695297 -1.01619 1.01182 0.730904 -0.0807877
287.671 -nan -5.14812 2.77496 0 5.2438 -0.939125 -1.22424 0.713341 0.743057 -0.1194
288.242 -nan 6.71326 3.37892 0 -2.95803 1.71478 -1.29989 0.408226 0.751549 -0.156662
288.813 -nan 1.29917 3.12974 0 -3.04191 0.404503 -1.23494 0.0990601 0.761749 -0.196693
289.384 -nan -2.42809 2.09084 0 4.57663 -1.71428 -1.03768 -0.206741 0.772591 -0.23632
289.954 -nan 6.99601 0.518669 0 -1.54334 1.20323 -0.734329 -0.503929 0.780846 -0.2743
290.525 -nan -1.32941 -1.18804 0 -3.79337 1.27953 -0.363884 -0.789864 0.786209 -0.312355
291.096 -nan 0.360405 -2.59233 0 4.70393 -1.64359 0.0324402 -1.06342 0.790611 -0.353218
291.667 -nan 6.8557 -3.3383 0 0.960632 0.277885 0.411545 -1.31773 0.79525 -0.392181
292.237 -nan -4.14021 -3.22791 0 -4.4267 1.7421 0.743881 -1.55003 0.797913 -0.429276
292.808 -nan 2.72503 -2.28673 0 3.79381 -0.78907 1.00739 -1.758 0.797035 -0.465164
293.379 -nan 6.29147 -0.766281 0 1.38602 -0.843246 1.1919 -1.94424 0.796593 -0.50338
293.95 -nan -6.35872 0.946548 0 -5.3573 1.74011 1.28893 -2.10641 0.797379 -0.541489
294.521 -nan 4.54244 2.41924 0 1.82501 0.312881 1.29238 -2.24075 0.796234 -0.577866
295.091 -nan 5.28085 3.27676 0 2.74358 -1.67554 1.20197 -2.34646 0.792206 -0.613831
295.662 -nan -6.95296 3.30521 0 -4.69146 1.26807 1.02096 -2.42463 0.786026 -0.652588
296.233 -nan 5.82481 2.50112 0 1.05836 1.21391 0.761902 -2.47516 0.780533 -0.689644
296.804 -nan 3.76833 1.06225 0 4.68736 -1.68871 0.43692 -2.4969 0.773933 -0.725525
297.374 -nan -5.5598 -0.649338 0 -4.46527 0.371193 0.0669479 -2.48663 0.763069 -0.758385
297.945 -nan 6.61894 -2.19608 0 0.0509491 1.71685 -0.322044 -2.45065 0.753136 -0.794113
298.516 -nan 1.72109 -3.1853 0 4.43896 -0.886086 -0.693138 -2.38712 0.742653 -0.829674
299.087 -nan -2.94419 -3.3601 0 -3.03436 -0.748947 -1.00499 -2.29814 0.733276 -0.863258
299.658 -nan 6.97551 -2.66939 0 -2.64172 1.75953 -1.21755 -2.17905 0.719475 -0.8964
300.228 -nan -0.832306 -1.29923 0 5.34151 0.215767 -1.30093 -2.03299 0.703888 -0.931175
300.799 -nan -0.115578 0.398926 0 -2.87763 -1.62766 -1.24149 -1.8629 0.688454 -0.965866
301.37 -nan 6.91224 1.99516 0 -3.14514 1.33041 -1.04741 -1.67014 0.672905 -0.998634
301.941 -nan -3.64867 3.08211 0 4.38865 1.14766 -0.744652 -1.45349 0.653534 -1.02785
302.511 -nan 2.3427 3.38962 0 -0.272217 -1.72315 -0.375214 -1.21638 0.634094 -1.05997
303.082 -nan 6.42354 2.8413 0 -3.96059 0.466904 0.0185852 -0.961075 0.613808 -1.09158
303.653 -nan -6.05261 1.57287 0 4.7279 1.69309 0.39566 -0.694031 0.59668 -1.12138
304.224 -nan 4.25758 -0.0960236 0 0.986313 -0.977676 0.730804 -0.410065 0.574081 -1.15102
304.795 -nan 5.49525 -1.74286 0 -4.8906 -0.648232 0.999382 -0.11647 0.550606 -1.18035
305.365 -nan -7.00037 -2.94839 0 3.04499 1.77691 1.18988 0.185196 0.526207 -1.21226
305.936 -nan 5.63354 -3.4016 0 1.51854 0.118614 1.28818 0.485313 0.502197 -1.23999
306.507 -nan 4.07745 -2.97952 0 -5.19608 -1.57444 1.29247 0.782196 0.476288 -1.26605
307.078 -nan -5.93102 -1.79596 0 1.58425 1.38532 1.20374 1.07236 0.448029 -1.29239
307.648 -nan 6.51109 -0.15863 0 3.93343 1.07692 1.0285 1.35023 0.420425 -1.3198
308.219 -nan 2.12865 1.51986 0 -4.77081 -1.75452 0.775246 1.60805 0.394905 -1.34539
308.79 -nan -3.45367 2.80886 0 0.953957 0.556793 0.452774 1.84203 0.366341 -1.36974
309.361 -nan 6.94221 3.38548 0 4.35466 1.66074 0.082489 2.04749 0.336029 -1.39412
309.932 -nan -0.345459 3.11008 0 -3.89417 -1.07008 -0.309204 2.22211 0.304375 -1.42124
310.502 -nan -0.605965 2.04568 0 -1.14911 -0.547676 -0.681519 2.35532 0.274139 -1.44448
311.073 -nan 6.95367 0.461693 0 4.86396 1.78806 -0.99575 2.44556 0.242928 -1.46611
311.644 -nan -3.14866 -1.23907 0 -3.09569 0.0198898 -1.21119 2.48985 0.209053 -1.48669
312.215 -nan 1.94205 -2.62853 0 -2.61382 -1.51338 -1.29951 2.49109 0.176163 -1.50894
312.785 -nan 6.54379 -3.34869 0 5.02086 1.43998 -1.24542 2.44677 0.145142 -1.5296
313.356 -nan -5.69637 -3.20723 0 -2.26449 1.00681 -1.05531 2.356 0.113266 -1.5483
313.927 -nan 3.95553 -2.24377 0 -3.36176 -1.7756 -0.756439 2.22166 0.0792236 -1.56715
314.498 -nan 5.69569 -0.711433 0 4.6579 0.64843 -0.388496 2.04893 0.0435715 -1.58841
315.068 -nan -6.9781 1.0023 0 0.31308 1.62843 0.0042572 1.84079 0.0100098 -1.60674
315.639 -nan 5.42506 2.45918 0 -4.33262 -1.15563 0.384003 1.60133 -0.0234146 -1.62291
316.21 -nan 4.3672 3.28944 0 4.42767 -0.444695 0.720825 1.33421 -0.0589066 -1.63755
316.781 -nan -6.25701 3.29097 0 0.974945 1.7945 0.99231 1.04955 -0.0940857 -1.65372
317.352 -nan 6.38867 2.4605 0 -5.22767 -0.0783997 1.18279 0.75351 -0.127007 -1.66875
317.922 -nan 2.51795 1.00414 0 2.31013 -1.44984 1.28366 0.449471 -0.159218 -1.68141
318.493 -nan -3.95197 -0.706726 0 2.16015 1.48813 1.29218 0.1409 -0.193199 -1.69366
319.064 -nan 6.89799 -2.24077 0 -4.8689 0.929764 1.21062 -0.16687 -0.229294 -1.70878
319.635 -nan 0.132256 -3.20707 0 1.5282 -1.79313 1.03913 -0.465683 -0.262611 -1.72112
320.205 -nan -1.10727 -3.3512 0 4.3937 0.734657 0.786575 -0.753296 -0.295181 -1.73229
320.776 -nan 6.98025 -2.63396 0 -4.62185 1.58711 0.462135 -1.02787 -0.328758 -1.74017
321.347 -nan -2.64225 -1.24686 0 0.689507 -1.23885 0.093399 -1.28404 -0.361137 -1.75021
321.918 -nan 1.52279 0.456131 0 4.12792 -0.342209 -0.296318 -1.52051 -0.393333 -1.75959
322.489 -nan 6.64767 2.04267 0 -3.52206 1.79849 -0.666634 -1.73048 -0.420494 -1.76536
323.059 -nan -5.30026 3.10637 0 -2.09818 -0.177376 -0.985008 -1.92034 -0.451202 -1.7722
323.63 -nan 3.63764 3.38572 0 5.3125 -1.37786 -1.20686 -2.08515 -0.48143 -1.77894
324.201 -nan 5.88219 2.81111 0 -3.33689 1.53833 -1.30186 -2.22464 -0.511139 -1.78677
324.772 -nan -6.88653 1.5219 0 -2.64238 0.852798 -1.25115 -2.33396 -0.537582 -1.79071
325.342 -nan 5.2009 -0.151779 0 4.59205 -1.79868 -1.06255 -2.41479 -0.563896 -1.79277
325.913 -nan 4.64102 -1.79008 0 -0.960655 0.820122 -0.766457 -2.46885 -0.590134 -1.79604
326.484 -nan -6.53131 -2.97604 0 -3.72691 1.5468 -0.401405 -2.49464 -0.614868 -1.79901
327.055 -nan 6.25 -3.3993 0 4.97355 -1.3158 -0.0118561 -2.48977 -0.634674 -1.79887
327.626 -nan 2.88773 -2.94979 0 0.526909 -0.241791 0.36924 -2.45724 -0.655983 -1.79878
328.196 -nan -4.43436 -1.74657 0 -4.54369 1.79857 0.708359 -2.39715 -0.676666 -1.79862
328.767 -nan 6.84014 -0.0991135 0 3.4994 -0.278236 0.983803 -2.3124 -0.697617 -1.80052
329.338 -nan 0.596252 1.57166 0 0.984024 -1.30398 1.17756 -2.19712 -0.714134 -1.79794
329.909 -nan -1.61505 2.84048 0 -5.30767 1.57963 1.28253 -2.05455 -0.729294 -1.79391
330.479 -nan 6.99686 3.39079 0 2.02667 0.768135 1.29539 -1.88666 -0.74453 -1.79009
331.05 -nan -2.13293 3.08603 0 3.19061 -1.79964 1.21591 -1.6969 -0.757874 -1.78653
331.621 -nan 1.08407 1.99744 0 -4.66221 0.899719 1.04654 -1.4847 -0.767288 -1.78046
332.192 -nan 6.73705 0.403732 0 1.55287 1.50093 0.795319 -1.25059 -0.775558 -1.77325
332.763 -nan -4.87057 -1.2935 0 4.38796 -1.39019 0.4758 -0.997704 -0.783768 -1.76644
333.333 -nan 3.30083 -2.66801 0 -4.34953 -0.139992 0.109215 -0.730942 -0.792465 -1.76167
333.904 -nan 6.05242 -3.3595 0 -0.45945 1.79743 -0.279457 -0.449837 -0.796555 -1.75322
334.475 -nan -6.72874 -3.18798 0 4.33498 -0.378181 -0.655083 -0.157143 -0.798317 -1.74287
335.046 -nan 4.9621 -2.20297 0 -3.40836 -1.22083 -0.977623 0.144119 -0.799438 -1.73216
335.616 -nan 4.89996 -0.655685 0 -2.39661 1.62048 -1.20306 0.445007 -0.799484 -1.72222
336.187 -nan -6.7455 1.0567 0 5.3399 0.685547 -1.29903 0.741913 -0.795845 -1.71001
336.758 -nan 6.09753 2.49591 0 -2.77474 -1.78912 -1.25255 1.03281 -0.790062 -1.69626
337.329 -nan 3.23966 3.30244 0 -2.73978 0.977623 -1.07051 1.31236 -0.783432 -1.68239
337.9 -nan -4.8975 3.27744 0 4.57232 1.45438 -0.781929 1.57463 -0.778946 -1.67182
338.47 -nan 6.7663 2.41997 0 -0.184898 -1.46052 -0.419128 1.81241 -0.769394 -1.65717
339.041 -nan 1.04486 0.949005 0 -4.25846 -0.0393906 -0.0275574 2.02141 -0.757889 -1.64147
339.612 -nan -2.12782 -0.761093 0 4.86695 1.78918 0.358231 2.19989 -0.744392 -1.62418
340.183 -nan 7.00033 -2.28437 0 0.383583 -0.480278 0.698959 2.33833 -0.730728 -1.60803
340.753 -nan -1.62396 -3.2257 0 -4.90178 -1.13714 0.975105 2.43453 -0.715111 -1.59073
341.324 -nan 0.631371 -3.337 0 2.75219 1.65238 1.16994 2.48385 -0.695267 -1.56995
341.895 -nan 6.81329 -2.59579 0 1.70407 0.597832 1.27917 2.49026 -0.676216 -1.55061
342.466 -nan -4.41318 -1.19144 0 -5.11089 -1.77484 1.29721 2.45197 -0.658073 -1.53289
343.037 -nan 2.94428 0.516022 0 2.07787 1.05276 1.22157 2.36702 -0.637756 -1.51357
343.607 -nan 6.20644 2.08856 0 3.97845 1.4016 1.05561 2.23726 -0.614662 -1.49203
344.178 -nan -6.51093 3.12976 0 -4.64944 -1.52509 0.806702 2.06663 -0.58931 -1.46909
344.749 -nan 4.70592 3.38216 0 1.11407 0.0643234 0.490952 1.86108 -0.564857 -1.44732
345.32 -nan 5.14257 2.77903 0 3.98261 1.77943 0.12587 1.62417 -0.539421 -1.425
345.89 -nan -6.89472 1.47038 0 -4.05489 -0.57859 -0.26149 1.35841 -0.50975 -1.39835
346.461 -nan 5.93125 -0.208984 0 -1.5148 -1.04725 -0.637321 1.07453 -0.481583 -1.37408
347.032 -nan 3.57578 -1.83942 0 4.97599 1.68572 -0.96093 0.776207 -0.45256 -1.34921
347.603 -nan -5.33011 -3.00552 0 -3.47443 0.511772 -1.19099 0.472275 -0.425499 -1.32609
348.174 -nan 6.67858 -3.39861 0 -2.15862 -1.75114 -1.29628 0.161491 -0.393829 -1.29871
348.744 -nan 1.47512 -2.92207 0 4.97438 1.12524 -1.26027 -0.148338 -0.361069 -1.27081
349.315 -nan -2.64463 -1.69883 0 -1.7896 1.34535 -1.08736 -0.451141 -0.328773 -1.24368
349.886 -nan 6.99026 -0.0418015 0 -3.31309 -1.58392 -0.801247 -0.741005 -0.296982 -1.21629
350.457 -nan -1.12181 1.62064 0 4.94324 0.162781 -0.438988 -1.01631 -0.262688 -1.18565
351.027 -nan 0.164429 2.8699 0 -0.0032196 1.76131 -0.045578 -1.27554 -0.227898 -1.15525
351.598 -nan 6.87814 3.39423 0 -4.44759 -0.678528 0.33886 -1.51396 -0.194176 -1.12587
352.169 -nan -3.93256 3.05913 0 4.21798 -0.957527 0.680954 -1.72765 -0.162849 -1.09801
352.74 -nan 2.56967 1.94948 0 0.536674 1.71232 0.961472 -1.91835 -0.128311 -1.06661
353.31 -nan 6.34661 0.347 0 -5.1663 0.419022 1.16402 -2.08479 -0.0925064 -1.03421
353.881 -nan -6.23574 -1.34738 0 2.35962 -1.72157 1.27917 -2.22553 -0.0573425 -1.00277
354.452 -nan 4.43171 -2.70361 0 2.53232 1.19522 1.29953 -2.33636 -0.0235825 -0.97123
355.023 -nan 5.36649 -3.3664 0 -4.80807 1.28551 1.22415 -2.41661 0.0110703 -0.936966
355.594 -nan -6.98009 -3.16724 0 2.10193 -1.63345 1.06052 -2.46989 0.0463715 -0.902374
356.164 -nan 5.75017 -2.15842 0 4.10685 0.263214 0.816177 -2.49548 0.0809784 -0.868462
356.735 -nan 3.8963 -0.595932 0 -4.50882 1.74411 0.505653 -2.49195 0.111526 -0.837265
357.306 -nan -5.72506 1.11258 0 0.357979 -0.772545 0.14212 -2.45888 0.144791 -0.802315
357.877 -nan 6.57774 2.53536 0 3.9512 -0.861794 -0.245422 -2.39785 0.178391 -0.766541
358.447 -nan 1.89085 3.31908 0 -3.88571 1.73913 -0.624123 -2.31194 0.212715 -0.731339
359.018 -nan -3.15962 3.26186 0 -2.00674 0.326035 -0.950058 -2.19688 0.244095 -0.696304
359.589 -nan 6.96434 2.37897 0 5.37702 -1.68233 -1.18439 -2.05415 0.275391 -0.659561
360.16 -nan -0.629227 0.89624 0 -3.3068 1.25923 -1.29446 -1.88564 0.307625 -0.621101
360.731 -nan -0.316719 -0.816368 0 -2.19662 1.22124 -1.26381 -1.69531 0.338951 -0.583908
361.301 -nan 6.9288 -2.32738 0 4.66902 -1.67903 -1.09592 -1.48493 0.366135 -0.549576
361.872 -nan -3.438 -3.24222 0 -0.7024 0.35643 -0.812859 -1.25172 0.394562 -0.512222
362.443 -nan 2.17854 -3.32581 0 -3.97884 1.71973 -0.453751 -0.999825 0.422485 -0.474159
363.014 -nan 6.47509 -2.56045 0 5.10589 -0.870781 -0.0613251 -0.732735 0.452728 -0.436195
363.584 -nan -5.90736 -1.13702 0 -0.118225 -0.765312 0.323914 -0.452446 0.478722 -0.398598
364.155 -nan 4.13855 0.572952 0 -4.53761 1.75803 0.669785 -0.162262 0.503792 -0.360847
364.726 -nan 5.57455 2.13067 0 3.19008 0.228676 0.954231 0.137939 0.529953 -0.319016
365.297 -nan -6.9977 3.15132 0 1.06384 -1.63604 1.15886 0.437286 0.554276 -0.280701
365.868 -nan 5.55194 3.3745 0 -5.23048 1.32127 1.27483 0.733688 0.576591 -0.243088
366.438 -nan 4.19651 2.74151 0 2.55257 1.15733 1.29676 1.02193 0.59594 -0.205742
367.009 -nan -6.07655 1.4177 0 3.38367 -1.71619 1.22751 1.30141 0.617493 -0.165543
367.58 -nan 6.46549 -0.267258 0 -4.59279 0.45282 1.07059 1.56426 0.639236 -0.126213
368.151 -nan 2.29018 -1.89021 0 1.72647 1.69662 0.830864 1.80296 0.658142 -0.0880432
368.721 -nan -3.66699 -3.03234 0 3.94508 -0.961884 0.519928 2.01322 0.675117 -0.0491486
369.292 -nan 6.9267 -3.397 0 -4.49367 -0.66378 0.154808 2.19154 0.692062 -0.00706482
369.863 -nan -0.146408 -2.89332 0 -0.945084 1.77447 -0.232513 2.33266 0.70816 0.0324402
370.434 -nan -0.81266 -1.64789 0 4.40744 0.132988 -0.610313 2.43221 0.722488 0.071167
371.005 -nan 6.96432 0.0173416 0 -3.67857 -1.58407 -0.936607 2.4851 0.73262 0.108406
371.575 -nan -2.93462 1.67128 0 -1.83435 1.3774 -1.17627 2.49487 0.744667 0.148438
372.146 -nan 1.77074 2.90173 0 5.31747 1.08788 -1.29356 2.45992 0.756905 0.188278
372.717 -nan 6.58804 3.39899 0 -2.3468 -1.75027 -1.26944 2.37997 0.76757 0.226364
373.288 -nan -5.53303 3.03394 0 -2.60961 0.543076 -1.10458 2.25405 0.775063 0.26487
373.858 -nan 3.83052 1.90433 0 4.73789 1.6644 -0.82254 2.0859 0.781944 0.306313
374.429 -nan 5.77003 0.29155 0 -0.527191 -1.05443 -0.464989 1.88318 0.788803 0.34626
375 -nan -6.94689 -1.39971 0 -4.49644 -0.564209 -0.073761 1.64923 0.794022 0.384758
375.571 -nan 5.33604 -2.73595 0 4.77383 1.78471 0.31028 1.38808 0.794891 0.421234
376.142 -nan 4.47908 -3.37251 0 -0.0652847 0.0359879 0.658157 1.10558 0.796677 0.460274
376.712 -nan -6.38095 -3.14605 0 -4.8147 -1.52569 0.944534 0.809059 0.798904 0.499252
377.283 -nan 6.33666 -2.11205 0 2.76963 1.4334 1.15251 0.505127 0.800369 0.536217
377.854 -nan 2.67204 -0.538658 0 2.14553 1.01801 1.27183 0.196129 0.798401 0.573051
378.425 -nan -4.15902 1.16587 0 -5.04881 -1.77301 1.2988 -0.114395 0.794838 0.612457
378.995 -nan 6.8768 2.57383 0 2.60037 0.636139 1.23352 -0.417656 0.791496 0.65097
379.566 -nan 0.324844 3.33135 0 3.69145 1.6321 1.07865 -0.709686 0.787315 0.688286
380.137 -nan -1.31805 3.24237 0 -4.54515 -1.13848 0.839264 -0.984901 0.77816 0.722321
380.708 -nan 6.98767 2.33673 0 0.870743 -0.462494 0.530365 -1.24554 0.77021 0.759041
381.279 -nan -2.42793 0.840042 0 3.69305 1.79311 0.168945 -1.48646 0.76104 0.795784
381.849 -nan 1.34218 -0.876015 0 -4.34742 -0.0616302 -0.215584 -1.70408 0.754211 0.830177
382.42 -nan 6.68562 -2.36994 0 -1.4028 -1.46326 -0.595131 -1.89744 0.742104 0.864914
382.991 -nan -5.12146 -3.25942 0 5.12363 1.48311 -0.927338 -2.0656 0.728981 0.899796
383.562 -nan 3.50516 -3.3168 0 -3.59022 0.939629 -1.17345 -2.2098 0.715805 0.937172
384.132 -nan 5.95045 -2.52218 0 -1.69188 -1.79118 -1.2938 -2.32358 0.701805 0.970467
384.703 -nan -6.82609 -1.08253 0 4.95957 0.721771 -1.27108 -2.40754 0.684967 1.00237
385.274 -nan 5.10637 0.627075 0 -1.46481 1.59182 -1.10926 -2.46337 0.666405 1.03512
385.845 -nan 4.74539 2.1749 0 -3.61545 -1.22364 -0.83287 -2.49202 0.648232 1.06838
386.416 -nan -6.6311 3.17417 0 5.12059 -0.361565 -0.481247 -2.49365 0.632195 1.09972
386.986 -nan 6.19234 3.36655 0 -0.524353 1.79913 -0.0910416 -2.46442 0.612083 1.13049
387.557 -nan 3.03414 2.70785 0 -4.36243 -0.161003 0.295334 -2.40668 0.590462 1.16096
388.128 -nan -4.63415 1.36736 0 3.86314 -1.39224 0.648193 -2.32286 0.568062 1.19473
388.699 -nan 6.81328 -0.325027 0 0.49469 1.53291 0.936264 -2.21127 0.54567 1.22416
389.269 -nan 0.782562 -1.93751 0 -5.05932 0.863342 1.14614 -2.07274 0.521729 1.25227
389.84 -nan -1.82872 -3.05465 0 2.78063 -1.79667 1.26734 -1.90642 0.494141 1.27984
390.411 -nan 6.99835 -3.39324 0 2.7146 0.807709 1.29892 -1.7191 0.468292 1.30878
390.982 -nan -1.91806 -2.86087 0 -4.75976 1.55257 1.23816 -1.51101 0.443459 1.33589
391.553 -nan 0.898064 -1.59434 0 2.43774 -1.30122 1.08659 -1.2814 0.416985 1.36133
392.123 -nan 6.76945 0.0750351 0 3.7076 -0.259026 0.850754 -1.03132 0.38784 1.38712
392.694 -nan -4.6813 1.72137 0 -4.65791 1.80082 0.543472 -0.764404 0.35788 1.41527
393.265 -nan 3.15943 2.93299 0 -0.164276 -0.263359 0.184204 -0.485779 0.328949 1.44029
393.836 -nan 6.11526 3.40085 0 3.97263 -1.3186 -0.202461 -0.196594 0.298897 1.46339
394.406 -nan -6.64186 3.00727 0 -4.1401 1.57412 -0.583366 0.101212 0.265709 1.48512
394.977 -nan 4.86047 1.85669 0 -1.52962 0.779617 -0.918083 0.401176 0.233566 1.50821
395.548 -nan 4.9985 0.232681 0 5.37067 -1.79964 -1.165 0.69796 0.202866 1.52994
396.119 -nan -6.81783 -1.45427 0 -2.86491 0.886696 -1.28945 0.987572 0.171898 1.54929
396.69 -nan 6.03259 -2.77035 0 -1.93336 1.50721 -1.27338 1.26735 0.138733 1.56857
397.26 -nan 3.37881 -3.38132 0 4.71183 -1.37849 -1.1197 1.5337 0.103828 1.59063
397.831 -nan -5.08482 -3.12511 0 -0.970848 -0.155708 -0.848099 1.77579 0.0705109 1.60989
398.402 -nan 6.73508 -2.06673 0 -4.28107 1.79863 -0.49649 1.98979 0.0376968 1.62753
398.973 -nan 1.22168 -0.484047 0 5.05164 -0.363785 -0.103981 2.17036 0.0016861 1.6426
399.543 -nan -2.34484 1.21854 0 -0.69902 -1.2355 0.283806 2.31601 -0.0329895 1.65951
400.114 -nan 6.99692 2.61094 0 -4.40847 1.61511 0.635429 2.42075 -0.0670776 1.67539
400.685 -nan -1.41102 3.34058 0 3.17873 0.699234 0.92366 2.47974 -0.098259 1.68779
401.256 -nan 0.438789 3.22436 0 1.59648 -1.79137 1.13768 2.49425 -0.132996 1.70096
401.826 -nan 6.84121 2.29525 0 -5.16893 0.967331 1.26584 2.46397 -0.168335 1.71501
402.397 -nan -4.21357 0.783669 0 3.12299 1.46091 1.30235 2.38899 -0.202522 1.72878
402.968 -nan 2.79498 -0.93116 0 3.19785 -1.44834 1.24391 2.2683 -0.235458 1.73956
403.539 -nan 6.26232 -2.4089 0 -4.55899 -0.0525589 1.09225 2.10342 -0.269905 1.74799
404.11 -nan -6.39897 -3.27499 0 1.43614 1.78935 0.859512 1.90363 -0.303772 1.75764
404.68 -nan 4.59821 -3.30309 0 3.52209 -0.464752 0.555634 1.67173 -0.337143 1.76696
405.251 -nan 5.23354 -2.47985 0 -4.74972 -1.15358 0.201485 1.41414 -0.365379 1.77232
405.822 -nan -6.94005 -1.02659 0 -0.919579 1.64906 -0.184219 1.13242 -0.3974 1.77874
406.393 -nan 5.86007 0.684631 0 4.6193 0.610847 -0.564598 0.834991 -0.428391 1.78403
406.963 -nan 3.70872 2.22257 0 -3.72584 -1.78046 -0.902687 0.529602 -0.459801 1.7922
407.534 -nan -5.50301 3.19466 0 -1.20575 1.0427 -1.154 0.218353 -0.488113 1.79498
408.105 -nan 6.64159 3.35783 0 5.26534 1.40774 -1.28598 -0.0926285 -0.516144 1.79693
408.676 -nan 1.64553 2.67506 0 -2.09032 -1.51381 -1.27825 -0.399796 -0.545197 1.79884
409.247 -nan -2.86111 1.3148 0 -2.93607 0.0490723 -1.13168 -0.694023 -0.571587 1.8008
409.817 -nan 6.98036 -0.383049 0 4.86496 1.77905 -0.866096 -0.972229 -0.594391 1.79994
410.388 -nan -0.913948 -1.98357 0 -1.05048 -0.561562 -0.516937 -1.23465 -0.617126 1.7979
410.959 -nan -0.0350494 -3.08038 0 -4.43597 -1.06367 -0.127213 -1.47822 -0.640175 1.79627
411.53 -nan 6.90144 -3.39188 0 4.54111 1.68328 0.261459 -1.69987 -0.663139 1.79647
412.1 -nan -3.72636 -2.82939 0 -0.0527344 0.524849 0.616135 -1.89542 -0.682434 1.79282
412.671 -nan 2.4129 -1.54371 0 -4.66443 -1.75658 0.91156 -2.06511 -0.700241 1.78722
413.242 -nan 6.39786 0.130104 0 3.03635 1.11674 1.13148 -2.20945 -0.718468 1.78149
413.813 -nan -6.10171 1.77016 0 2.33972 1.352 1.26311 -2.32529 -0.734863 1.77608
414.384 -nan 4.31518 2.96011 0 -5.05969 -1.57177 1.30032 -2.4102 -0.747246 1.7683
414.954 -nan 5.45108 3.39837 0 2.93727 0.147156 1.24402 -2.46606 -0.758041 1.75873
415.525 -nan -6.99477 2.97922 0 3.20886 1.76265 1.09818 -2.49437 -0.768997 1.74935
416.096 -nan 5.67325 1.8075 0 -4.60211 -0.660538 0.872086 -2.49653 -0.780602 1.74254
416.667 -nan 4.01997 0.173676 0 0.507568 -0.974663 0.572014 -2.46713 -0.787834 1.73205
417.237 -nan -5.8819 -1.50665 0 3.7128 1.71015 0.217033 -2.40869 -0.792992 1.71992
417.808 -nan 6.53687 -2.80354 0 -4.62376 0.430725 -0.170486 -2.32202 -0.797722 1.70669
418.379 -nan 2.05471 -3.38772 0 -0.966591 -1.72751 -0.551392 -2.20961 -0.800705 1.69418
418.95 -nan -3.37406 -3.10131 0 5.1842 1.18535 -0.889557 -2.07037 -0.800972 1.68009
419.521 -nan 6.94936 -2.01871 0 -3.33599 1.29233 -1.14336 -1.90399 -0.797226 1.66286
420.091 -nan -0.426025 -0.426193 0 -1.45417 -1.6234 -1.28146 -1.71509 -0.794212 1.64669
420.662 -nan -0.52359 1.27358 0 4.88946 0.246002 -1.28222 -1.50618 -0.791634 1.63219
421.233 -nan 6.94538 2.64918 0 -1.55413 1.74706 -1.14166 -1.2762 -0.785782 1.61563
421.804 -nan -3.22595 3.35125 0 -3.9073 -0.755882 -0.880096 -1.02689 -0.7771 1.59705
422.374 -nan 2.01603 3.20821 0 5.1193 -0.877724 -0.531113 -0.758308 -0.767113 1.57694
422.945 -nan 6.51997 2.25407 0 -1.06953 1.73592 -0.142395 -0.479683 -0.75618 1.55769
423.516 -nan -5.75488 0.727974 0 -4.10863 0.339218 0.247665 -0.190948 -0.743942 1.53794
424.087 -nan 4.01541 -0.98452 0 3.71243 -1.68793 0.602959 0.104614 -0.725883 1.51353
424.658 -nan 5.65369 -2.44857 0 0.867767 1.25006 0.901413 0.403748 -0.709885 1.49141
425.228 -nan -6.98324 -3.2902 0 -5.03952 1.23051 1.12338 0.700851 -0.692848 1.46909
425.799 -nan 5.46735 -3.28781 0 3.38895 -1.67122 1.258 0.989227 -0.675964 1.44787
426.37 -nan 4.31342 -2.44027 0 2.59323 0.341644 1.3 1.26852 -0.654549 1.42258
426.941 -nan -6.21369 -0.972336 0 -4.71989 1.72399 1.24944 1.53313 -0.631981 1.39663
427.511 -nan 6.4178 0.741135 0 2.27353 -0.854492 1.109 1.77573 -0.609612 1.37155
428.082 -nan 2.44647 2.26562 0 3.32755 -0.78199 0.884079 1.98953 -0.585945 1.34579
428.653 -nan -3.87529 3.21165 0 -4.94246 1.75432 0.58445 2.16911 -0.558205 1.31639
429.224 -nan 6.90746 3.34735 0 -0.349457 0.243492 0.230858 2.31474 -0.530998 1.28799
429.795 -nan 0.0504303 2.63819 0 4.14386 -1.64497 -0.153183 2.42046 -0.503448 1.25967
430.365 -nan -1.02516 1.25819 0 -4.16225 1.31176 -0.532784 2.48254 -0.477745 1.23341
430.936 -nan 6.97587 -0.441391 0 -0.84832 1.16669 -0.874718 2.49856 -0.447693 1.20313
431.507 -nan -2.72156 -2.0304 0 5.32822 -1.71062 -1.13625 2.46915 -0.416382 1.17201
432.078 -nan 1.59892 -3.10677 0 -2.48598 0.439217 -1.28233 2.39615 -0.385506 1.14185
432.648 -nan 6.62829 -3.38737 0 -2.08652 1.70007 -1.28642 2.2774 -0.354576 1.11135
433.219 -nan -5.3633 -2.79666 0 4.71738 -0.946281 -1.14755 2.1153 -0.321114 1.07816
433.79 -nan 3.70074 -1.49387 0 -1.5665 -0.680649 -0.887733 1.91628 -0.286621 1.04423
434.361 -nan 5.84198 0.18734 0 -4.33868 1.77197 -0.543526 1.68633 -0.253281 1.01162
434.931 -nan -6.90248 1.82146 0 4.86997 0.149895 -0.158287 1.43092 -0.222221 0.980782
435.502 -nan 5.2458 2.98842 0 -0.815506 -1.59521 0.231628 1.15126 -0.188255 0.946831
436.073 -nan 4.58944 3.39909 0 -4.2079 1.37025 0.590599 0.854813 -0.15303 0.911697
436.644 -nan -6.49596 2.95353 0 3.43378 1.09819 0.893127 0.548439 -0.117905 0.877151
437.215 -nan 6.28294 1.75838 0 2.01313 -1.74561 1.11785 0.238472 -0.0841446 0.842941
437.785 -nan 2.81989 0.116722 0 -5.20487 0.530563 1.25438 -0.0718231 -0.0492783 0.806488
438.356 -nan -4.36139 -1.55499 0 3.43513 1.66737 1.29953 -0.377792 -0.0131912 0.768738
438.927 -nan 6.85248 -2.8348 0 2.7157 -1.03818 1.25249 -0.673561 0.022171 0.731766
439.498 -nan 0.516945 -3.39109 0 -4.58484 -0.582512 1.11594 -0.951767 0.0533524 0.697945
440.068 -nan -1.53279 -3.07512 0 0.976616 1.78371 0.893753 -1.21529 0.0870514 0.660896
440.639 -nan 6.99282 -1.97155 0 3.41525 0.0518646 0.598106 -1.45906 0.120872 0.622963
441.21 -nan -2.21451 -0.369186 0 -4.96236 -1.53947 0.246689 -1.68413 0.155914 0.585449
441.781 -nan 1.16231 1.32763 0 -0.397324 1.42731 -0.136398 -1.88106 0.188004 0.548256
442.352 -nan 6.72118 2.6851 0 4.76548 1.02705 -0.519531 -2.0525 0.219872 0.510674
442.922 -nan -4.93916 3.35938 0 -3.57588 -1.76873 -0.865463 -2.19735 0.25412 0.469086
443.493 -nan 3.3671 3.18842 0 -0.888977 0.622482 -1.13013 -2.31496 0.285515 0.431137
444.064 -nan 6.0162 2.20969 0 5.15115 1.63548 -1.27808 -2.40334 0.315269 0.393784
444.635 -nan -6.75383 0.668915 0 -2.21694 -1.12266 -1.28596 -2.4612 0.343521 0.356064
445.206 -nan 5.00865 -1.04057 0 -3.3979 -0.480179 -1.15378 -2.49162 0.37339 0.316452
445.776 -nan 4.85014 -2.49039 0 4.92104 1.79431 -0.901276 -2.49604 0.404007 0.277206
446.347 -nan -6.71962 -3.30625 0 -1.47502 -0.0471573 -0.560211 -2.46977 0.431976 0.238716
446.918 -nan 6.13237 -3.27289 0 -4.06602 -1.47628 -0.173981 -2.41431 0.458389 0.200363
447.489 -nan 3.17374 -2.40152 0 4.34927 1.47822 0.219673 -2.32863 0.486473 0.157944
448.059 -nan -4.82723 -0.918495 0 0.324844 0.949806 0.579819 -2.21867 0.512733 0.118454
448.63 -nan 6.78379 0.797211 0 -4.58046 -1.78819 0.882309 -2.08247 0.537201 0.0798035
449.201 -nan 0.96624 2.30708 0 3.45918 0.707825 1.10706 -1.91978 0.5578 0.0424881
449.772 -nan -2.04592 3.22977 0 2.10355 1.59714 1.24909 -1.73301 0.581055 0.00218201
450.342 -nan 6.99978 3.33798 0 -5.07919 -1.20837 1.30057 -1.52511 0.604019 -0.0375595
450.913 -nan -1.70538 2.6017 0 2.97047 -0.378746 1.25928 -1.29773 0.625092 -0.0756683
451.484 -nan 0.709816 1.20505 0 2.83878 1.79944 1.12473 -1.04961 0.64389 -0.114563
452.055 -nan 6.79928 -0.496147 0 -4.8437 -0.147125 0.903618 -0.782814 0.662933 -0.155952
452.626 -nan -4.48649 -2.07576 0 0.32608 -1.40517 0.610039 -0.504044 0.681473 -0.196228
453.196 -nan 3.01468 -3.12934 0 3.95978 1.52736 0.260414 -0.216232 0.697929 -0.234787
453.767 -nan 6.17363 -3.37844 0 -4.71983 0.873131 -0.120911 0.0773087 0.710098 -0.271515
454.338 -nan -6.54435 -2.76192 0 -0.413521 -1.79574 -0.505287 0.37616 0.723892 -0.310829
454.909 -nan 4.75627 -1.44073 0 5.13874 0.794426 -0.852715 0.673828 0.73774 -0.350037
455.479 -nan 5.09576 0.247978 0 -2.92988 1.55936 -1.12161 0.964165 0.750481 -0.387169
456.05 -nan -6.87978 1.87074 0 -1.50861 -1.28785 -1.27468 1.24389 0.76017 -0.424538
456.621 -nan 5.9679 3.01515 0 4.79783 -0.274918 -1.28921 1.50969 0.769348 -0.464302
457.192 -nan 3.51295 3.39948 0 -2.03492 1.80049 -1.16279 1.7542 0.778481 -0.503418
457.763 -nan -5.26607 2.92542 0 -3.94481 -0.248138 -0.913353 1.97141 0.786324 -0.540962
458.333 -nan 6.69817 1.70744 0 4.96175 -1.33079 -0.574165 2.15318 0.78894 -0.575645
458.904 -nan 1.39842 0.0596466 0 -1.38136 1.56834 -0.188103 2.30196 0.793152 -0.612923
459.475 -nan -2.56212 -1.60614 0 -3.84322 0.791359 0.203529 2.41096 0.796501 -0.650101
460.046 -nan 6.99297 -2.86954 0 3.89244 -1.80101 0.563835 2.47849 0.800621 -0.68499
460.616 -nan -1.20227 -3.39524 0 1.36001 0.875549 0.869202 2.49833 0.800552 -0.720207
461.187 -nan 0.243614 -3.05045 0 -5.11486 1.51365 1.10078 2.47222 0.799438 -0.756233
461.758 -nan 6.86643 -1.92731 0 3.82636 -1.36588 1.248 2.40155 0.798714 -0.793671
462.329 -nan -4.01089 -0.31221 0 2.21349 -0.171196 1.3022 2.28674 0.796509 -0.828606
462.9 -nan 2.64179 1.37946 0 -4.70544 1.79676 1.26035 2.12831 0.790222 -0.860893
463.47 -nan 6.31628 2.71689 0 1.72285 -0.346367 1.12828 1.93243 0.783585 -0.894768
464.041 -nan -6.27732 3.36703 0 3.12295 -1.24951 0.911507 1.70356 0.77655 -0.929337
464.612 -nan 4.48543 3.16776 0 -5.16537 1.61007 0.624916 1.45105 0.771523 -0.961357
465.183 -nan 5.32282 2.16446 0 0.0186157 0.710617 0.277214 1.17223 0.761787 -0.993423
465.753 -nan -6.97272 0.612206 0 4.31131 -1.79412 -0.10379 0.876892 0.750809 -1.02484
466.324 -nan 5.7905 -1.09473 0 -3.95853 0.958588 -0.49115 0.568176 0.74025 -1.06028
466.895 -nan 3.83526 -2.53003 0 -0.319107 1.46648 -0.838531 0.257462 0.727814 -1.09043
467.466 -nan -5.6691 -3.31911 0 5.21837 -1.43615 -1.11015 -0.0536728 0.71386 -1.12038
468.036 -nan 6.6003 -3.25447 0 -2.61443 -0.0693893 -1.26711 -0.361053 0.695755 -1.14946
468.607 -nan 1.81509 -2.35939 0 -2.58083 1.78965 -1.29043 -0.658417 0.680252 -1.17983
469.178 -nan -3.07837 -0.861198 0 4.70881 -0.446411 -1.17334 -0.941116 0.664673 -1.20872
469.749 -nan 6.97038 0.855286 0 -2.07687 -1.16952 -0.931335 -1.20599 0.647202 -1.23567
470.32 -nan -0.70874 2.34923 0 -4.05173 1.64469 -0.596497 -1.45267 0.62709 -1.26334
470.89 -nan -0.236023 3.24918 0 4.76524 0.623238 -0.21093 -1.67963 0.606979 -1.29329
471.461 -nan 6.92075 3.32844 0 -0.36187 -1.78352 0.181473 -1.87982 0.586548 -1.32025
472.032 -nan -3.51793 2.56448 0 -4.02612 1.03313 0.545807 -2.05283 0.564407 -1.34534
472.603 -nan 2.25277 1.15221 0 3.73544 1.41303 0.855103 -2.19765 0.538445 -1.36937
473.174 -nan 6.44616 -0.552177 0 1.85488 -1.50157 1.09138 -2.31648 0.513817 -1.39484
473.744 -nan -5.95831 -2.12228 0 -5.29856 0.0318069 1.24154 -2.40632 0.490166 -1.41887
474.315 -nan 4.19581 -3.15137 0 3.41572 1.78043 1.299 -2.46566 0.465424 -1.44062
474.886 -nan 5.53419 -3.37139 0 2.2017 -0.543488 1.26285 -2.49569 0.43782 -1.46268
475.457 -nan -6.99998 -2.72973 0 -4.69253 -1.08035 1.13683 -2.49899 0.409477 -1.48725
476.027 -nan 5.59474 -1.38853 0 0.835732 1.68022 0.925331 -2.4725 0.381882 -1.50938
476.598 -nan 4.1402 0.30542 0 3.73977 0.53698 0.638649 -2.41635 0.353371 -1.52971
477.169 -nan -6.02772 1.91528 0 -5.10383 -1.7601 0.290718 -2.3285 0.320663 -1.54807
477.74 -nan 6.49046 3.04044 0 0.205078 1.10661 -0.0897217 -2.21655 0.289772 -1.56789
478.311 -nan 2.21608 3.39686 0 4.77847 1.35877 -0.473656 -2.0786 0.259003 -1.58694
478.881 -nan -3.58801 2.89208 0 -3.30712 -1.56016 -0.821274 -1.91564 0.229607 -1.60269
479.452 -nan 6.93443 1.65648 0 -1.02167 0.129959 -1.09728 -1.72702 0.196854 -1.61922
480.023 -nan -0.226448 0.00202942 0 4.9777 1.76611 -1.26409 -1.51633 0.163101 -1.63722
480.594 -nan -0.730583 -1.65877 0 -2.58442 -0.644615 -1.29523 -1.28638 0.130554 -1.65449
481.164 -nan 6.96049 -2.90042 0 -3.50899 -0.991081 -1.18357 -1.0378 0.0982666 -1.66914
481.735 -nan -3.01569 -3.39714 0 4.85712 1.70683 -0.942398 -0.769623 0.0625076 -1.68165
482.306 -nan 1.84657 -3.02575 0 -1.71745 0.444038 -0.610535 -0.49028 0.0280533 -1.6955
482.877 -nan 6.56299 -1.88016 0 -3.61642 -1.73306 -0.226868 -0.200905 -0.00646973 -1.70896
483.447 -nan -5.59064 -0.251633 0 4.39894 1.17388 0.16275 0.091217 -0.0371399 -1.71832
484.018 -nan 3.88963 1.43278 0 0.712807 1.30106 0.529816 0.390053 -0.071991 -1.72905
484.589 -nan 5.73027 2.75192 0 -4.70531 -1.61422 0.842514 0.687172 -0.106705 -1.73917
485.16 -nan -6.95902 3.37784 0 3.88657 0.230415 1.08403 0.978653 -0.14109 -1.75157
485.731 -nan 5.38236 3.1463 0 1.69384 1.74989 1.23734 1.25752 -0.174477 -1.75941
486.301 -nan 4.42561 2.11993 0 -5.03946 -0.740593 1.29857 1.52076 -0.208748 -1.76611
486.872 -nan -6.33952 0.55928 0 2.56136 -0.893082 1.26667 1.76412 -0.244514 -1.77333
487.443 -nan 6.36606 -1.14838 0 2.70991 1.73322 1.14432 1.9797 -0.277924 -1.78036
488.014 -nan 2.60058 -2.56739 0 -5.07359 0.353592 0.936394 2.16101 -0.30822 -1.78439
488.584 -nan -4.08384 -3.32906 0 0.51902 -1.6965 0.652504 2.30753 -0.340134 -1.78793
489.155 -nan 6.88666 -3.23766 0 4.11862 1.24113 0.309181 2.41498 -0.372543 -1.79145
489.726 -nan 0.245613 -2.31816 0 -4.58811 1.24095 -0.0691452 2.48259 -0.404671 -1.79759
490.297 -nan -1.23613 -0.804199 0 0.123459 -1.66385 -0.453918 2.50172 -0.434418 -1.79916
490.868 -nan 6.98546 0.910599 0 5.01746 0.326553 -0.807343 2.47478 -0.463791 -1.79968
491.438 -nan -2.5101 2.38914 0 -2.88086 1.72641 -1.09024 2.40208 -0.495201 -1.79999
492.009 -nan 1.42214 3.26555 0 -1.8704 -0.838524 -1.26135 2.28703 -0.523277 -1.80049
492.58 -nan 6.66502 3.3144 0 4.75412 -0.798515 -1.29575 2.12994 -0.548775 -1.79882
493.151 -nan -5.18513 2.52366 0 -2.62175 1.75124 -1.18713 1.93383 -0.573029 -1.79491
493.721 -nan 3.56644 1.09709 0 -3.72052 0.258156 -0.952904 1.70565 -0.598366 -1.79221
494.292 -nan 5.91403 -0.611443 0 4.85116 -1.65577 -0.62616 1.45207 -0.623253 -1.79124
494.863 -nan -6.84857 -2.16904 0 -1.12309 1.30447 -0.244835 1.17479 -0.645187 -1.78729
495.434 -nan 5.15401 -3.17304 0 -3.61219 1.17605 0.148567 0.879631 -0.665474 -1.78127
496.005 -nan 4.6946 -3.36532 0 4.17538 -1.70499 0.519272 0.571297 -0.686699 -1.77489
496.575 -nan -6.59828 -2.69621 0 1.41319 0.425247 0.834763 0.260201 -0.705925 -1.7691
497.146 -nan 6.22488 -1.33517 0 -5.24459 1.70216 1.07555 -0.0494156 -0.721558 -1.76127
497.717 -nan 2.96589 0.36216 0 3.86644 -0.929085 1.23076 -0.35463 -0.734833 -1.75106
498.288 -nan -4.56157 1.96217 0 1.6901 -0.697708 1.29616 -0.651718 -0.748436 -1.74113
498.858 -nan 6.82716 3.06743 0 -4.72553 1.77059 1.27113 -0.934456 -0.762497 -1.73379
499.429 -nan 0.704544 3.39421 0 1.36963 0.165092 1.15288 -1.19969 -0.772842 -1.72356
