0 -nan 6.99998 3.4 0 5.09979 1.8 -1.3 -2.5 -0.800003 -1.8
1.14155 -nan 0.862152 1.79378 0 -2.24059 -1.30897 -1.02534 -2.44223 -0.797165 -1.79912
2.28311 -nan -4.67628 -1.51982 0 -3.09784 0.792542 -0.349518 -2.26627 -0.783936 -1.79147
3.42466 -nan 6.14644 -3.38778 0 5.37323 0.876564 0.415268 -1.98342 -0.767944 -1.78477
4.56621 -nan 4.81404 -2.00457 0 -2.97659 -1.38468 1.0079 -1.59885 -0.745163 -1.77427
5.70776 -nan -6.81705 1.28967 0 -2.13771 1.79964 1.28875 -1.12214 -0.715614 -1.76093
6.84932 -nan 3.42854 3.35427 0 5.3118 -1.22897 1.19868 -0.575111 -0.678596 -1.74204
7.99087 -nan 6.71253 2.24044 0 -1.5449 0.707458 0.755707 0.0203247 -0.634651 -1.71922
9.13242 -nan -2.36766 -1.00443 0 -1.65936 0.953445 0.0580215 0.625175 -0.590607 -1.69686
10.274 -nan -1.38488 -3.29616 0 4.51618 -1.45603 -0.705589 1.21268 -0.538765 -1.67023
11.4155 -nan 6.85909 -2.42914 0 -2.1066 1.79391 -1.22392 1.7328 -0.484024 -1.64106
12.5571 -nan 2.74697 0.756409 0 -3.17653 -1.1432 -1.23307 2.14384 -0.421257 -1.60474
13.6986 -nan -6.40062 3.21817 0 3.97182 0.622498 -0.734032 2.40836 -0.36058 -1.56992
14.8402 -nan 5.27866 2.62604 0 -4.06672 1.02968 0.0225296 2.50009 -0.295761 -1.53058
15.9817 -nan 5.8221 -0.459419 0 -2.02414 -1.52087 0.731308 2.41306 -0.230652 -1.49135
17.1233 -nan -5.5041 -3.1134 0 4.66103 1.78276 1.18607 2.14857 -0.160965 -1.44485
18.2648 -nan 1.69576 -2.78788 0 -4.08444 -1.05632 1.29177 1.73833 -0.0906219 -1.39734
19.4064 -nan 6.97292 0.207039 0 -0.327721 0.533272 1.02656 1.2195 -0.0235596 -1.34702
20.5479 -nan -0.076973 2.9976 0 5.13322 1.10279 0.44519 0.636116 0.0439911 -1.29699
21.6895 -nan -3.70911 2.94305 0 -2.53686 -1.57793 -0.316757 0.028389 0.110069 -1.24284
22.8311 -nan 6.43047 0.0999069 0 -1.0858 1.77016 -1.00456 -0.570045 0.179794 -1.18389
23.9726 -nan 4.26183 -2.84558 0 4.54314 -0.96553 -1.2979 -1.11736 0.242882 -1.12381
25.1142 -nan -6.99582 -3.06773 0 -3.32163 0.44101 -1.04807 -1.59577 0.305984 -1.062
26.2557 -nan 4.07504 -0.34832 0 -2.04392 1.17 -0.390221 -1.98251 0.363647 -1.00113
27.3973 -nan 6.50713 2.69461 0 4.80503 -1.63169 0.379257 -2.26999 0.423164 -0.934166
28.5388 -nan -3.39383 3.18257 0 -4.5938 1.75282 0.986809 -2.44487 0.477501 -0.86718
29.6804 -nan -0.384201 0.654549 0 0.0371323 -0.87043 1.28112 -2.50148 0.528145 -0.795937
30.8219 -nan 6.95437 -2.50297 0 4.08263 0.349106 1.20968 -2.44315 0.573708 -0.727737
31.9635 -nan 1.95808 -3.26545 0 -3.58041 1.23621 0.782539 -2.26734 0.615616 -0.655685
33.105 -nan -5.74883 -0.899086 0 0.69146 -1.67833 0.0899582 -1.98353 0.656883 -0.583389
34.2466 -nan 5.70039 2.31889 0 3.72397 1.73019 -0.675171 -1.59128 0.690521 -0.506599
35.3881 -nan 5.42014 3.33519 0 -4.32121 -0.775726 -1.2088 -1.11243 0.720634 -0.431541
36.5297 -nan -6.21537 1.18731 0 -0.963501 0.253189 -1.24451 -0.563004 0.742645 -0.356262
37.6712 -nan 2.50598 -2.09234 0 4.37953 1.3001 -0.768883 0.0331345 0.766136 -0.279106
38.8128 -nan 6.89429 -3.37756 0 -4.64759 -1.71634 -0.0164566 0.643646 0.781731 -0.200478
39.9543 -nan -1.06332 -1.42604 0 0.160339 1.70673 0.703453 1.23079 0.794144 -0.120415
41.0959 -nan -2.69121 1.88271 0 5.08595 -0.677834 1.17133 1.74574 0.797958 -0.0434494
42.2374 -nan 6.65325 3.39764 0 -3.76084 0.155609 1.29404 2.15323 0.798775 0.0357895
43.379 -nan 3.63803 1.692 0 1.96355 1.35826 1.05016 2.41319 0.795837 0.112518
44.5205 -nan -6.90326 -1.62411 0 3.70552 -1.7493 0.479393 2.50104 0.787567 0.194008
45.6621 -nan 4.64887 -3.39759 0 -3.81601 1.67865 -0.278763 2.4051 0.774025 0.271423
46.8037 -nan 6.24211 -1.91038 0 0.889648 -0.577644 -0.974571 2.1334 0.75222 0.349876
47.9452 -nan -4.38329 1.39753 0 2.38205 0.0590591 -1.29704 1.72189 0.730789 0.424553
49.0868 -nan 0.572769 3.3709 0 -5.17235 1.41413 -1.07286 1.1991 0.702339 0.502846
50.2283 -nan 6.99995 2.15269 0 0.328156 -1.77436 -0.423424 0.613594 0.671814 0.579323
51.3699 -nan 1.104 -1.11195 0 3.43557 1.64417 0.34922 0.00363159 0.63195 0.654518
52.5114 -nan -4.92172 -3.32228 0 -5.5304 -0.478035 0.96656 -0.5877 0.591629 0.727509
53.653 -nan 6.06014 -2.3438 0 1.9006 -0.041008 1.27548 -1.13115 0.546196 0.798294
54.7945 -nan 4.95292 0.872253 0 3.87981 1.46717 1.22362 -1.60643 0.498848 0.870621
55.9361 -nan -6.72228 3.25454 0 -4.84982 -1.78948 0.812469 -1.9897 0.445648 0.939102
57.0776 -nan 3.2411 2.55345 0 2.65549 1.60847 0.127029 -2.27251 0.38755 1.00826
58.2192 -nan 6.757 -0.572708 0 2.32717 -0.377716 -0.637253 -2.44086 0.329117 1.07056
59.3607 -nan -2.08792 -3.15788 0 -4.23858 -0.1427 -1.19247 -2.49908 0.267601 1.13519
60.5023 -nan -1.65806 -2.71699 0 0.889267 1.51367 -1.25879 -2.44092 0.206085 1.1954
61.6438 -nan 6.8222 0.321587 0 2.25632 -1.79905 -0.796272 -2.26566 0.137337 1.25673
62.7854 -nan 2.94436 3.04861 0 -4.55537 1.56822 -0.0488205 -1.9801 0.0714111 1.31112
63.9269 -nan -6.53848 2.88303 0 2.57037 -0.274231 0.675369 -1.59159 0.0022049 1.365
65.0685 -nan 5.15478 -0.0179825 0 3.0443 -0.242363 1.15787 -1.11827 -0.0639877 1.41616
66.21 -nan 5.91958 -2.90863 0 -5.22149 1.55917 1.29722 -0.569466 -0.133926 1.46559
67.3516 -nan -5.28424 -3.01758 0 3.74439 -1.80108 1.0681 0.024826 -0.202454 1.51211
68.4931 -nan 1.46566 -0.236519 0 1.71136 1.52335 0.508141 0.634651 -0.270096 1.55299
69.6347 -nan 6.98645 2.76292 0 -5.42373 -0.173958 -0.245468 1.2192 -0.33503 1.59269
70.7763 -nan 0.181007 3.13754 0 1.95525 -0.343346 -0.949425 1.73631 -0.396416 1.62704
71.9178 -nan -3.97917 0.538895 0 0.830971 1.60125 -1.29651 2.14945 -0.459641 1.66315
73.0594 -nan 6.35877 -2.57951 0 -4.80569 -1.79294 -1.09137 2.41077 -0.516357 1.69097
74.2009 -nan 4.41975 -3.23407 0 2.27984 1.47709 -0.452385 2.50101 -0.570808 1.71799
75.3425 -nan -6.97357 -0.785355 0 2.68406 -0.0739822 0.315857 2.40704 -0.61631 1.73812
76.484 -nan 3.90738 2.40422 0 -3.92858 -0.445572 0.945374 2.14382 -0.662048 1.75945
77.6256 -nan 6.56817 3.31036 0 4.25661 1.6369 1.27101 1.73204 -0.699966 1.77454
78.7671 -nan -3.11817 1.08205 0 1.88481 -1.77971 1.2319 1.2094 -0.734039 1.78704
79.9087 -nan -0.648758 -2.18184 0 -4.29652 1.42693 0.83474 0.624924 -0.75943 1.7946
81.0502 -nan 6.9332 -3.36144 0 4.54221 0.0273361 0.158737 0.0167618 -0.778587 1.79833
82.1918 -nan 2.17599 -1.31571 0 -0.0118484 -0.544556 -0.608459 -0.573708 -0.792992 1.80082
83.3333 -nan -5.94254 1.9789 0 -4.85602 1.6704 -1.17873 -1.12268 -0.799225 1.79755
84.4749 -nan 5.59473 3.39393 0 3.2514 -1.75877 -1.26741 -1.59939 -0.799698 1.79226
85.6164 -nan 5.53346 1.59187 0 0.189087 1.37072 -0.823929 -1.98411 -0.788994 1.7792
86.758 -nan -6.0446 -1.72677 0 -4.4142 0.125031 -0.0869141 -2.26846 -0.776672 1.76772
87.8995 -nan 2.29552 -3.39896 0 3.61732 -0.644577 0.643906 -2.44179 -0.754616 1.74963
89.0411 -nan 6.92264 -1.81411 0 1.5908 1.70136 1.14473 -2.50291 -0.728668 1.73082
90.1826 -nan -0.793716 1.4996 0 -4.72963 -1.72763 1.29813 -2.44218 -0.692596 1.70422
91.3242 -nan -2.96906 3.38415 0 4.32265 1.31413 1.08356 -2.26867 -0.653526 1.67699
92.4658 -nan 6.59821 2.05834 0 -0.358101 0.222923 0.538673 -1.98374 -0.608971 1.64543
93.6073 -nan 3.81419 -1.22286 0 -4.29117 -0.74437 -0.212807 -1.5969 -0.560211 1.61256
94.7489 -nan -6.95489 -3.34591 0 3.88786 1.72594 -0.926468 -1.11946 -0.506607 1.57535
95.8904 -nan 4.49859 -2.26176 0 -1.65574 -1.69146 -1.29103 -0.567047 -0.44606 1.53281
97.032 -nan 6.31835 0.982643 0 -3.23228 1.25273 -1.11216 0.0264587 -0.386108 1.48913
98.1735 -nan -4.12136 3.28381 0 4.54949 0.320732 -0.489418 0.637398 -0.321236 1.44181
99.3151 -nan 0.321976 2.47395 0 0.67981 -0.840385 0.280556 1.22285 -0.257309 1.39499
100.457 -nan 6.99213 -0.685272 0 -3.50706 1.74867 0.923683 1.74413 -0.1866 1.34058
101.598 -nan 1.34145 -3.2 0 5.09081 -1.6487 1.26489 2.15144 -0.119293 1.28629
102.74 -nan -5.15732 -2.64499 0 -0.451355 1.187 1.24087 2.4098 -0.0497208 1.22665
103.881 -nan 5.9703 0.438477 0 -4.90178 0.415154 0.862793 2.49825 0.0173798 1.16899
105.023 -nan 5.08492 3.09877 0 4.21641 -0.935158 0.19783 2.40211 0.0861664 1.10608
106.164 -nan -6.61079 2.82369 0 -2.45374 1.76819 -0.574081 2.13433 0.154091 1.04231
107.306 -nan 3.04984 -0.132065 0 -3.7362 -1.59763 -1.15924 1.7166 0.218552 0.974487
108.447 -nan 6.80082 -2.96675 0 3.83031 1.11982 -1.2757 1.19362 0.282066 0.906334
109.589 -nan -1.81227 -2.95895 0 -1.41286 0.50592 -0.856857 0.608505 0.340652 0.838028
110.731 -nan -1.93765 -0.119179 0 -2.08402 -1.02827 -0.119972 -0.001297 0.402176 0.766426
111.872 -nan 6.78246 2.82969 0 4.95029 1.78043 0.618774 -0.592941 0.456657 0.693062
113.014 -nan 3.14096 3.09337 0 -0.877411 -1.54046 1.13033 -1.13841 0.509804 0.616806
114.155 -nan -6.66055 0.423035 0 -2.76488 1.04954 1.2992 -1.60728 0.555252 0.543739
115.297 -nan 5.02448 -2.65478 0 5.54048 0.598648 1.10263 -1.9914 0.60144 0.466988
116.438 -nan 6.01315 -3.19595 0 -2.30599 -1.11507 0.573074 -2.27212 0.641609 0.39138
117.58 -nan -5.05186 -0.674065 0 -3.39877 1.79091 -0.17424 -2.4423 0.677788 0.311073
118.721 -nan 1.23244 2.48334 0 5.33842 -1.47884 -0.896744 -2.49804 0.708511 0.233246
119.863 -nan 6.9928 3.27979 0 -2.81786 0.973419 -1.2838 -2.437 0.733894 0.153999
121.005 -nan 0.434433 0.968102 0 -2.0004 0.684845 -1.13481 -2.26745 0.758156 0.0776596
122.146 -nan -4.24042 -2.27061 0 4.63057 -1.20026 -0.52256 -1.98346 0.775314 -0.00226593
123.288 -nan 6.28535 -3.34406 0 -1.47289 1.79836 0.252335 -1.59879 0.789391 -0.0821228
124.429 -nan 4.56789 -1.20947 0 -1.43455 -1.40818 0.90007 -1.12283 0.793762 -0.160446
125.571 -nan -6.93288 2.07166 0 4.13777 0.897789 1.25665 -0.579346 0.798744 -0.237633
126.712 -nan 3.7353 3.38205 0 -2.85909 0.770142 1.25051 0.0119476 0.79628 -0.31385
127.854 -nan 6.62681 1.48947 0 -3.08796 -1.28275 0.885063 0.622276 0.791084 -0.392822
128.995 -nan -2.84226 -1.82355 0 4.79527 1.79948 0.228516 1.20755 0.777023 -0.46846
130.137 -nan -0.918983 -3.3992 0 -4.31828 -1.33582 -0.543854 1.72913 0.759781 -0.544708
131.279 -nan 6.90831 -1.71209 0 -1.37827 0.817894 -1.14227 2.13928 0.738678 -0.6157
132.42 -nan 2.39214 1.60415 0 5.4212 0.853683 -1.2821 2.40678 0.712898 -0.689796
133.562 -nan -6.12465 3.39462 0 -2.75422 -1.35863 -0.881767 2.50072 0.683167 -0.760971
134.703 -nan 5.47978 1.96928 0 -0.0147247 1.79871 -0.148621 2.40898 0.645088 -0.832977
135.845 -nan 5.64412 -1.32951 0 4.95415 -1.25844 0.591736 2.14594 0.606796 -0.898994
136.986 -nan -5.85467 -3.36253 0 -2.49765 0.733818 1.11313 1.73423 0.562347 -0.964546
138.128 -nan 2.08022 -2.17173 0 -2.22205 0.932922 1.30166 1.21688 0.517616 -1.0293
139.269 -nan 6.94463 1.09188 0 3.92654 -1.43101 1.11672 0.627693 0.463211 -1.09372
140.411 -nan -0.525711 3.31455 0 -4.17142 1.79533 0.596878 0.0193329 0.409088 -1.15469
141.553 -nan -3.24398 2.39252 0 -1.54846 -1.17567 -0.143723 -0.572342 0.350922 -1.21068
142.694 -nan 6.54105 -0.801132 0 4.1015 0.649567 -0.873482 -1.11769 0.29203 -1.26682
143.836 -nan 3.98293 -3.23698 0 -4.82471 1.00842 -1.27965 -1.59227 0.228874 -1.31981
144.977 -nan -6.98881 -2.5735 0 0.454712 -1.49851 -1.15031 -1.98154 0.162064 -1.37416
146.119 -nan 4.34627 0.551796 0 4.39633 1.78516 -0.552795 -2.2642 0.095787 -1.42105
147.26 -nan 6.39264 3.14406 0 -3.90016 -1.08838 0.219391 -2.43877 0.02771 -1.46708
148.402 -nan -3.85851 2.75273 0 0.255997 0.562523 0.875267 -2.49837 -0.0371094 -1.50782
149.543 -nan 0.0643082 -0.248657 0 4.10161 1.08424 1.2499 -2.44498 -0.108665 -1.55146
150.685 -nan 6.98207 -3.02307 0 -4.08823 -1.55781 1.25953 -2.27507 -0.17662 -1.58871
151.826 -nan 1.57469 -2.90212 0 -0.955261 1.77202 0.904091 -1.99284 -0.245583 -1.62302
152.968 -nan -5.38337 -0.00196075 0 4.42643 -0.999992 0.259216 -1.61193 -0.308937 -1.65308
154.11 -nan 5.87379 2.89095 0 -4.15504 0.469398 -0.513191 -1.13882 -0.373985 -1.68221
155.251 -nan 5.21269 3.04388 0 0.709381 1.15353 -1.12791 -0.595322 -0.436104 -1.70976
156.393 -nan -6.47881 0.309761 0 4.62257 -1.61259 -1.28767 -0.000236511 -0.495216 -1.73158
157.534 -nan 2.85342 -2.72549 0 -4.09662 1.75648 -0.906898 0.609161 -0.549652 -1.75095
158.676 -nan 6.83614 -3.15067 0 2.27599 -0.904915 -0.1856 1.19513 -0.597404 -1.76418
159.817 -nan -1.53504 -0.558624 0 2.94055 0.377625 0.562042 1.7194 -0.645004 -1.78019
160.959 -nan -2.21406 2.5617 0 -4.63235 1.22025 1.09869 2.13419 -0.685356 -1.78981
162.1 -nan 6.73935 3.25167 0 -0.00735474 -1.66263 1.30284 2.40415 -0.722305 -1.79807
163.242 -nan 3.32807 0.858055 0 2.55217 1.73437 1.13238 2.49464 -0.747421 -1.7978
164.384 -nan -6.76596 -2.35429 0 -5.30854 -0.809441 0.627556 2.40623 -0.771019 -1.799
165.525 -nan 4.88994 -3.31902 0 0.723427 0.283333 -0.103783 2.1432 -0.786934 -1.79628
166.667 -nan 6.10338 -1.10184 0 4.55883 1.28591 -0.843971 1.73074 -0.798271 -1.79158
167.808 -nan -4.81242 2.16233 0 -4.76865 -1.70253 -1.2728 1.2083 -0.799141 -1.78081
168.95 -nan 0.991272 3.36855 0 2.61317 1.71092 -1.16771 0.618484 -0.792725 -1.76623
170.091 -nan 6.99889 1.38255 0 3.56942 -0.713425 -0.587875 0.011261 -0.781662 -1.75107
171.233 -nan 0.685715 -1.92151 0 -4.00114 0.185982 0.186363 -0.582695 -0.763374 -1.73212
172.374 -nan -4.49795 -3.39749 0 2.06255 1.34473 0.857254 -1.12815 -0.740524 -1.71207
173.516 -nan 6.20441 -1.61369 0 1.71851 -1.7366 1.24152 -1.60222 -0.705589 -1.68323
174.658 -nan 4.71532 1.70449 0 -4.55262 1.68425 1.2661 -1.98494 -0.669174 -1.65549
175.799 -nan -6.87031 3.39731 0 1.41335 -0.61293 0.927811 -2.26475 -0.62587 -1.62307
176.941 -nan 3.55936 1.87179 0 2.46681 0.0894775 0.295532 -2.44003 -0.58149 -1.59216
178.082 -nan 6.67839 -1.43643 0 -5.36654 1.40057 -0.476624 -2.49712 -0.526886 -1.5524
179.224 -nan -2.56388 -3.37964 0 2.7882 -1.76482 -1.10702 -2.44132 -0.469772 -1.5118
180.365 -nan -1.18922 -2.08028 0 2.83466 1.65175 -1.29221 -2.27042 -0.409309 -1.46738
181.507 -nan 6.88036 1.2024 0 -5.53852 -0.512764 -0.934479 -1.99421 -0.347427 -1.42297
182.648 -nan 2.59842 3.33778 0 3.01752 -0.00857544 -0.220695 -1.61667 -0.283691 -1.37552
183.79 -nan -6.29176 2.31063 0 1.56834 1.45435 0.536728 -1.14655 -0.213875 -1.32304
184.932 -nan 5.36385 -0.9114 0 -5.0994 -1.78313 1.08312 -0.606201 -0.145531 -1.26883
186.073 -nan 5.74965 -3.26916 0 2.03697 1.6159 1.29831 -0.0162964 -0.0751953 -1.21142
187.215 -nan -5.6563 -2.49252 0 0.904671 -0.41272 1.14775 0.586319 -0.0102158 -1.15679
188.356 -nan 1.85722 0.666801 0 -4.00445 -0.110764 0.653862 1.17554 0.0602875 -1.09537
189.498 -nan 6.96421 3.18788 0 3.02532 1.50348 -0.0741425 1.70084 0.127586 -1.03352
190.639 -nan -0.260262 2.68582 0 2.8065 -1.79491 -0.818275 2.12 0.195168 -0.966331
191.781 -nan -3.5167 -0.364594 0 -4.1484 1.57874 -1.26445 2.3945 0.257248 -0.902252
192.922 -nan 6.47582 -3.07269 0 4.58587 -0.309479 -1.18143 2.49673 0.318817 -0.833847
194.064 -nan 4.14923 -2.84039 0 1.14514 -0.211121 -0.614929 2.41914 0.379654 -0.765068
195.205 -nan -6.99986 0.11171 0 -5.19312 1.54852 0.158531 2.16169 0.436737 -0.692131
196.347 -nan 4.18774 2.95087 0 3.79871 -1.80083 0.836632 1.75596 0.491096 -0.619125
197.489 -nan 6.45892 2.98743 0 -0.449188 1.53493 1.23041 1.23834 0.537468 -0.54631
198.63 -nan -3.58875 0.193062 0 -4.89568 -0.207184 1.27222 0.653847 0.584854 -0.472008
199.772 -nan -0.194649 -2.79406 0 2.80785 -0.310982 0.94841 0.0443115 0.626511 -0.396515
200.913 -nan 6.9687 -3.11084 0 1.37464 1.59301 0.319382 -0.554375 0.667206 -0.317123
202.055 -nan 1.80061 -0.444595 0 -3.83095 -1.79648 -0.449646 -1.1002 0.697205 -0.24176
203.196 -nan -5.59977 2.63535 0 3.91356 1.48958 -1.08969 -1.57759 0.72554 -0.163795
204.338 -nan 5.77573 3.21307 0 1.18546 -0.10759 -1.29662 -1.96523 0.749077 -0.0875702
205.479 -nan 5.33661 0.746002 0 -4.23129 -0.413734 -0.955658 -2.25518 0.770157 -0.0061264
206.621 -nan -6.33352 -2.43862 0 5.05196 1.62931 -0.249374 -2.43372 0.784843 0.0720215
207.763 -nan 2.65087 -3.29163 0 -0.884613 -1.78454 0.508621 -2.49645 0.792404 0.151817
208.904 -nan 6.87206 -0.988831 0 -3.94926 1.44077 1.06628 -2.44721 0.797432 0.228477
210.046 -nan -1.26001 2.25026 0 4.27355 -0.00508118 1.29721 -2.28325 0.796532 0.306923
211.187 -nan -2.49326 3.35403 0 -0.708305 -0.512886 1.16245 -2.01322 0.794617 0.385757
212.329 -nan 6.68962 1.27792 0 -3.62418 1.66261 0.676613 -1.63565 0.781487 0.463509
213.47 -nan 3.51268 -2.01573 0 4.56644 -1.76665 -0.0463562 -1.17146 0.766693 0.539474
214.612 -nan -6.84982 -3.38496 0 0.375984 1.38582 -0.791817 -0.634598 0.745316 0.612633
215.753 -nan 4.75111 -1.50923 0 -4.14727 0.0946198 -1.25838 -0.0473022 0.723869 0.688301
216.895 -nan 6.18604 1.80511 0 4.30769 -0.612038 -1.19676 0.560127 0.693832 0.761047
218.037 -nan -4.5636 3.40067 0 -0.980865 1.69385 -0.642433 1.15112 0.659393 0.83419
219.178 -nan 0.749115 1.77274 0 -4.7058 -1.73892 0.125778 1.67765 0.620644 0.902
220.32 -nan 6.99854 -1.53927 0 4.03761 1.32906 0.812012 2.1032 0.578377 0.971329
221.461 -nan 0.930229 -3.39032 0 -2.60105 0.192802 1.22382 2.38509 0.53479 1.03699
222.603 -nan -4.74866 -1.98931 0 -2.83385 -0.711533 1.2795 2.49527 0.483101 1.10387
223.744 -nan 6.12212 1.30927 0 4.52158 1.72004 0.9692 2.41963 0.429657 1.16534
224.886 -nan 4.85567 3.35532 0 -1.04469 -1.70425 0.351974 2.16481 0.370255 1.22516
226.027 -nan -6.79101 2.22269 0 -1.90655 1.27045 -0.412277 1.76426 0.314194 1.28207
227.169 -nan 3.37467 -1.02363 0 5.34788 0.291405 -1.06681 1.24557 0.250961 1.3383
228.311 -nan 6.72888 -3.30257 0 -0.989571 -0.808281 -1.30179 0.658585 0.18705 1.39188
229.452 -nan -2.28547 -2.41362 0 -3.84471 1.74201 -0.981499 0.044487 0.119156 1.44004
230.594 -nan -1.46394 0.77935 0 5.15318 -1.66559 -0.283859 -0.552147 0.052887 1.48711
231.735 -nan 6.84636 3.2244 0 -2.56636 1.20612 0.478455 -1.10095 -0.0140228 1.52967
232.877 -nan 2.804 2.61406 0 -3.33078 0.386856 1.05249 -1.58115 -0.0831604 1.57315
234.018 -nan -6.44163 -0.478897 0 4.45495 -0.902061 1.29674 -1.96898 -0.151863 1.60995
235.16 -nan 5.2416 -3.12144 0 -2.89506 1.76276 1.17242 -2.25674 -0.222084 1.64581
236.301 -nan 5.8497 -2.77254 0 -1.42432 -1.61749 0.704239 -2.43114 -0.285713 1.67454
237.443 -nan -5.44333 0.229095 0 4.25519 1.1396 -0.00928497 -2.49651 -0.351425 1.70396
238.584 -nan 1.63367 3.00843 0 -1.7261 0.478363 -0.760376 -2.4468 -0.412949 1.72835
239.726 -nan 6.97907 2.93443 0 -2.18008 -0.996613 -1.24723 -2.28265 -0.475929 1.75021
240.868 -nan -0.00111389 0.0780411 0 4.9612 1.77687 -1.21183 -2.01151 -0.530228 1.7663
242.009 -nan -3.78745 -2.85725 0 -3.1936 -1.5629 -0.67411 -1.63979 -0.581848 1.77952
243.151 -nan 6.41092 -3.05866 0 -2.40725 1.07121 0.0922546 -1.18275 -0.628372 1.7907
244.292 -nan 4.30764 -0.328438 0 5.52077 0.57132 0.789322 -0.648003 -0.671349 1.79683
245.434 -nan -6.99327 2.7081 0 -3.5333 -1.08459 1.21487 -0.0646133 -0.709267 1.80075
246.575 -nan 4.02346 3.17281 0 -1.16277 1.78698 1.28111 0.539497 -0.738312 1.79757
247.717 -nan 6.52511 0.631805 0 5.36899 -1.50315 0.98674 1.12628 -0.76371 1.79457
248.858 -nan -3.31684 -2.51716 0 -2.34906 0.995789 0.382889 1.65505 -0.780502 1.78556
250 -nan -0.458412 -3.26309 0 -0.521118 0.661125 -0.384956 2.08841 -0.795471 1.77692
251.142 -nan 6.94836 -0.879211 0 4.10677 -1.17075 -1.0482 2.37599 -0.797791 1.75922
252.283 -nan 2.02479 2.33474 0 -3.03075 1.79594 -1.30074 2.49546 -0.795731 1.74064
253.425 -nan -5.8018 3.32832 0 -2.19279 -1.43616 -1.00151 2.42979 -0.784981 1.71741
254.566 -nan 5.67062 1.16867 0 3.6618 0.91938 -0.311867 2.1897 -0.770767 1.69328
255.708 -nan 5.45354 -2.10917 0 -4.74529 0.746712 0.453865 1.79416 -0.748093 1.66412
256.849 -nan -6.16877 -3.37557 0 -1.01768 -1.25443 1.03651 1.28009 -0.717941 1.63043
257.991 -nan 2.44479 -1.40376 0 4.74702 1.79897 1.29284 0.697067 -0.682648 1.59429
259.132 -nan 6.90076 1.89989 0 -4.64629 -1.36297 1.18229 0.0846329 -0.64064 1.55383
260.274 -nan -0.988594 3.39807 0 0.615204 0.841148 0.728561 -0.513268 -0.597595 1.51438
261.416 -nan -2.7722 1.67594 0 4.75999 0.832367 0.0169601 -1.06998 -0.545265 1.4678
262.557 -nan 6.63959 -1.64306 0 -3.30508 -1.33271 -0.739944 -1.55343 -0.491211 1.42063
263.699 -nan 3.69057 -3.39513 0 -0.261162 1.79772 -1.23598 -1.94548 -0.430336 1.36694
264.84 -nan -6.91843 -1.8921 0 3.75639 -1.28876 -1.22279 -2.23929 -0.371025 1.31602
265.982 -nan 4.60526 1.41635 0 -3.7982 0.757889 -0.699921 -2.42393 -0.305748 1.25925
267.123 -nan 6.26843 3.37646 0 -0.936012 0.912827 0.0662384 -2.49793 -0.239182 1.20172
268.265 -nan -4.30804 2.13459 0 4.42962 -1.40457 0.767296 -2.45209 -0.170273 1.13879
269.406 -nan 0.500298 -1.13293 0 -4.98461 1.79524 1.20406 -2.29657 -0.101616 1.07569
270.548 -nan 6.99498 -3.32561 0 1.17049 -1.20645 1.28647 -2.03256 -0.0342941 1.01118
271.689 -nan 1.17254 -2.33105 0 3.72383 0.673386 1.00511 -1.66817 0.03582 0.943924
272.831 -nan -4.9901 0.892807 0 -4.39246 0.989113 0.408737 -1.21338 0.102898 0.87545
273.973 -nan 6.03365 3.25977 0 1.48687 -1.47404 -0.359398 -0.681435 0.171852 0.80201
275.114 -nan 4.98983 2.53602 0 3.08527 1.78668 -1.02914 -0.10302 0.233925 0.731628
276.256 -nan -6.69102 -0.593742 0 -4.86616 -1.12041 -1.30109 0.501137 0.297653 0.65773
277.397 -nan 3.18949 -3.1683 0 -0.0486832 0.588318 -1.02459 1.09041 0.357178 0.585701
278.539 -nan 6.77233 -2.70585 0 3.72205 1.06461 -0.340637 1.62823 0.417313 0.506523
279.68 -nan -2.00925 0.343948 0 -4.67513 -1.53548 0.426552 2.06391 0.470695 0.430748
280.822 -nan -1.73828 3.05669 0 1.13286 1.77391 1.01733 2.36051 0.521126 0.352623
281.963 -nan 6.81094 2.87243 0 4.5349 -1.03242 1.29159 2.49146 0.569038 0.276596
283.105 -nan 3.00126 -0.0392075 0 -3.98143 0.497032 1.1963 2.43589 0.612274 0.19767
284.247 -nan -6.57712 -2.92027 0 2.94036 1.13631 0.752373 2.20194 0.653114 0.117722
285.388 -nan 5.11442 -3.00513 0 2.8837 -1.59144 0.0508499 1.80796 0.6856 0.0380707
286.53 -nan 5.94719 -0.214706 0 -4.31098 1.75982 -0.707115 1.29809 0.716866 -0.0410233
287.671 -nan -5.21904 2.77596 0 1.92315 -0.940063 -1.2223 0.71505 0.741013 -0.117111
288.813 -nan 1.39998 3.1326 0 1.617 0.404335 -1.23792 0.0984726 0.76519 -0.197777
289.954 -nan 6.98937 0.518288 0 -5.308 1.2032 -0.732315 -0.504845 0.779472 -0.275261
291.096 -nan 0.257202 -2.5927 0 1.33028 -1.64404 0.0332642 -1.06416 0.790733 -0.353996
292.237 -nan -4.05166 -3.2253 0 2.95649 1.7408 0.741486 -1.54762 0.796051 -0.42717
293.379 -nan 6.33791 -0.765289 0 -5.35181 -0.844002 1.19374 -1.94577 0.798615 -0.503868
294.521 -nan 4.46253 2.41978 0 2.62537 0.31221 1.29203 -2.24065 0.795898 -0.57811
295.662 -nan -6.96474 3.30543 0 3.10964 1.26931 1.02036 -2.42519 0.786087 -0.653847
296.804 -nan 3.85653 1.06027 0 -5.03238 -1.68788 0.436974 -2.49603 0.773193 -0.724831
297.945 -nan 6.58422 -2.19749 0 3.37058 1.71719 -0.322083 -2.45104 0.753532 -0.794205
299.087 -nan -3.04256 -3.35991 0 1.26356 -0.74897 -1.00489 -2.29832 0.733467 -0.863045
300.228 -nan -0.725136 -1.29816 0 -4.2337 0.215363 -1.30132 -2.03319 0.704147 -0.931534
301.37 -nan 6.92841 1.99622 0 1.91393 1.33082 -1.04732 -1.67 0.672867 -0.998909
302.511 -nan 2.24073 3.3897 0 1.5156 -1.72343 -0.375198 -1.21642 0.634224 -1.0601
303.653 -nan -5.99527 1.57159 0 -4.38624 1.69247 0.395836 -0.693581 0.596123 -1.12132
304.795 -nan 5.5621 -1.74506 0 3.44952 -0.648903 0.998734 -0.117477 0.551331 -1.17957
305.936 -nan 5.56822 -3.40155 0 2.28432 0.118431 1.28811 0.485245 0.502228 -1.23988
307.078 -nan -5.99169 -1.7951 0 -5.25875 1.38631 1.20515 1.07267 0.449112 -1.29315
308.219 -nan 2.23158 1.51945 0 4.19753 -1.75409 0.773445 1.6087 0.39312 -1.34575
309.361 -nan 6.92696 3.38544 0 0.852478 1.66071 0.0831757 2.04688 0.336586 -1.39346
310.502 -nan -0.718048 2.04282 0 -5.41835 -0.547401 -0.680084 2.35342 0.27404 -1.44267
311.644 -nan -3.04656 -1.24306 0 2.60162 0.0212402 -1.21324 2.49252 0.211357 -1.48812
312.785 -nan 6.58089 -3.34798 0 -0.11116 1.44104 -1.24416 2.44572 0.142754 -1.5303
313.927 -nan 3.86341 -2.24333 0 -4.34007 -1.77616 -0.756081 2.22169 0.0785904 -1.56783
315.068 -nan -6.96397 1.00341 0 3.00968 1.62554 0.00371552 1.83865 0.0104446 -1.60352
316.21 -nan 4.45787 3.29297 0 1.69724 -0.447067 0.720657 1.33735 -0.0570068 -1.63915
317.352 -nan 6.34197 2.45987 0 -3.51546 -0.079483 1.18309 0.752701 -0.1278 -1.66901
318.493 -nan -4.04733 -0.706833 0 4.83537 1.491 1.29391 0.139008 -0.19558 -1.69617
319.635 -nan 0.247253 -3.20415 0 0.883141 -1.78959 1.03609 -0.465294 -0.261719 -1.71773
320.776 -nan 6.98866 -2.63288 0 -4.24838 1.58854 0.463676 -1.02715 -0.327988 -1.74087
321.918 -nan 1.40738 0.459908 0 5.05172 -0.343948 -0.294235 -1.51869 -0.39135 -1.7589
323.059 -nan -5.22529 3.10905 0 -0.832596 -0.18026 -0.98896 -1.92429 -0.454895 -1.77573
324.201 -nan 5.94151 2.80832 0 -4.52487 1.53656 -1.29936 -2.22263 -0.509949 -1.78432
325.342 -nan 5.12264 -0.152916 0 3.92957 -1.79838 -1.0619 -2.41463 -0.564102 -1.79249
326.484 -nan -6.57426 -2.97762 0 -0.556488 1.5475 -0.404411 -2.49333 -0.611664 -1.79772
327.626 -nan 2.99433 -2.95216 0 -3.68644 -0.240646 0.371391 -2.45998 -0.659195 -1.8018
328.767 -nan 6.81342 -0.0976715 0 3.95795 -0.27877 0.983482 -2.31152 -0.697136 -1.79973
329.909 -nan -1.72974 2.83987 0 0.671432 1.58022 1.2823 -2.05289 -0.729637 -1.79314
331.05 -nan -2.01448 3.08287 0 -4.28344 -1.79826 1.21552 -1.69781 -0.755623 -1.78544
332.192 -nan 6.76917 0.402428 0 4.58449 1.50172 0.795807 -1.25092 -0.776947 -1.77451
333.333 -nan 3.19472 -2.66979 0 -1.38354 -0.140106 0.109566 -0.731407 -0.792931 -1.76226
334.475 -nan -6.69344 -3.18789 0 -3.82794 -0.380363 -0.656746 -0.155136 -0.798317 -1.74224
335.616 -nan 4.98483 -0.65303 0 4.43318 1.61961 -1.20214 0.444214 -0.798775 -1.72174
336.758 -nan 6.03759 2.49719 0 -2.38667 -1.78909 -1.25254 1.03284 -0.790062 -1.69625
337.9 -nan -4.98723 3.27721 0 -2.64929 1.4551 -0.782806 1.57439 -0.779594 -1.67258
339.041 -nan 1.16534 0.947845 0 5.00258 -0.0384674 -0.0268707 2.02203 -0.75795 -1.64144
340.183 -nan 6.99758 -2.2858 0 -0.151169 -0.480675 0.699127 2.33847 -0.730789 -1.60808
341.324 -nan 0.508171 -3.33668 0 -2.90864 1.65253 1.17001 2.48386 -0.69519 -1.56987
342.466 -nan -4.31348 -1.18934 0 5.07681 -1.77454 1.29694 2.45172 -0.657951 -1.53275
343.607 -nan 6.26235 2.09042 0 -1.25777 1.40174 1.05586 2.23749 -0.614937 -1.49229
344.749 -nan 4.61296 3.38148 0 -4.35477 0.0641022 0.491219 1.86107 -0.564888 -1.44728
345.89 -nan -6.91717 1.46922 0 4.2448 -0.57933 -0.261848 1.35915 -0.510681 -1.39945
347.032 -nan 3.68137 -1.84009 0 -3.27091 1.68538 -0.960899 0.775253 -0.451553 -1.34818
348.174 -nan 6.64038 -3.39865 0 -2.94511 -1.75107 -1.29638 0.161133 -0.393578 -1.29853
349.315 -nan -2.76395 -1.69479 0 4.14297 1.3446 -1.08643 -0.449417 -0.32917 -1.24329
350.457 -nan -0.994926 1.62427 0 -2.29604 0.162697 -0.440399 -1.01688 -0.264175 -1.18787
351.598 -nan 6.89963 3.39387 0 -1.36806 -0.679367 0.339539 -1.51436 -0.193291 -1.12498
352.74 -nan 2.45264 1.94968 0 5.07198 1.71358 0.963219 -1.92006 -0.12661 -1.06551
353.881 -nan -6.17056 -1.34915 0 -1.77795 -1.71877 1.27583 -2.22216 -0.0582428 -1.00201
355.023 -nan 5.4492 -3.36867 0 -2.27033 1.28733 1.2262 -2.41817 0.0101318 -0.938721
356.164 -nan 5.67603 -2.15623 0 5.35966 0.262573 0.817062 -2.4957 0.0800629 -0.869423
357.306 -nan -5.80076 1.11218 0 -2.9189 -0.776436 0.139107 -2.46012 0.148209 -0.800262
358.447 -nan 2.01542 3.31701 0 -2.76637 1.73637 -0.622269 -2.30962 0.211433 -0.730812
359.589 -nan 6.94986 2.37739 0 5.41168 -1.68197 -1.18428 -2.05388 0.275467 -0.659355
360.731 -nan -0.451965 -0.821877 0 -3.35239 1.22383 -1.26502 -1.69804 0.336006 -0.587257
361.872 -nan -3.32412 -3.24448 0 -1.07777 0.359993 -0.812172 -1.25054 0.398308 -0.510193
363.014 -nan 6.52235 -2.55826 0 4.52528 -0.870575 -0.0612106 -0.732353 0.452194 -0.435913
364.155 -nan 4.03242 0.573067 0 -2.19203 1.75696 0.670555 -0.160301 0.50428 -0.358757
365.297 -nan -6.99226 3.15353 0 -0.686142 -1.63745 1.15672 0.433037 0.550941 -0.284904
366.438 -nan 4.3012 2.74259 0 3.91836 1.15719 1.29851 1.02412 0.598358 -0.204414
367.58 -nan 6.41447 -0.269669 0 -3.62093 0.453178 1.07134 1.56476 0.639862 -0.126366
368.721 -nan -3.78029 -3.03076 0 -2.35857 -0.963493 0.516861 2.01351 0.675232 -0.0464935
369.863 -nan -0.00823212 -2.89011 0 4.70795 1.77332 -0.229744 2.33101 0.706207 0.0297089
371.005 -nan 6.97626 0.0195541 0 -4.73997 -1.58407 -0.936836 2.48532 0.732849 0.10849
372.146 -nan 1.63905 2.90472 0 -0.647217 1.08929 -1.29513 2.46166 0.758194 0.187714
373.288 -nan -5.44631 3.03319 0 5.37838 0.545151 -1.10274 2.2524 0.774895 0.266899
374.429 -nan 5.8451 0.288734 0 -3.16986 -1.05412 -0.465317 1.88328 0.788445 0.345726
375.571 -nan 5.24665 -2.73678 0 0.778336 1.78382 0.309853 1.38776 0.793991 0.420784
376.712 -nan -6.43958 -3.14586 0 4.53467 -1.52691 0.944801 0.810188 0.799988 0.498756
377.854 -nan 2.79743 -0.537117 0 -3.04456 1.01712 1.27194 0.195274 0.798309 0.573814
378.995 -nan 6.85033 2.57542 0 -1.46437 0.636848 1.23373 -0.418121 0.791817 0.651459
380.137 -nan -1.45542 3.24124 0 3.49705 -1.13853 0.83876 -0.984901 0.777611 0.722282
381.279 -nan -2.29432 0.837318 0 -4.66062 1.7933 0.169403 -1.48622 0.761375 0.795456
382.42 -nan 6.72484 -2.37152 0 -0.664124 -1.46295 -0.595375 -1.89761 0.742035 0.865128
383.562 -nan 3.38334 -3.31592 0 3.95416 0.939888 -1.17303 -2.20934 0.715919 0.936523
384.703 -nan -6.79311 -1.08096 0 -5.15596 0.722786 -1.27202 -2.40868 0.685684 1.0033
385.845 -nan 4.84657 2.17668 0 1.17979 -1.22375 -0.832741 -2.49185 0.648094 1.06828
386.986 -nan 6.12644 3.36623 0 4.11765 1.79905 -0.0899734 -2.46413 0.611336 1.1312
388.128 -nan -4.74292 1.36278 0 -4.42314 -1.39189 0.645851 -2.32197 0.568092 1.1923
389.269 -nan 0.924355 -1.94066 0 0.822655 0.864082 1.14776 -2.07429 0.522995 1.25352
390.411 -nan 6.99882 -3.39333 0 3.50109 0.807739 1.29918 -1.71948 0.468697 1.30874
391.553 -nan 0.758041 -1.59447 0 -4.35266 -1.30333 1.0853 -1.2793 0.41494 1.36313
392.694 -nan -4.56736 1.72386 0 -0.279205 1.7986 0.544037 -0.765251 0.358299 1.41249
393.836 -nan 6.18328 3.40128 0 3.97645 -1.3187 -0.202515 -0.19664 0.299088 1.46368
394.977 -nan 4.75602 1.85358 0 -4.25771 0.78167 -0.917618 0.39949 0.235771 1.50818
396.119 -nan -6.85066 -1.45396 0 1.57138 0.890373 -1.29091 0.991135 0.168839 1.5519
397.26 -nan 3.50424 -3.38046 0 4.16139 -1.37743 -1.1189 1.53259 0.104141 1.58932
398.402 -nan 6.69278 -2.06425 0 -4.36903 1.79672 -0.494949 1.98888 0.0366898 1.62623
399.543 -nan -2.48883 1.22505 0 2.96186 -1.23902 0.280464 2.31591 -0.029213 1.65939
400.685 -nan -1.26794 3.34195 0 2.42265 0.697128 0.926537 2.48144 -0.101051 1.69001
401.826 -nan 6.87096 2.29406 0 -5.00474 0.968185 1.26673 2.46478 -0.168739 1.7159
402.968 -nan 2.6601 -0.931023 0 0.603264 -1.44727 1.24043 2.26474 -0.236504 1.73714
404.11 -nan -6.3337 -3.27741 0 2.03712 1.79043 0.862839 1.9066 -0.300461 1.75753
405.251 -nan 5.32954 -2.47881 0 -5.3241 -1.15321 0.20092 1.41391 -0.366142 1.77293
406.393 -nan 5.78056 0.687675 0 1.37968 0.611412 -0.565834 0.835739 -0.429771 1.78653
407.534 -nan -5.59402 3.1924 0 4.15689 1.04351 -1.15292 0.215584 -0.488663 1.79269
408.676 -nan 1.79256 2.67213 0 -4.69411 -1.51286 -1.27858 -0.397858 -0.543678 1.79874
409.817 -nan 6.96665 -0.386497 0 3.27097 1.77823 -0.866089 -0.971123 -0.59314 1.79903
410.959 -nan -0.187386 -3.08399 0 2.89112 -1.06522 -0.127708 -1.4795 -0.642006 1.79886
412.1 -nan -3.59456 -2.8278 0 -4.16691 0.522766 0.617004 -1.89562 -0.682343 1.79153
413.242 -nan 6.45668 0.132378 0 2.56951 1.11736 1.13184 -2.20979 -0.718803 1.78154
414.384 -nan 4.19373 2.96046 0 1.06875 -1.57001 1.29866 -2.40834 -0.745346 1.7668
415.525 -nan -6.99929 2.97892 0 -4.63531 1.76427 1.09982 -2.4959 -0.770302 1.75101
416.667 -nan 4.14258 0.171333 0 2.14968 -0.973938 0.571487 -2.46689 -0.787766 1.73176
417.808 -nan 6.4821 -2.80502 0 2.07145 0.429604 -0.171661 -2.32217 -0.798424 1.70689
418.95 -nan -3.51136 -3.09919 0 -5.18829 1.18472 -0.888756 -2.06963 -0.799973 1.67924
420.091 -nan -0.270035 -0.423058 0 3.32748 -1.62386 -1.28196 -1.71574 -0.794807 1.64737
421.233 -nan 6.96236 2.65066 0 2.32777 1.74675 -1.14134 -1.27589 -0.785522 1.61533
422.374 -nan 1.86644 3.20721 0 -5.55289 -0.877914 -0.531525 -0.758728 -0.767349 1.57727
423.516 -nan -5.66132 0.725639 0 3.31895 0.338692 0.248169 -0.190575 -0.744217 1.53811
424.658 -nan 5.74329 -2.451 0 0.817169 1.25031 0.901527 0.403618 -0.710297 1.49182
425.799 -nan 5.36968 -3.28684 0 -4.98309 -1.67127 1.25777 0.990135 -0.674881 1.44672
426.941 -nan -6.28756 -0.967644 0 2.4758 1.72356 1.24908 1.53128 -0.632271 1.39703
428.082 -nan 2.59297 2.26814 0 0.278709 -0.781845 0.884369 1.99026 -0.586334 1.34617
429.224 -nan 6.8816 3.34782 0 -3.75288 0.244072 0.231667 2.31552 -0.532249 1.28925
430.365 -nan -1.18153 1.2575 0 3.65012 1.31324 -0.534798 2.48245 -0.475647 1.23141
431.507 -nan -2.56953 -2.03311 0 2.25431 -1.7094 -1.13486 2.46832 -0.416801 1.17223
432.648 -nan 6.67585 -3.38598 0 -4.01604 1.69896 -1.28532 2.27637 -0.35405 1.11066
433.79 -nan 3.56435 -1.49019 0 4.96325 -0.683159 -0.890694 1.91923 -0.289383 1.04717
434.931 -nan -6.87289 1.82178 0 0.520409 0.146919 -0.155525 1.42874 -0.219643 0.978554
436.073 -nan 4.70809 3.39935 0 -5.16466 1.37074 0.59095 0.854683 -0.152878 0.911652
437.215 -nan 6.20842 1.75447 0 4.01678 -1.74264 1.11527 0.237663 -0.0832825 0.841034
438.356 -nan -4.49454 -1.56132 0 -1.06559 1.67036 1.30169 -0.375198 -0.016243 0.772324
439.498 -nan 0.67807 -3.39156 0 -4.55727 -0.5812 1.11555 -0.953064 0.0546036 0.696922
440.639 -nan 6.99928 -1.97136 0 3.21209 0.0505219 0.598076 -1.46139 0.122337 0.622643
441.781 -nan 1.00145 1.32754 0 0.993622 1.42526 -0.137505 -1.87915 0.188675 0.545616
442.922 -nan -4.81628 3.36131 0 -3.42055 -1.76936 -0.864326 -2.19707 0.251984 0.471832
444.064 -nan 6.09696 2.20635 0 4.26003 1.63539 -1.27752 -2.40269 0.314278 0.394577
445.206 -nan 4.89712 -1.04348 0 0.448723 -0.479721 -1.15624 -2.49514 0.375984 0.31588
446.347 -nan -6.76315 -3.30408 0 -4.07785 -0.0488358 -0.557701 -2.46692 0.43187 0.2369
447.489 -nan 3.31953 -2.3991 0 5.20472 1.47821 0.219337 -2.32889 0.486221 0.158356
448.63 -nan 6.73959 0.802002 0 -1.54038 -1.78648 0.879768 -2.08237 0.534622 0.0818558
449.772 -nan -2.20818 3.23341 0 -3.69605 1.5995 1.25191 -1.73485 0.583229 0.00196838
450.913 -nan -1.54076 2.59951 0 4.64355 -0.377739 1.25845 -1.29682 0.624969 -0.0762558
452.055 -nan 6.83575 -0.497589 0 -1.02068 -0.149124 0.902306 -0.781113 0.663963 -0.157715
453.196 -nan 2.86066 -3.12959 0 -3.13553 1.5248 0.261902 -0.217941 0.695267 -0.232613
454.338 -nan -6.48075 -2.76108 0 4.79545 -1.79712 -0.505753 0.376259 0.725067 -0.310944
455.479 -nan 5.20838 0.251495 0 -0.104706 1.55952 -1.12162 0.963989 0.750511 -0.38694
456.621 -nan 5.88047 3.01618 0 -3.84847 -0.272934 -1.28932 1.5114 0.770256 -0.466148
457.763 -nan -5.38019 2.92244 0 4.30167 -0.24765 -0.91291 1.97012 0.785027 -0.540047
458.904 -nan 1.56468 0.056282 0 -1.68133 1.56876 -0.188194 2.30232 0.793541 -0.612991
460.046 -nan 6.98247 -2.87118 0 -4.33317 -1.80078 0.563644 2.47824 0.800385 -0.684776
461.187 -nan 0.0714722 -3.04926 0 4.15465 1.51375 1.10109 2.4725 0.799728 -0.756416
462.329 -nan -3.86474 -0.309151 0 -3.12334 -0.170708 1.30225 2.28667 0.796539 -0.82885
463.47 -nan 6.38735 2.71937 0 -2.35772 -0.346748 1.12876 1.93285 0.784164 -0.895088
464.612 -nan 4.35343 3.16615 0 4.7927 1.60987 0.623901 1.45 0.77066 -0.961609
465.753 -nan -6.98592 0.607826 0 -1.38332 -1.79398 -0.102783 0.877754 0.750954 -1.02389
466.895 -nan 3.97739 -2.53227 0 -1.50417 1.46634 -0.838432 0.2575 0.727753 -1.0903
468.036 -nan 6.54298 -3.25494 0 5.35692 -0.0697784 -1.26862 -0.360748 0.697487 -1.15009
469.178 -nan -3.23618 -0.859306 0 -1.54539 -0.448059 -1.17203 -0.94239 0.663261 -1.20946
470.32 -nan -0.532654 2.35183 0 -3.61446 1.64453 -0.596672 -1.45238 0.627167 -1.26304
471.461 -nan 6.94256 3.32561 0 5.0425 -1.78159 0.180557 -1.87791 0.58548 -1.31834
472.603 -nan 2.0858 1.14851 0 -3.0256 1.41563 0.855743 -2.19913 0.541084 -1.37035
473.744 -nan -5.85984 -2.12386 0 -2.76858 0.033287 1.24168 -2.40645 0.489059 -1.41943
474.886 -nan 5.6384 -3.37226 0 4.5295 -0.545448 1.26357 -2.49691 0.437271 -1.46443
476.027 -nan 5.48507 -1.38359 0 -3.07761 1.67663 0.922737 -2.4687 0.380119 -1.50603
477.169 -nan -6.12244 1.9207 0 -0.816109 -1.76227 0.292786 -2.3309 0.323051 -1.54884
478.311 -nan 2.38377 3.3967 0 4.26514 1.359 -0.473198 -2.07889 0.259506 -1.5867
479.452 -nan 6.91171 1.65708 0 -2.30272 0.133003 -1.1011 -1.7271 0.195099 -1.62292
480.594 -nan -0.909653 -1.65974 0 -1.96682 -0.643806 -1.2914 -1.28411 0.129517 -1.6511
481.735 -nan -2.84838 -3.39794 0 4.79201 1.70724 -0.943375 -0.770538 0.0633545 -1.68198
482.877 -nan 6.62234 -1.87482 0 -3.67801 -1.73321 -0.229256 -0.203354 -0.00395203 -1.70774
484.018 -nan 3.74362 1.43572 0 -1.99046 1.30209 0.53302 0.392487 -0.0741272 -1.73286
485.16 -nan -6.93359 3.37654 0 5.52207 0.230949 1.08291 0.978508 -0.14135 -1.75004
486.301 -nan 4.56101 2.1177 0 -3.69244 -0.741684 1.29808 1.5214 -0.209763 -1.7658
487.443 -nan 6.28728 -1.15454 0 -0.547859 1.73112 1.14484 1.97663 -0.274315 -1.77863
488.584 -nan -4.23565 -3.33174 0 5.26054 -1.69818 0.652855 2.30984 -0.341721 -1.79016
489.726 -nan 0.42907 -2.31564 0 -2.61422 1.24138 -0.068924 2.48308 -0.404663 -1.7981
490.868 -nan 6.99362 0.911278 0 -0.117348 0.329353 -0.809006 2.47363 -0.465637 -1.79894
492.009 -nan 1.23932 3.26569 0 3.82707 -0.835846 -1.25921 2.28648 -0.520363 -1.79892
493.151 -nan -5.05508 2.52167 0 -3.51225 1.75184 -1.18757 1.93417 -0.573494 -1.79545
494.292 -nan 6.00971 -0.616089 0 -1.81496 -1.65686 -0.627327 1.4533 -0.623413 -1.79228
495.434 -nan 5.03072 -3.17344 0 3.52866 1.17406 0.150909 0.877373 -0.666733 -1.78079
496.575 -nan -6.66016 -2.69284 0 -5.02315 0.424538 0.833672 0.260849 -0.704834 -1.76846
497.717 -nan 3.13114 0.365723 0 -0.439667 -0.929306 1.23059 -0.354752 -0.73468 -1.75081
498.858 -nan 6.78448 3.06947 0 4.69535 1.77071 1.27146 -0.934013 -0.762497 -1.73415
