0 -nan 6.99998 3.4 0 5.09979 1.8 -1.3 -2.5 -0.800003 -1.8
1 -nan 0.862587 1.79359 0 -3.78922 -1.30891 -1.02526 -2.44207 -0.796982 -1.79893
2 -nan -4.67684 -1.51969 0 -0.818581 0.79245 -0.349495 -2.26598 -0.7836 -1.79113
3 -nan 6.1467 -3.38854 0 4.80237 0.876106 0.414619 -1.98452 -0.76886 -1.78557
4 -nan 4.81644 -2.00545 0 -4.87576 -1.3854 1.00861 -1.59827 -0.745003 -1.77429
5 -nan -6.81656 1.28938 0 2.17347 1.79989 1.28905 -1.12195 -0.715698 -1.76112
6 -nan 3.42392 3.35163 0 0.487709 -1.22684 1.19612 -0.574036 -0.676155 -1.73943
7 -nan 6.71423 2.23927 0 -3.19786 0.710815 0.759033 0.0173264 -0.637672 -1.72155
9 -nan -2.36204 -1.00301 0 4.86024 0.955147 0.0564728 0.626877 -0.59005 -1.69698
10 -nan -1.39096 -3.29692 0 -2.59726 -1.45734 -0.706833 1.2139 -0.538849 -1.67088
11 -nan 6.85464 -2.42789 0 -1.97987 1.79066 -1.22137 1.73152 -0.481133 -1.63768
12 -nan 2.75075 0.75869 0 4.97704 -1.14548 -1.23444 2.14315 -0.423645 -1.60641
13 -nan -6.40333 3.21829 0 -5.01331 0.622948 -0.734444 2.40828 -0.361015 -1.57019
14 -nan 5.27563 2.6293 0 2.55499 1.03233 0.0236053 2.50326 -0.295982 -1.53274
15 -nan 5.82505 -0.456703 0 0.568764 -1.51941 0.731316 2.40955 -0.227776 -1.48764
17 -nan -5.49915 -3.11361 0 -3.90399 1.7828 1.18553 2.14902 -0.161987 -1.44541
18 -nan 1.68882 -2.78578 0 4.29841 -1.05736 1.29083 1.73905 -0.0926361 -1.39777
19 -nan 6.97746 0.206429 0 -1.32059 0.533852 1.02916 1.22083 -0.0231323 -1.34943
20 -nan -0.0650101 2.99526 0 -2.83709 1.10312 0.443085 0.634094 0.0455551 -1.29468
21 -nan -3.71906 2.94338 0 4.85056 -1.57807 -0.317451 0.0275955 0.110802 -1.24209
22 -nan 6.42503 0.0980759 0 -5.26491 1.76852 -1.00163 -0.56752 0.177277 -1.18413
23 -nan 4.27258 -2.84771 0 2.45699 -0.96714 -1.30052 -1.11833 0.243462 -1.12564
25 -nan -6.99508 -3.06789 0 1.44771 0.440346 -1.04747 -1.59605 0.306435 -1.06133
26 -nan 4.06351 -0.350014 0 -4.75074 1.171 -0.388992 -1.9833 0.364807 -1.00006
27 -nan 6.51036 2.69386 0 3.59616 -1.63 0.377876 -2.26829 0.42157 -0.934296
28 -nan -3.38174 3.1835 0 -0.344215 1.7538 0.987343 -2.44573 0.477844 -0.867889
29 -nan -0.399185 0.655144 0 -2.92126 -0.8703 1.28117 -2.50151 0.528282 -0.795807
30 -nan 6.95267 -2.50272 0 4.59792 0.349205 1.20972 -2.44318 0.573639 -0.727829
31 -nan 1.97359 -3.26611 0 -5.31578 1.23669 0.7827 -2.26772 0.616104 -0.655708
33 -nan -5.75848 -0.899651 0 1.80458 -1.67813 0.0897827 -1.98321 0.656746 -0.583145
34 -nan 5.69018 2.31795 0 2.68385 1.72979 -0.675484 -1.59071 0.690559 -0.506027
35 -nan 5.42989 3.3345 0 -5.30428 -0.776527 -1.20783 -1.11323 0.719604 -0.432541
36 -nan -6.20724 1.18819 0 3.06585 0.253181 -1.24523 -0.563072 0.743416 -0.356316
37 -nan 2.48934 -2.0928 0 -0.192337 1.30051 -0.76976 0.0327454 0.766922 -0.279648
38 -nan 6.89724 -3.3772 0 -2.25154 -1.7164 -0.0140457 0.64579 0.781555 -0.198013
39 -nan -1.04505 -1.42426 0 4.52466 1.70589 0.701042 1.22839 0.792381 -0.122208
41 -nan -2.71014 1.88241 0 -5.00044 -0.678101 1.17117 1.74549 0.797897 -0.0437546
42 -nan 6.64947 3.3998 0 0.79451 0.157425 1.29636 2.15427 0.800987 0.0341949
43 -nan 3.65898 1.69536 0 3.75918 1.36031 1.04804 2.41387 0.795311 0.115829
44 -nan -6.90607 -1.62356 0 -5.49896 -1.7482 0.479584 2.50005 0.786705 0.193306
45 -nan 4.63068 -3.39503 0 3.01306 1.6764 -0.277962 2.40275 0.77166 0.270782
46 -nan 6.25376 -1.91002 0 -0.943634 -0.581818 -0.974792 2.13788 0.756355 0.347244
47 -nan -4.36172 1.39407 0 -1.99133 0.0557632 -1.29771 1.71981 0.729874 0.427864
49 -nan 0.548088 3.37059 0 4.65376 1.41415 -1.07254 1.19877 0.702034 0.503044
50 -nan 6.99626 2.1517 0 -4.28166 -1.77148 -0.422058 0.612457 0.669075 0.578743
51 -nan 1.12663 -1.11452 0 -0.392311 1.64692 0.34684 0.00657654 0.635101 0.652397
52 -nan -4.9419 -3.3224 0 4.28894 -0.47731 0.967522 -0.588669 0.5914 0.728516
53 -nan 6.04774 -2.34618 0 -5.5824 -0.0421371 1.27708 -1.13277 0.546387 0.799904
54 -nan 4.97044 0.869888 0 3.37695 1.46539 1.22067 -1.60529 0.496414 0.870018
55 -nan -6.71494 3.25519 0 -1.34906 -1.78983 0.813911 -1.98924 0.447121 0.938148
57 -nan 3.21664 2.55361 0 -2.65598 1.60865 0.127548 -2.27223 0.387978 1.00778
58 -nan 6.7659 -0.571465 0 4.6433 -0.377396 -0.638527 -2.44244 0.329163 1.07195
59 -nan -2.05818 -3.15625 0 -3.32449 -0.143311 -1.19172 -2.49797 0.266579 1.13502
60 -nan -1.68759 -2.71741 0 -1.4091 1.51354 -1.25877 -2.4409 0.206223 1.19524
61 -nan 6.81528 0.321106 0 4.17902 -1.79879 -0.796494 -2.26563 0.137756 1.25623
62 -nan 2.97256 3.04832 0 -5.58543 1.56834 -0.04879 -1.98021 0.0713882 1.31126
63 -nan -6.55037 2.88356 0 3.56477 -0.274323 0.675331 -1.59171 0.00229645 1.365
65 -nan 5.13353 -0.0172577 0 -0.720131 -0.242149 1.15791 -1.11858 -0.0637436 1.41615
66 -nan 5.93786 -2.90833 0 -3.80404 1.56027 1.29793 -0.568825 -0.13488 1.46671
67 -nan -5.2604 -3.01707 0 4.41714 -1.79996 1.06716 0.0248489 -0.202209 1.51118
68 -nan 1.43232 -0.237556 0 -2.45861 1.52315 0.508057 0.634598 -0.27002 1.5528
69 -nan 6.98833 2.76365 0 -1.57916 -0.176262 -0.243172 1.21716 -0.332893 1.59158
70 -nan 0.218719 3.1412 0 3.57613 -0.346024 -0.952835 1.7397 -0.39962 1.63033
71 -nan -4.00874 0.540039 0 -5.60879 1.59974 -1.29465 2.14801 -0.458855 1.66153
73 -nan 6.34274 -2.57767 0 3.2857 -1.79201 -1.09028 2.41009 -0.516281 1.69036
74 -nan 4.44495 -3.23276 0 0.56559 1.47841 -0.455238 2.50034 -0.568008 1.71635
75 -nan -6.97266 -0.788338 0 -4.84163 -0.0727768 0.31778 2.4093 -0.619225 1.74107
76 -nan 3.87592 2.40321 0 4.1356 -0.445892 0.945587 2.14365 -0.662216 1.75951
77 -nan 6.58061 3.30972 0 -2.26658 1.63665 1.27005 1.72888 -0.699951 1.77344
78 -nan -3.08479 1.07919 0 -0.661606 -1.77879 1.23168 1.21194 -0.731163 1.78509
79 -nan -0.689362 -2.18163 0 3.29578 1.42798 0.835472 0.624901 -0.761185 1.79633
81 -nan 6.9295 -3.3633 0 -5.65224 0.0269318 0.159393 0.0172272 -0.780174 1.80005
82 -nan 2.21735 -1.31938 0 2.60362 -0.547279 -0.610748 -0.576553 -0.792305 1.79965
83 -nan -5.96316 1.97862 0 1.91933 1.66836 -1.17662 -1.1203 -0.797714 1.79624
84 -nan 5.56963 3.39337 0 -5.40939 -1.75828 -1.26693 -1.5987 -0.799133 1.79171
85 -nan 5.55997 1.5927 0 4.05242 1.37379 -0.826897 -1.98511 -0.791794 1.78201
86 -nan -6.01974 -1.72278 0 -3.05402 0.128082 -0.0838242 -2.26938 -0.775551 1.76674
87 -nan 2.25493 -3.39811 0 -0.0488892 -0.643517 0.642769 -2.44077 -0.754074 1.749
89 -nan 6.92823 -1.81474 0 3.67261 1.70062 1.144 -2.50216 -0.72805 1.73014
90 -nan -0.749619 1.49965 0 -5.49326 -1.72889 1.29922 -2.44341 -0.693962 1.70551
91 -nan -3.0119 3.384 0 1.65918 1.3136 1.08316 -2.26838 -0.653107 1.67676
92 -nan 6.58297 2.05946 0 2.75269 0.223 0.538559 -1.9836 -0.608826 1.64529
93 -nan 3.85271 -1.2215 0 -5.42245 -0.744423 -0.212837 -1.59689 -0.560204 1.61255
94 -nan -6.96018 -3.34532 0 4.23731 1.72581 -0.926559 -1.11899 -0.506126 1.57492
95 -nan 4.46264 -2.26262 0 -3.63301 -1.69144 -1.29091 -0.567245 -0.446198 1.53285
97 -nan 6.33774 0.981567 0 -0.573715 1.25267 -1.11192 0.0259247 -0.386276 1.48892
98 -nan -4.0818 3.28513 0 4.16886 0.320663 -0.49041 0.637436 -0.322273 1.44337
99 -nan 0.271179 2.47549 0 -5.07528 -0.841286 0.28167 1.2237 -0.255966 1.39382
100 -nan 6.98959 -0.683243 0 0.788429 1.74886 0.924103 1.74455 -0.186096 1.34026
101 -nan 1.38947 -3.19767 0 2.63582 -1.647 1.26241 2.14891 -0.119995 1.2854
102 -nan -5.19407 -2.64711 0 -4.90327 1.18965 1.24369 2.4119 -0.0512161 1.22935
103 -nan 5.94344 0.436256 0 4.41206 0.415871 0.862289 2.49828 0.0180817 1.16848
105 -nan 5.12215 3.09797 0 -3.20733 -0.937439 0.195831 2.40231 0.0883865 1.10489
106 -nan -6.58945 2.82123 0 -1.82309 1.76468 -0.571701 2.13195 0.152489 1.04116
107 -nan 3.00378 -0.131615 0 4.45148 -1.59928 -1.15987 1.71832 0.217781 0.976151
108 -nan 6.81329 -2.96729 0 -4.60905 1.12148 -1.2766 1.19538 0.280678 0.908089
109 -nan -1.75588 -2.96387 0 0.708847 0.510139 -0.855911 0.605675 0.345032 0.83609
110 -nan -1.99017 -0.120583 0 1.59337 -1.02597 -0.119774 -0.00114441 0.400124 0.764923
111 -nan 6.76932 2.82941 0 -4.66156 1.78066 0.618301 -0.592323 0.456261 0.693863
113 -nan 3.18849 3.09328 0 4.39266 -1.54194 1.12933 -1.13632 0.508049 0.619217
114 -nan -6.68182 0.427574 0 -2.06969 1.04896 1.3017 -1.61085 0.55883 0.542099
115 -nan 4.9838 -2.65225 0 -3.13387 0.598427 1.10111 -1.99031 0.600441 0.466286
116 -nan 6.04153 -3.19589 0 4.49608 -1.11506 0.572037 -2.27155 0.641266 0.390503
117 -nan -5.01122 -0.673203 0 -4.58791 1.79028 -0.171623 -2.44138 0.676094 0.31356
118 -nan 1.17371 2.48262 0 1.71928 -1.4796 -0.898521 -2.49963 0.71035 0.232513
119 -nan 6.99469 3.28019 0 0.992592 0.973198 -1.28368 -2.43683 0.733826 0.153854
121 -nan 0.495407 0.970436 0 -5.00866 0.685349 -1.13394 -2.26661 0.757851 0.076889
122 -nan -4.28938 -2.26961 0 4.13854 -1.19955 -0.52314 -1.98371 0.774879 -0.00151825
123 -nan 6.25875 -3.34443 0 -0.712135 1.79838 0.25235 -1.59879 0.789413 -0.0821304
124 -nan 4.61406 -1.21133 0 -3.9124 -1.40852 0.900307 -1.12305 0.794159 -0.160431
125 -nan -6.92358 2.07025 0 4.37591 0.897873 1.25666 -0.57946 0.798782 -0.237534
126 -nan 3.68242 3.38243 0 -5.1917 0.770515 1.25059 0.0122452 0.796425 -0.314171
127 -nan 6.64689 1.49155 0 2.4483 -1.28309 0.884987 0.622574 0.791222 -0.39312
128 -nan -2.78101 -1.82055 0 1.51349 1.79816 0.227562 1.20755 0.775566 -0.468819
130 -nan -0.981934 -3.39956 0 -5.45004 -1.33732 -0.542297 1.72803 0.760681 -0.543037
131 -nan 6.89825 -1.71439 0 3.66814 0.817749 -1.14289 2.13992 0.738998 -0.616234
132 -nan 2.45458 1.60284 0 0.185974 0.854965 -1.28382 2.40865 0.714333 -0.690903
133 -nan -6.15662 3.39161 0 -3.66338 -1.358 -0.878319 2.49798 0.679703 -0.761765
134 -nan 5.44036 1.96886 0 4.15524 1.7988 -0.151199 2.40967 0.646599 -0.830681
135 -nan 5.68262 -1.32808 0 -5.51405 -1.25874 0.591209 2.14614 0.607079 -0.898483
136 -nan -5.81814 -3.36549 0 2.15179 0.735123 1.11595 1.7365 0.564667 -0.966316
138 -nan 2.01135 -2.17411 0 2.43069 0.93428 1.29923 1.21306 0.513748 -1.03038
139 -nan 6.95226 1.09077 0 -5.69717 -1.42998 1.11691 0.628677 0.46386 -1.09254
140 -nan -0.457085 3.31268 0 3.20953 1.79367 0.59758 0.0210266 0.409615 -1.15222
141 -nan -3.30905 2.39638 0 -0.0788498 -1.1787 -0.143524 -0.572609 0.353264 -1.21286
142 -nan 6.51395 -0.79641 0 -2.46803 0.64682 -0.874344 -1.11923 0.289314 -1.26758
143 -nan 4.04115 -3.23599 0 4.07352 1.00884 -1.2796 -1.59261 0.228279 -1.32009
144 -nan -6.99062 -2.57227 0 -5.25102 -1.49584 -1.1489 -1.97887 0.162903 -1.3715
146 -nan 4.29217 0.550941 0 1.14176 1.78757 -0.554665 -2.26587 0.0970612 -1.42227
147 -nan 6.42172 3.14331 0 3.16061 -1.08829 0.21962 -2.43898 0.0275192 -1.46734
148 -nan -3.79346 2.75596 0 -5.7798 0.560661 0.87738 -2.49914 -0.0393143 -1.50964
149 -nan -0.00946045 -0.247131 0 3.29292 1.082 1.2472 -2.44269 -0.107414 -1.5488
150 -nan 6.97762 -3.02341 0 -1.45129 -1.55848 1.26087 -2.27647 -0.17614 -1.58941
151 -nan 1.64799 -2.90334 0 -1.95041 1.772 0.904068 -1.99282 -0.245605 -1.62303
152 -nan -5.43427 -0.00489044 0 4.23637 -0.999634 0.258682 -1.61167 -0.309616 -1.65361
154 -nan 5.83239 2.88941 0 -4.5692 0.469315 -0.51297 -1.13869 -0.373741 -1.6818
155 -nan 5.26299 3.04493 0 -0.04953 1.15351 -1.1279 -0.595436 -0.436043 -1.70978
156 -nan -6.44714 0.312714 0 3.43611 -1.61277 -1.28748 0.000358582 -0.495613 -1.73163
157 -nan 2.78281 -2.72393 0 -5.83638 1.75587 -0.906952 0.608147 -0.5485 -1.74998
158 -nan 6.85288 -3.15222 0 3.98865 -0.905258 -0.185722 1.19547 -0.597939 -1.76488
159 -nan -1.45679 -0.560722 0 -2.13695 0.378128 0.561966 1.71957 -0.645302 -1.7808
160 -nan -2.29358 2.55857 0 -2.51916 1.22209 1.10002 2.13549 -0.686661 -1.79013
162 -nan 6.71608 3.25012 0 4.45082 -1.66029 1.30081 2.40187 -0.719933 -1.79599
163 -nan 3.39845 0.860291 0 -3.66148 1.73468 1.13274 2.49491 -0.747589 -1.79807
164 -nan -6.78851 -2.35494 0 -0.68856 -0.811829 0.62999 2.4082 -0.771935 -1.80053
165 -nan 4.82976 -3.32116 0 3.05561 0.279945 -0.107368 2.14214 -0.788391 -1.7969
166 -nan 6.14097 -1.10302 0 -5.72346 1.28421 -0.8423 1.73009 -0.796509 -1.78996
167 -nan -4.74815 2.15942 0 4.39105 -1.70126 -1.27147 1.20759 -0.797768 -1.77944
168 -nan 0.911301 3.37015 0 -1.55333 1.71349 -1.17062 0.621964 -0.794731 -1.76849
170 -nan 7.00087 1.38764 0 -3.44165 -0.711617 -0.586227 0.00881195 -0.782387 -1.75169
171 -nan 0.771164 -1.91913 0 4.56898 0.185532 0.186829 -0.583168 -0.763466 -1.73222
172 -nan -4.5647 -3.3944 0 -3.05558 1.34332 0.856224 -1.12804 -0.736893 -1.70845
173 -nan 6.16766 -1.61308 0 0.0108185 -1.73658 1.24136 -1.59989 -0.70829 -1.68558
174 -nan 4.78 1.70148 0 2.21954 1.68475 1.26682 -1.9867 -0.669312 -1.65592
175 -nan -6.85331 3.3985 0 -5.46004 -0.612823 0.928337 -2.26611 -0.626549 -1.62398
176 -nan 3.48143 1.874 0 4.30396 0.0876617 0.293365 -2.43789 -0.578506 -1.58913
178 -nan 6.70343 -1.43592 0 -0.498283 1.39938 -0.474724 -2.49725 -0.528549 -1.55359
179 -nan -2.47903 -3.37945 0 -4.20731 -1.76488 -1.10698 -2.44147 -0.470024 -1.51201
180 -nan -1.27917 -2.08345 0 4.5898 1.65306 -1.29368 -2.27174 -0.410004 -1.46854
181 -nan 6.86235 1.1984 0 -3.46581 -0.511345 -0.932938 -1.99269 -0.345955 -1.42145
182 -nan 2.68148 3.3373 0 1.5434 -0.00796509 -0.221336 -1.61713 -0.284279 -1.37589
183 -nan -6.33344 2.31276 0 1.90403 1.45445 0.536789 -1.14655 -0.213867 -1.32307
184 -nan 5.30509 -0.908569 0 -5.42477 -1.78274 1.08279 -0.606102 -0.145454 -1.26855
186 -nan 5.8009 -3.26882 0 3.86549 1.61639 1.29859 -0.0168762 -0.075798 -1.21205
187 -nan -5.59825 -2.49466 0 0.365089 -0.412422 1.14764 0.586578 -0.00994873 -1.1566
188 -nan 1.7666 0.663635 0 -4.53895 -0.111366 0.653786 1.17634 0.0608521 -1.09541
189 -nan 6.97169 3.18534 0 4.55418 1.50254 -0.0745392 1.70019 0.127838 -1.03227
190 -nan -0.165085 2.68729 0 -4.55961 -1.79488 -0.817871 2.11974 0.194656 -0.966782
191 -nan -3.59993 -0.363113 0 2.0019 1.57912 -1.2638 2.39377 0.255775 -0.903343
192 -nan 6.44152 -3.07321 0 2.26736 -0.308662 -1.18322 2.49931 0.320946 -0.833931
194 -nan 4.22544 -2.84114 0 -5.44286 -0.211952 -0.613266 2.41724 0.37973 -0.763466
195 -nan -6.99925 0.107834 0 3.30294 1.54848 0.159309 2.16074 0.437141 -0.691116
196 -nan 4.1117 2.9495 0 0.552956 -1.79916 0.833168 1.75701 0.487602 -0.621498
197 -nan 6.49908 2.99247 0 -4.04019 1.5377 1.23417 1.23955 0.540504 -0.546715
198 -nan -3.49979 0.196877 0 4.36861 -0.206192 1.27132 0.652832 0.584915 -0.470993
199 -nan -0.297226 -2.79044 0 -4.86543 -0.313217 0.946342 0.0419769 0.627464 -0.394112
200 -nan 6.95652 -3.10847 0 1.36802 1.58929 0.321999 -0.550591 0.663284 -0.319962
202 -nan 1.89816 -0.447983 0 2.85738 -1.79893 -0.450516 -1.10129 0.699348 -0.242065
203 -nan -5.66318 2.63439 0 -5.33714 1.49054 -1.09023 -1.57786 0.726189 -0.164284
204 -nan 5.71676 3.21505 0 3.16489 -0.104202 -1.2962 -1.96719 0.75013 -0.0842361
205 -nan 5.3979 0.746483 0 -0.328682 -0.411179 -0.955223 -2.25198 0.767136 -0.00820923
206 -nan -6.28769 -2.43734 0 -2.83611 1.63013 -0.249855 -2.43465 0.785789 0.0717697
207 -nan 2.55666 -3.29311 0 4.27102 -1.78556 0.508163 -2.49737 0.793213 0.151001
208 -nan 6.89127 -0.993713 0 -4.40431 1.43983 1.06754 -2.44711 0.797775 0.230339
210 -nan -1.15556 2.24768 0 0.373413 -0.00531006 1.2966 -2.28282 0.795944 0.306534
211 -nan -2.59331 3.35371 0 3.34653 -0.512718 1.16167 -2.01251 0.793755 0.385597
212 -nan 6.65952 1.28018 0 -5.24704 1.66284 0.677879 -1.6369 0.782356 0.462654
213 -nan 3.60402 -2.01277 0 3.92625 -1.76676 -0.0469589 -1.17106 0.766769 0.540115
214 -nan -6.87188 -3.38503 0 -1.54842 1.38574 -0.791573 -0.634705 0.745186 0.612411
215 -nan 4.67309 -1.51221 0 -2.34535 0.0946045 -1.25858 -0.0473785 0.724106 0.688309
216 -nan 6.23501 1.80152 0 4.46141 -0.612701 -1.19621 0.560791 0.69323 0.761604
218 -nan -4.47762 3.40032 0 -3.65019 1.69337 -0.642685 1.15053 0.659363 0.833588
219 -nan 0.640411 1.77477 0 -0.378937 -1.7382 0.125275 1.67677 0.620232 0.901207
220 -nan 6.99885 -1.53821 0 3.41944 1.33128 0.812355 2.10426 0.58062 0.971436
221 -nan 1.04183 -3.38948 0 -5.31795 0.194931 1.22414 2.38532 0.532936 1.03848
222 -nan -4.83256 -1.99183 0 4.68717 -0.711403 1.27911 2.49488 0.482887 1.10361
223 -nan 6.06647 1.30554 0 -1.75466 1.71746 0.96759 2.41724 0.428612 1.16333
224 -nan 4.93475 3.35788 0 -2.73283 -1.70762 0.355095 2.16842 0.373741 1.22523
226 -nan -6.76083 2.22692 0 4.74636 1.26908 -0.414253 1.76292 0.312393 1.2836
227 -nan 3.27525 -1.01933 0 -3.06658 0.292877 -1.06824 1.24487 0.250008 1.33979
228 -nan 6.75504 -3.2979 0 -0.254509 -0.80658 -1.29785 0.657524 0.186081 1.38882
229 -nan -2.17778 -2.4157 0 2.69889 1.7434 -0.984863 0.0472107 0.122147 1.44013
230 -nan -1.57858 0.775604 0 -5.10067 -1.66572 -0.283485 -0.552673 0.0524597 1.48766
231 -nan 6.82362 3.2246 0 4.81726 1.20613 0.480721 -1.1033 -0.0157013 1.53219
232 -nan 2.90865 2.61433 0 -1.20914 0.386963 1.05032 -1.57971 -0.0836105 1.5707
234 -nan -6.48875 -0.47657 0 -3.41183 -0.901283 1.29703 -1.96854 -0.150764 1.60977
235 -nan 5.16564 -3.12051 0 4.95804 1.76215 1.17298 -2.25575 -0.220299 1.64487
236 -nan 5.91553 -2.77777 0 -3.16697 -1.61924 0.704391 -2.43417 -0.288124 1.67766
237 -nan -5.36248 0.22448 0 1.19862 1.1375 -0.0101242 -2.49434 -0.35128 1.70218
238 -nan 1.518 3.00671 0 1.69187 0.478249 -0.760193 -2.44675 -0.412766 1.72822
239 -nan 6.98673 2.93513 0 -4.87466 -0.995285 -1.24634 -2.28266 -0.474556 1.74938
240 -nan 0.120476 0.0821686 0 4.59998 1.77823 -1.21288 -2.01231 -0.531403 1.76765
242 -nan -3.89179 -2.85488 0 -0.527199 -1.5625 -0.673737 -1.6394 -0.581848 1.77929
243 -nan 6.36233 -3.06029 0 -3.93547 1.07104 0.0923615 -1.18263 -0.628403 1.79066
244 -nan 4.40174 -0.332092 0 5.01751 0.571327 0.789276 -0.648048 -0.671318 1.79682
245 -nan -6.986 2.70576 0 -4.06796 -1.08454 1.21474 -0.0646362 -0.709137 1.80062
246 -nan 3.92322 3.17384 0 2.48417 1.78663 1.28072 0.539551 -0.738022 1.79719
247 -nan 6.56763 0.633949 0 1.46474 -1.50421 0.987999 1.12494 -0.763458 1.79494
248 -nan -3.20308 -2.51475 0 -4.91621 0.995323 0.381851 1.65732 -0.782433 1.78699
250 -nan -0.584259 -3.26315 0 4.24055 0.660934 -0.384781 2.08756 -0.794373 1.77578
251 -nan 6.93149 -0.883469 0 -0.151466 -1.17079 -1.04788 2.3753 -0.796806 1.75805
252 -nan 2.14148 2.33411 0 -3.80011 1.79546 -1.30058 2.49506 -0.795685 1.74123
253 -nan -5.87752 3.33144 0 4.62273 -1.4369 -1.00216 2.43151 -0.786827 1.71897
254 -nan 5.59663 1.17257 0 -4.65688 0.919098 -0.311607 2.18958 -0.770706 1.69318
255 -nan 5.53117 -2.10325 0 2.51025 0.748009 0.455261 1.79133 -0.745651 1.66161
256 -nan -6.10475 -3.37473 0 1.89984 -1.2515 1.03383 1.28236 -0.718452 1.63096
257 -nan 2.32458 -1.40781 0 -4.96976 1.79988 1.29375 0.697197 -0.683365 1.59503
259 -nan 6.92311 1.89851 0 4.11469 -1.36519 1.18478 0.0853043 -0.642998 1.55626
260 -nan -0.853874 3.39658 0 -0.591476 0.836792 0.724312 -0.516739 -0.593681 1.51075
261 -nan -2.89175 1.67646 0 -2.46765 0.829453 0.0196228 -1.067 -0.546288 1.4683
262 -nan 6.5978 -1.63976 0 4.0551 -1.33234 -0.73951 -1.553 -0.491356 1.42068
263 -nan 3.80109 -3.39771 0 -4.55965 1.80044 -1.2382 -1.94686 -0.43277 1.36972
264 -nan -6.93802 -1.89729 0 1.90886 -1.28625 -1.22112 -2.23982 -0.368248 1.31358
265 -nan 4.50604 1.41288 0 2.53815 0.758034 -0.700027 -2.42317 -0.305984 1.25919
267 -nan 6.32407 3.37452 0 -4.95373 0.911789 0.0657425 -2.49644 -0.239105 1.20103
268 -nan -4.19993 2.1378 0 4.66524 -1.40511 0.767227 -2.45406 -0.172005 1.14096
269 -nan 0.363815 -1.12756 0 -1.84819 1.79502 1.20454 -2.29585 -0.10006 1.07437
270 -nan 6.98936 -3.32458 0 -1.14707 -1.20633 1.28629 -2.03245 -0.0343704 1.01115
271 -nan 1.30629 -2.33395 0 4.11775 0.673264 1.00499 -1.66807 0.03582 0.943848
272 -nan -5.08878 0.888565 0 -4.20269 0.989258 0.408501 -1.21313 0.103073 0.875206
273 -nan 5.96483 3.25863 0 1.26179 -1.47394 -0.359177 -0.681648 0.171623 0.8022
275 -nan 5.08318 2.53831 0 2.88194 1.78632 -1.02866 -0.103294 0.233536 0.731743
276 -nan -6.64826 -0.590004 0 -4.83145 -1.12137 -1.30253 0.501251 0.298004 0.658401
277 -nan 3.0653 -3.1657 0 5.31226 0.586861 -1.02329 1.09122 0.357994 0.58432
278 -nan 6.80546 -2.70844 0 -2.615 1.06475 -0.340408 1.62829 0.417412 0.506294
279 -nan -1.87305 0.340775 0 -1.09647 -1.53349 0.42485 2.06187 0.46875 0.431549
280 -nan -1.8763 3.05724 0 4.58924 1.77634 1.01871 2.36249 0.522049 0.353813
281 -nan 6.77792 2.87502 0 -3.87916 -1.03204 1.2917 2.49155 0.569397 0.276161
283 -nan 3.12987 -0.0325165 0 1.16084 0.494896 1.196 2.43608 0.614349 0.195396
284 -nan -6.62318 -2.91566 0 2.18895 1.13299 0.751457 2.19939 0.649353 0.118912
285 -nan 5.02039 -3.00844 0 -4.21021 -1.59277 0.052269 1.81047 0.686745 0.0394592
286 -nan 6.02005 -0.218208 0 5.40861 1.76054 -0.706718 1.29912 0.71698 -0.040184
287 -nan -5.11676 2.7728 0 -2.53287 -0.937943 -1.22504 0.712242 0.743896 -0.120667
288 -nan 1.25851 3.13074 0 -1.73809 0.404221 -1.2348 0.0991135 0.761566 -0.196587
289 -nan 6.99617 0.522079 0 5.05083 1.20302 -0.733055 -0.50428 0.779678 -0.274681
291 -nan 0.400978 -2.59189 0 -3.88486 -1.64357 0.0307999 -1.06216 0.790909 -0.351677
292 -nan -4.17786 -3.22995 0 2.34621 1.74242 0.745308 -1.55145 0.798729 -0.430626
293 -nan 6.27376 -0.769173 0 0.587296 -0.842773 1.19161 -1.94399 0.796272 -0.503265
294 -nan 4.57315 2.41633 0 -3.68543 0.312042 1.29168 -2.24036 0.795555 -0.578033
295 -nan -6.9478 3.30608 0 5.38523 1.26801 1.02166 -2.42479 0.786469 -0.652039
296 -nan 3.73328 1.0658 0 -2.0964 -1.68929 0.436447 -2.49718 0.774055 -0.726143
297 -nan 6.6322 -2.19386 0 -2.3807 1.71704 -0.322227 -2.45094 0.75341 -0.794319
299 -nan -2.90266 -3.36001 0 5.13982 -0.748032 -1.00475 -2.29743 0.732574 -0.863258
300 -nan -0.875275 -1.30165 0 -4.33023 0.215973 -1.30112 -2.03345 0.704315 -0.930832
301 -nan 6.90582 1.99245 0 3.95479 1.33096 -1.0473 -1.66996 0.672852 -0.999001
302 -nan 2.38275 3.39006 0 -0.177261 -1.72346 -0.375282 -1.2165 0.6343 -1.06006
303 -nan -6.07611 1.57533 0 -3.82538 1.69289 0.395409 -0.694183 0.596695 -1.12107
304 -nan 5.46997 -1.74046 0 5.33407 -0.648102 0.999557 -0.116585 0.550911 -1.18046
305 -nan 5.65789 -3.40137 0 -1.73744 0.118217 1.28797 0.485336 0.502037 -1.23987
307 -nan -5.90526 -1.79871 0 -2.2877 1.38553 1.20351 1.0725 0.447777 -1.29241
308 -nan 2.08823 1.51772 0 4.22107 -1.75444 0.775833 1.60748 0.395554 -1.34489
309 -nan 6.94809 3.38579 0 -4.60789 1.661 0.081871 2.04842 0.335762 -1.39503
310 -nan -0.561157 2.04771 0 4.35544 -0.547096 -0.681114 2.35459 0.27388 -1.44384
311 -nan -3.19022 -1.23581 0 0.0824356 0.0192566 -1.21111 2.48968 0.208733 -1.48668
312 -nan 6.52905 -3.34813 0 -4.16548 1.43954 -1.24551 2.44678 0.145935 -1.52903
313 -nan 3.99194 -2.24717 0 5.38139 -1.77658 -0.75631 2.22205 0.0786285 -1.56819
315 -nan -6.98188 0.999184 0 -2.00373 1.62813 0.00434875 1.8406 0.0099411 -1.60663
316 -nan 4.33243 3.28769 0 -0.637421 -0.443306 0.72113 1.33305 -0.0597153 -1.6372
317 -nan 6.40499 2.46128 0 2.87833 -0.0768967 1.18185 0.755188 -0.125145 -1.66787
318 -nan -3.9123 -0.702766 0 -4.60646 1.49035 1.29366 0.139732 -0.194763 -1.6956
319 -nan 0.086731 -3.20547 0 4.04978 -1.79265 1.0386 -0.465744 -0.262566 -1.72064
320 -nan 6.97652 -2.63614 0 0.745171 1.58616 0.461151 -1.02847 -0.329353 -1.73992
321 -nan 1.56467 0.454887 0 -4.30482 -0.343712 -0.294258 -1.51859 -0.391296 -1.75864
323 -nan -5.33392 3.10609 0 5.68694 -0.178749 -0.986748 -1.92207 -0.452766 -1.77384
324 -nan 5.85871 2.81295 0 -3.1069 1.53854 -1.30192 -2.22469 -0.511162 -1.78682
325 -nan 5.23046 -0.147072 0 1.26411 -1.79797 -1.06103 -2.41443 -0.564438 -1.79212
326 -nan -6.51312 -2.97492 0 2.67276 1.54716 -0.403717 -2.49348 -0.612244 -1.79786
327 -nan 2.84691 -2.95339 0 -4.58546 -0.241005 0.370506 -2.45902 -0.657967 -1.80071
328 -nan 6.84924 -0.102379 0 3.60612 -0.278641 0.98378 -2.31227 -0.697548 -1.80041
329 -nan -1.56639 2.83698 0 1.12713 1.58029 1.28227 -2.05275 -0.729668 -1.79308
331 -nan -2.17531 3.08475 0 -3.83116 -1.79815 1.21549 -1.69792 -0.755409 -1.78535
332 -nan 6.7269 0.407791 0 5.61049 1.50217 0.796059 -1.25108 -0.77774 -1.7752
333 -nan 3.34087 -2.66607 0 -3.91821 -0.139648 0.1092 -0.730949 -0.792519 -1.76173
334 -nan -6.74291 -3.18951 0 1.57106 -0.381027 -0.65712 -0.154434 -0.797966 -1.74168
335 -nan 4.86829 -0.655983 0 3.24832 1.61766 -1.20023 0.442177 -0.797508 -1.72103
336 -nan 6.1211 2.49504 0 -4.55566 -1.79101 -1.25438 1.03378 -0.791985 -1.69804
337 -nan -4.8623 3.27882 0 3.56353 1.45518 -0.782875 1.57458 -0.779793 -1.67274
339 -nan 0.994759 0.955559 0 0.244972 -0.035408 -0.0239029 2.02348 -0.756714 -1.63988
340 -nan 6.99816 -2.28225 0 -2.36008 -0.477165 0.695107 2.33479 -0.729332 -1.60691
341 -nan 0.678978 -3.33985 0 5.17408 1.6546 1.17201 2.48613 -0.697296 -1.57196
342 -nan -4.4522 -1.19403 0 -4.03356 -1.7756 1.298 2.45281 -0.659096 -1.53391
343 -nan 6.18418 2.08363 0 0.981491 1.39966 1.05396 2.23615 -0.612915 -1.49049
344 -nan 4.73646 3.3794 0 3.86511 0.0625687 0.49173 1.86021 -0.564156 -1.4462
345 -nan -6.88691 1.47365 0 -4.52422 -0.579109 -0.261536 1.35935 -0.510841 -1.39957
347 -nan 3.53767 -1.83871 0 4.54628 1.68622 -0.960594 0.778168 -0.454605 -1.35117
348 -nan 6.69415 -3.39977 0 -1.68997 -1.75113 -1.29755 0.157661 -0.390991 -1.29672
349 -nan -2.59867 -1.69819 0 -1.37704 1.34386 -1.08556 -0.448578 -0.329086 -1.24274
350 -nan -1.17036 1.61861 0 5.1927 0.16288 -0.439667 -1.01646 -0.26342 -1.18668
351 -nan 6.87066 3.39493 0 -3.86584 -0.677612 0.337486 -1.51312 -0.195999 -1.12768
352 -nan 2.6181 1.95609 0 0.369987 1.71507 0.965118 -1.92194 -0.125 -1.0646
353 -nan -6.25628 -1.344 0 3.75285 -1.71859 1.27574 -2.22215 -0.0580673 -1.00181
355 -nan 5.33711 -3.36665 0 -4.28869 1.28602 1.22491 -2.4172 0.0107193 -0.937622
356 -nan 5.77605 -2.1597 0 5.63503 0.261543 0.818176 -2.49595 0.0789032 -0.870605
357 -nan -5.69396 1.10676 0 -2.59975 -0.77697 0.138756 -2.4603 0.148628 -0.800034
358 -nan 1.84393 3.31562 0 -1.57301 1.73618 -0.622101 -2.30945 0.211311 -0.730797
359 -nan 6.96915 2.38136 0 5.44175 -1.68246 -1.18454 -2.05443 0.275284 -0.659821
360 -nan -0.269371 -0.815865 0 -3.71945 1.22324 -1.26482 -1.69752 0.336617 -0.586594
361 -nan -3.48725 -3.24291 0 0.656731 0.360397 -0.812073 -1.2504 0.398651 -0.509979
363 -nan 6.45435 -2.56036 0 1.97433 -0.869621 -0.0612717 -0.731911 0.451035 -0.435585
364 -nan 4.17744 0.570007 0 -3.67714 1.75836 0.669731 -0.16256 0.503761 -0.361214
365 -nan -6.99892 3.15106 0 5.73847 -1.63695 1.1577 0.434731 0.552345 -0.283287
366 -nan 4.15716 2.74689 0 -2.48091 1.15686 1.29904 1.02512 0.599365 -0.203644
367 -nan 6.48172 -0.263565 0 -2.10776 0.452782 1.06868 1.56307 0.637627 -0.125893
368 -nan -3.62126 -3.03026 0 5.63338 -0.962395 0.519333 2.01321 0.675056 -0.0486832
369 -nan -0.194214 -2.89305 0 -3.92162 1.77347 -0.229507 2.33108 0.70623 0.0294342
371 -nan 6.9621 0.0121155 0 2.62352 -1.58553 -0.940002 2.48816 0.736015 0.110451
372 -nan 1.81925 2.89787 0 -0.00527954 1.0859 -1.29147 2.45771 0.755074 0.188568
373 -nan -5.5663 3.03542 0 -3.44705 0.543793 -1.10404 2.25356 0.77491 0.265312
374 -nan 5.74318 0.292542 0 5.59832 -1.05248 -0.466888 1.88416 0.787712 0.343864
375 -nan 5.37046 -2.73518 0 -2.03755 1.78739 0.312195 1.38837 0.797523 0.423103
376 -nan -6.3567 -3.14638 0 -2.23359 -1.52418 0.943985 0.808174 0.797699 0.499359
377 -nan 2.62456 -0.542801 0 5.31823 1.01685 1.27168 0.195229 0.798027 0.573746
378 -nan 6.88461 2.57221 0 -4.34598 0.634338 1.23331 -0.415634 0.790855 0.648849
380 -nan -1.26595 3.2457 0 4.33621 -1.14072 0.84008 -0.986435 0.780151 0.723862
381 -nan -2.47789 0.843498 0 -0.348511 1.79248 0.168495 -1.48634 0.760284 0.795776
382 -nan 6.67042 -2.36671 0 -3.62341 -1.46233 -0.595818 -1.89784 0.741592 0.865555
383 -nan 3.5469 -3.31615 0 5.49316 0.940292 -1.1718 -2.20808 0.715622 0.935143
384 -nan -6.8404 -1.08679 0 -1.95111 0.723228 -1.27286 -2.40951 0.686432 1.0038
385 -nan 4.70774 2.17167 0 -1.12715 -1.22389 -0.83223 -2.49155 0.647614 1.0684
386 -nan 6.21555 3.36697 0 3.71862 1.79904 -0.0907135 -2.46426 0.611816 1.13064
388 -nan -4.5928 1.36929 0 -4.41413 -1.39204 0.647003 -2.32255 0.568222 1.19351
389 -nan 0.730354 -1.93494 0 4.48887 0.86322 1.14692 -2.07322 0.522064 1.25294
390 -nan 6.99747 -3.39332 0 0.179222 0.807983 1.29879 -1.71897 0.468193 1.30872
391 -nan 0.95105 -1.59803 0 -3.78049 -1.30196 1.08605 -1.28066 0.416275 1.36175
392 -nan -4.72146 1.71877 0 5.62822 1.80006 0.543922 -0.764961 0.358284 1.41412
393 -nan 6.09106 3.40147 0 -2.95535 -1.31877 -0.202682 -0.196548 0.299095 1.464
394 -nan 4.89731 1.8597 0 1.17931 0.778923 -0.918152 0.401474 0.233192 1.50816
396 -nan -6.80447 -1.45092 0 2.56846 0.88707 -1.28936 0.987701 0.171707 1.54926
397 -nan 3.33355 -3.38122 0 -4.41086 -1.37876 -1.12004 1.53367 0.104134 1.59073
398 -nan 6.74895 -2.06973 0 4.06956 1.79858 -0.49617 1.98998 0.0373993 1.62764
399 -nan -2.29287 1.21538 0 0.62838 -1.2353 0.283806 2.31606 -0.0329361 1.65955
400 -nan -1.46452 3.3397 0 -3.47352 0.698784 0.923546 2.47951 -0.0982895 1.68758
401 -nan 6.83092 2.29819 0 5.87526 0.967911 1.26652 2.46468 -0.168373 1.71565
402 -nan 2.84378 -0.927322 0 -4.1935 -1.44865 1.24352 2.26788 -0.235817 1.73943
404 -nan -6.42225 -3.27409 0 2.23236 1.78934 0.859619 1.90372 -0.303619 1.75761
405 -nan 5.19865 -2.48151 0 2.62561 -1.15316 0.201767 1.41409 -0.364723 1.77162
406 -nan 5.88925 0.681656 0 -4.46471 0.611145 -0.564934 0.835571 -0.428787 1.78514
407 -nan -5.4665 3.19294 0 3.77605 1.04323 -1.15395 0.217735 -0.48835 1.79467
408 -nan 1.5929 2.67741 0 -0.0454788 -1.51421 -1.27826 -0.400055 -0.54541 1.79892
409 -nan 6.98262 -0.380486 0 -2.09298 1.77774 -0.865952 -0.97068 -0.592575 1.79852
410 -nan 0.019722 -3.08073 0 5.24061 -1.06476 -0.127678 -1.47909 -0.641472 1.79819
412 -nan -3.77515 -2.83134 0 -4.52715 0.523102 0.616844 -1.89562 -0.682411 1.79188
413 -nan 6.37636 0.126289 0 1.96379 1.11728 1.13171 -2.20967 -0.718681 1.78153
414 -nan 4.35564 2.95737 0 3.01573 -1.57024 1.29877 -2.40848 -0.745499 1.76688
415 -nan -6.99467 2.98222 0 -4.47013 1.76461 1.10017 -2.49625 -0.770607 1.75139
416 -nan 3.97483 0.178177 0 4.31593 -0.973244 0.570892 -2.46654 -0.787605 1.73135
417 -nan 6.55648 -2.80125 0 -2.28771 0.429413 -0.171684 -2.32201 -0.798271 1.70673
418 -nan -3.3233 -3.10014 0 -0.559578 1.18323 -0.887154 -2.06891 -0.798523 1.67822
420 -nan -0.48098 -0.428886 0 4.6954 -1.62549 -1.28394 -1.71779 -0.796997 1.64964
421 -nan 6.93802 2.64587 0 -4.50587 1.74632 -1.14069 -1.27489 -0.785202 1.61472
422 -nan 2.07008 3.21033 0 1.48497 -0.876778 -0.53038 -0.757492 -0.767448 1.57699
423 -nan -5.78593 0.730362 0 2.93181 0.338844 0.246635 -0.1912 -0.741501 1.53584
424 -nan 5.62497 -2.44925 0 -4.12145 1.25081 0.901993 0.402382 -0.713074 1.49464
425 -nan 5.50155 -3.2888 0 5.49135 -1.67159 1.25808 0.990105 -0.675285 1.44712
426 -nan -6.186 -0.977142 0 -3.68637 1.72437 1.2499 1.5346 -0.63195 1.39653
428 -nan 2.3937 2.26099 0 -0.258476 -0.78051 0.882065 1.98656 -0.583649 1.34351
429 -nan 6.91801 3.34988 0 4.71219 0.245468 0.2332 2.3161 -0.53405 1.29105
430 -nan -0.967659 1.26211 0 -4.46521 1.31241 -0.533394 2.48262 -0.477242 1.23293
431 -nan -2.77718 -2.02731 0 1.66712 -1.71271 -1.13836 2.4705 -0.416046 1.17195
432 -nan 6.60649 -3.3835 0 1.25364 1.69584 -1.28215 2.27338 -0.352318 1.1085
433 -nan 3.7469 -1.49569 0 -3.03461 -0.683609 -0.891182 1.91967 -0.289948 1.04769
434 -nan -6.91272 1.81765 0 5.62022 0.14856 -0.15728 1.43015 -0.221306 0.980011
436 -nan 4.54749 3.40096 0 -3.8131 1.37278 0.592735 0.854088 -0.152031 0.911377
437 -nan 6.30397 1.76011 0 -0.538055 -1.74221 1.11493 0.237366 -0.0829697 0.840569
438 -nan -4.31708 -1.55449 0 4.83703 1.66949 1.30104 -0.37574 -0.0155716 0.771469
439 -nan 0.459541 -3.39084 0 -4.57103 -0.582054 1.11588 -0.951897 0.0534592 0.697853
440 -nan 6.99329 -1.97733 0 3.26312 0.0501862 0.598091 -1.46188 0.122635 0.622597
441 -nan 1.21974 1.32133 0 -1.34573 1.42525 -0.137466 -1.87907 0.188629 0.545624
442 -nan -4.9809 3.36052 0 -2.227 -1.76949 -0.864174 -2.19704 0.251686 0.472229
444 -nan 5.9875 2.21247 0 5.42571 1.63535 -1.2781 -2.40336 0.3153 0.393761
445 -nan 5.05074 -1.0369 0 -3.59149 -0.479523 -1.15576 -2.49454 0.375648 0.315857
446 -nan -6.69814 -3.30163 0 -0.575523 -0.0491943 -0.557144 -2.46611 0.431686 0.236549
447 -nan 3.12536 -2.40279 0 4.45794 1.47749 0.217285 -2.33021 0.484795 0.160583
448 -nan 6.7971 0.794044 0 -4.50199 -1.78788 0.88179 -2.08247 0.536652 0.0802536
449 -nan -1.98893 3.23122 0 4.90711 1.59933 1.252 -1.73464 0.583435 0.00167084
450 -nan -1.76456 2.60314 0 -2.20134 -0.375473 1.25566 -1.29414 0.624191 -0.0777969
452 -nan 6.78651 -0.494637 0 -2.16482 -0.145401 0.905296 -0.784866 0.661911 -0.153877
453 -nan 3.06593 -3.12763 0 5.36868 1.52661 0.261009 -0.216904 0.697021 -0.233955
454 -nan -6.56951 -2.76685 0 -3.64397 -1.79899 -0.506836 0.3769 0.726891 -0.311653
455 -nan 5.05245 0.241409 0 0.453606 1.55544 -1.12056 0.96563 0.748901 -0.389183
456 -nan 5.99667 3.01435 0 2.45692 -0.276482 -1.28947 1.50813 0.768745 -0.462402
457 -nan -5.22472 2.92672 0 -3.84081 -0.24807 -0.913284 1.97084 0.785805 -0.540466
458 -nan 1.34129 0.0631485 0 5.122 1.57075 -0.188675 2.30438 0.795815 -0.613632
460 -nan 6.9938 -2.86475 0 -2.02702 -1.79919 0.56517 2.47702 0.798988 -0.686455
461 -nan 0.302422 -3.05148 0 -2.28321 1.51386 1.10012 2.47217 0.799263 -0.755241
462 -nan -4.06042 -0.315125 0 5.39193 -0.171402 1.3012 2.28609 0.795586 -0.827538
463 -nan 6.29422 2.71744 0 -4.39906 -0.346664 1.13116 1.93513 0.786629 -0.895714
464 -nan 4.53105 3.16864 0 2.63979 1.61 0.622284 1.44843 0.769661 -0.962494
465 -nan -6.96674 0.614754 0 0.445709 -1.79387 -0.102737 0.877754 0.75087 -1.0238
466 -nan 3.7858 -2.52717 0 -3.51456 1.46584 -0.837654 0.257782 0.727188 -1.08954
468 -nan 6.62125 -3.25734 0 4.89626 -0.0699158 -1.26901 -0.360573 0.697998 -1.1502
469 -nan -3.02051 -0.866264 0 -1.8848 -0.448227 -1.17196 -0.942436 0.663193 -1.20948
470 -nan -0.768814 2.34676 0 -1.90599 1.64428 -0.596886 -1.452 0.62722 -1.26268
471 -nan 6.91077 3.32814 0 5.02345 -1.78253 0.180992 -1.87886 0.586052 -1.31927
472 -nan 2.30966 1.15567 0 -4.82162 1.41423 0.855614 -2.19857 0.539772 -1.37004
473 -nan -5.99204 -2.11815 0 3.76689 0.0333099 1.24146 -2.40623 0.489014 -1.41922
474 -nan 5.49788 -3.37184 0 0.0202942 -0.543747 1.26286 -2.49567 0.437904 -1.46261
476 -nan 5.62943 -1.3914 0 -3.59354 1.67939 0.924789 -2.47159 0.381577 -1.50849
477 -nan -5.99584 1.91326 0 4.78106 -1.76113 0.291473 -2.32966 0.321625 -1.54865
478 -nan 2.15735 3.39687 0 -2.6786 1.35772 -0.474609 -2.07783 0.257927 -1.58727
479 -nan 6.94204 1.65949 0 -0.228264 0.130104 -1.09702 -1.72701 0.196991 -1.61895
480 -nan -0.668755 -1.65558 0 3.33683 -0.644806 -1.29521 -1.28649 0.130714 -1.6544
481 -nan -3.07304 -3.39732 0 -4.59811 1.70727 -0.942513 -0.769585 0.0624237 -1.68199
482 -nan 6.54176 -1.88317 0 3.74249 -1.73268 -0.226807 -0.200867 -0.0064621 -1.70869
484 -nan 3.94039 1.42931 0 0.137642 1.30093 0.530151 0.390312 -0.0722046 -1.72941
485 -nan -6.966 3.37737 0 -3.62456 0.230507 1.08389 0.978424 -0.140823 -1.75149
486 -nan 4.37849 2.12318 0 5.02712 -0.741211 1.29884 1.52108 -0.208969 -1.7664
487 -nan 6.39062 -1.14495 0 -4.45061 1.73293 1.14418 1.97928 -0.277534 -1.78001
488 -nan -4.03111 -3.32816 0 1.67756 -1.69625 0.652489 2.30738 -0.339996 -1.78778
489 -nan 0.183418 -2.32099 0 2.19249 1.24141 -0.0687637 2.48306 -0.404533 -1.7981
490 -nan 6.98122 0.905861 0 -4.59826 0.328011 -0.80822 2.4746 -0.464706 -1.79967
492 -nan 1.48251 3.26407 0 3.56395 -0.837929 -1.26057 2.28672 -0.522308 -1.79987
493 -nan -5.22892 2.52605 0 -0.210579 1.75106 -1.18686 1.93359 -0.572876 -1.79464
494 -nan 5.88236 -0.608696 0 -2.80534 -1.65678 -0.627342 1.4533 -0.623344 -1.79224
495 -nan 5.19684 -3.17085 0 4.91287 1.17419 0.150658 0.877632 -0.666611 -1.78088
496 -nan -6.57513 -2.69724 0 -5.09571 0.424461 0.83345 0.261002 -0.704628 -1.76834
497 -nan 2.90918 0.358299 0 2.24084 -0.929352 1.2306 -0.354652 -0.734673 -1.75088
498 -nan 6.84133 3.06721 0 2.07418 1.77142 1.2724 -0.933731 -0.763062 -1.73511
