0 -nan 7 3.4 0 5.1 1.8 -1.3 -2.5 -0.800003 -1.8
0 -nan 6.60324 3.33733 0 0.322662 1.79746 -1.29999 -2.50007 -0.800087 -1.80009
0 -nan 5.37377 3.15252 0 -5.08018 1.78962 -1.29939 -2.49965 -0.799713 -1.79971
0 -nan 3.2027 2.85271 0 -0.218857 1.77677 -1.29845 -2.49899 -0.799118 -1.79911
0 -nan 0.00815582 2.44724 0 5.03737 1.75967 -1.29862 -2.49964 -0.799881 -1.79989
0 -nan -3.85026 1.95111 0 0.853485 1.73759 -1.29889 -2.50056 -0.800957 -1.80097
0 -nan -6.71841 1.38447 0 -4.92393 1.70929 -1.29704 -2.49936 -0.799911 -1.79993
0 -nan -6.24794 0.767471 0 -0.766861 1.6758 -1.2945 -2.49757 -0.798294 -1.79831
0 -nan -2.89489 0.119888 0 4.8558 1.63908 -1.29448 -2.49856 -0.79953 -1.79956
0 -nan 0.887459 -0.533493 0 1.42126 1.59774 -1.29493 -2.50018 -0.801437 -1.80149
0 -nan 3.83295 -1.1655 0 -4.65717 1.54953 -1.29224 -2.49867 -0.800209 -1.80026
0 -nan 5.7586 -1.75366 0 -1.37024 1.49581 -1.28829 -2.49598 -0.797813 -1.79787
0 -nan 6.77542 -2.28003 0 4.5979 1.43974 -1.28767 -2.49684 -0.799034 -1.79911
0 -nan 6.97769 -2.72343 0 2.02351 1.37973 -1.28804 -2.49886 -0.801445 -1.80154
0 -nan 6.38178 -3.06318 0 -4.33796 1.31255 -1.28493 -2.49747 -0.800461 -1.80057
0 -nan 4.92888 -3.28734 0 -2.02258 1.23949 -1.27993 -2.49432 -0.79776 -1.79789
0 -nan 2.50645 -3.39223 0 4.31312 1.16487 -1.27835 -2.49469 -0.798599 -1.79874
0 -nan -0.916138 -3.37251 0 2.62516 1.08728 -1.27827 -2.49663 -0.80101 -1.80116
0 -nan -4.74881 -3.22424 0 -4.01458 1.00268 -1.27496 -2.49557 -0.800499 -1.80066
0 -nan -6.96468 -2.95372 0 -2.67613 0.911972 -1.26941 -2.49255 -0.798096 -1.7983
0 -nan -5.59129 -2.57673 0 4.03431 0.82045 -1.26675 -2.49231 -0.798439 -1.79867
0 -nan -1.92603 -2.1065 0 3.17006 0.727249 -1.26572 -2.4936 -0.800278 -1.80049
0 -nan 1.70752 -1.55564 0 -3.6988 0.627693 -1.2622 -2.49282 -0.800163 -1.8004
0 -nan 4.40084 -0.945015 0 -3.26101 0.522202 -1.25668 -2.49053 -0.798676 -1.79898
0 -nan 6.09138 -0.303078 0 3.75968 0.416779 -1.25304 -2.48981 -0.798676 -1.799
0 -nan 6.89896 0.347099 0 3.60946 0.311241 -1.25057 -2.48996 -0.799423 -1.79973
0 -nan 6.90446 0.986732 0 -3.36085 0.200607 -1.24667 -2.48922 -0.799461 -1.79979
0 -nan 6.10608 1.59238 0 -3.72286 0.084877 -1.24165 -2.4881 -0.799301 -1.79973
0 -nan 4.42632 2.13645 0 3.45033 -0.0296402 -1.23726 -2.48717 -0.799232 -1.79969
0 -nan 1.75011 2.59949 0 3.93172 -0.142441 -1.23302 -2.48589 -0.798645 -1.79906
0 -nan -1.87276 2.9693 0 -2.95206 -0.258362 -1.22847 -2.48491 -0.798546 -1.79899
0 -nan -5.55535 3.23252 0 -4.05432 -0.377678 -1.22416 -2.48502 -0.799751 -1.80029
0 -nan -6.97333 3.37492 0 3.05186 -0.494301 -1.21931 -2.48417 -0.799889 -1.80048
0 -nan -4.79325 3.39156 0 4.16763 -0.607048 -1.21328 -2.48155 -0.798119 -1.79868
0 -nan -0.966682 3.28559 0 -2.44064 -0.720177 -1.20785 -2.4801 -0.797646 -1.79823
0 -nan 2.47027 3.06091 0 -4.29536 -0.834213 -1.20409 -2.48111 -0.799835 -1.8005
0 -nan 4.90804 2.72235 0 2.5324 -0.943687 -1.19903 -2.48055 -0.800377 -1.80109
0 -nan 6.36774 2.28243 0 4.36616 -1.04683 -1.1915 -2.47705 -0.797905 -1.79863
0 -nan 6.97192 1.75973 0 -1.83549 -1.14706 -1.18501 -2.47498 -0.796951 -1.7977
0 -nan 6.78473 1.17313 0 -4.5014 -1.24518 -1.18137 -2.47629 -0.799469 -1.80028
0 -nan 5.78063 0.542091 0 1.90772 -1.33661 -1.17627 -2.47608 -0.800484 -1.80133
0 -nan 3.86284 -0.109879 0 4.56339 -1.41919 -1.16772 -2.47229 -0.79792 -1.79882
0 -nan 0.929657 -0.757584 0 -1.18293 -1.49552 -1.16015 -2.46965 -0.796555 -1.7975
0 -nan -2.84422 -1.37775 0 -4.70409 -1.56666 -1.15609 -2.47065 -0.79879 -1.79975
0 -nan -6.21999 -1.94802 0 1.23275 -1.62913 -1.15095 -2.47065 -0.800072 -1.80106
0 -nan -6.73698 -2.44606 0 4.76482 -1.68068 -1.14189 -2.46709 -0.797958 -1.79903
0 -nan -3.89523 -2.85316 0 -0.540817 -1.72329 -1.13338 -2.46417 -0.796501 -1.79766
0 -nan -0.0396194 -3.1554 0 -4.89256 -1.75826 -1.12847 -2.4644 -0.798004 -1.79915
0 -nan 3.16575 -3.34077 0 0.570168 -1.78326 -1.12304 -2.46421 -0.799126 -1.80026
0 -nan 5.3527 -3.40018 0 4.94429 -1.79639 -1.11387 -2.46124 -0.797806 -1.79906
0 -nan 6.59358 -3.33248 0 0.0510406 -1.79922 -1.10483 -2.4585 -0.796738 -1.79813
0 -nan 6.99979 -3.14274 0 -5.02283 -1.79314 -1.09875 -2.45772 -0.797302 -1.79866
0 -nan 6.61514 -2.83675 0 -0.039238 -1.77702 -1.09258 -2.45683 -0.797752 -1.79907
1 -nan 5.39612 -2.42284 0 5.05554 -1.74965 -1.0836 -2.45463 -0.797356 -1.79881
1 -nan 3.23457 -1.91875 0 0.585831 -1.71227 -1.07451 -2.45252 -0.797112 -1.79873
1 -nan 0.0554047 -1.34692 0 -5.0433 -1.66618 -1.06715 -2.45073 -0.796776 -1.79837
1 -nan -3.79649 -0.726646 0 -0.591064 -1.61125 -1.05977 -2.44872 -0.796181 -1.79772
1 -nan -6.69841 -0.0765305 0 5.0523 -1.54725 -1.0511 -2.44724 -0.796623 -1.7983
1 -nan -6.27883 0.57666 0 1.08533 -1.47505 -1.04235 -2.44603 -0.797417 -1.79926
1 -nan -2.94563 1.20467 0 -4.92056 -1.39553 -1.03377 -2.44343 -0.79644 -1.79828
1 -nan 0.839371 1.78684 0 -1.11454 -1.30936 -1.02489 -2.44018 -0.794731 -1.79654
1 -nan 3.79983 2.30701 0 4.91033 -1.21731 -1.01646 -2.43916 -0.795692 -1.79762
1 -nan 5.74315 2.74328 0 1.58337 -1.11982 -1.00827 -2.43881 -0.797424 -1.7995
1 -nan 6.76867 3.07515 0 -4.65641 -1.01707 -0.998718 -2.43579 -0.796227 -1.79833
1 -nan 6.97622 3.29269 0 -1.65395 -0.910149 -0.988304 -2.4315 -0.793686 -1.7958
1 -nan 6.39325 3.39331 0 4.64104 -0.800865 -0.979843 -2.43051 -0.794716 -1.79692
1 -nan 4.95629 3.37068 0 2.10622 -0.689217 -0.972168 -2.43073 -0.797035 -1.79933
1 -nan 2.54529 3.22107 0 -4.28968 -0.574463 -0.962051 -2.42772 -0.796028 -1.7984
1 -nan -0.867004 2.95164 0 -2.23948 -0.457748 -0.950317 -2.42283 -0.793167 -1.79562
1 -nan -4.70206 2.57727 0 4.28817 -0.341843 -0.941437 -2.42146 -0.793869 -1.79639
1 -nan -6.95982 2.10956 0 2.6559 -0.226532 -0.934067 -2.42179 -0.796257 -1.79881
1 -nan -5.63218 1.56133 0 -3.87933 -0.109962 -0.923759 -2.41907 -0.7957 -1.79834
1 -nan -1.97429 0.95372 0 -2.86121 0.00697327 -0.911102 -2.41415 -0.793121 -1.79593
1 -nan 1.6671 0.313408 0 3.90769 0.120605 -0.901505 -2.41219 -0.793327 -1.7962
1 -nan 4.37132 -0.337502 0 3.20198 0.231049 -0.894073 -2.4121 -0.795235 -1.79807
1 -nan 6.07533 -0.978722 0 -3.47375 0.341331 -0.883774 -2.40968 -0.79509 -1.798
1 -nan 6.89349 -1.58577 0 -3.4642 0.451088 -0.870735 -2.40532 -0.793365 -1.79651
1 -nan 6.9081 -2.13254 0 3.5389 0.555794 -0.860352 -2.40287 -0.793228 -1.79646
1 -nan 6.12292 -2.59946 0 3.69061 0.65519 -0.852356 -2.40181 -0.794128 -1.79726
1 -nan 4.45651 -2.97175 0 -3.08472 0.753395 -0.842033 -2.39947 -0.794128 -1.79733
1 -nan 1.78913 -3.23464 0 -3.97387 0.850723 -0.829193 -2.39613 -0.793663 -1.79715
1 -nan -1.82516 -3.37583 0 3.18076 0.941933 -0.818199 -2.39348 -0.79351 -1.7971
1 -nan -5.51373 -3.39072 0 4.07316 1.02624 -0.80912 -2.39108 -0.793098 -1.79659
1 -nan -6.97793 -3.28029 0 -2.68526 1.10862 -0.798561 -2.3885 -0.792931 -1.79647
1 -nan -4.83825 -3.04792 0 -4.33858 1.18999 -0.786415 -2.38638 -0.793823 -1.79764
1 -nan -1.01414 -2.70158 0 2.79045 1.26479 -0.775116 -2.38387 -0.793968 -1.79792
1 -nan 2.43052 -2.25538 0 4.33621 1.33163 -0.764603 -2.38005 -0.792305 -1.79618
1 -nan 4.87988 -1.72626 0 -2.2327 1.39589 -0.753571 -2.37698 -0.791733 -1.79565
1 -nan 6.35677 -1.13289 0 -4.5593 1.45901 -0.742363 -2.3759 -0.793655 -1.79779
1 -nan 6.97319 -0.497978 0 2.31198 1.51556 -0.731087 -2.37372 -0.794258 -1.79853
1 -nan 6.79096 0.153526 0 4.50667 1.56367 -0.719086 -2.36879 -0.791748 -1.79601
1 -nan 5.79651 0.798958 0 -1.69914 1.60855 -0.707336 -2.36507 -0.790649 -1.79498
1 -nan 3.89512 1.41628 0 -4.68304 1.65204 -0.69693 -2.36449 -0.792992 -1.79745
1 -nan 0.97522 1.98109 0 1.71735 1.68934 -0.685928 -2.36269 -0.794052 -1.79861
1 -nan -2.79352 2.47073 0 4.63014 1.71818 -0.672691 -2.35723 -0.791336 -1.796
1 -nan -6.18698 2.86981 0 -1.09058 1.7431 -0.660065 -2.35288 -0.789818 -1.79458
1 -nan -6.75631 3.16609 0 -4.76724 1.7662 -0.650093 -2.35218 -0.791931 -1.79674
1 -nan -3.94823 3.3461 0 1.02853 1.78368 -0.639503 -2.35065 -0.793243 -1.79811
1 -nan -0.0867615 3.40038 0 4.74348 1.79302 -0.625504 -2.34525 -0.790924 -1.79597
1 -nan 3.13245 3.33018 0 -0.444847 1.79782 -0.611984 -2.3405 -0.789261 -1.79449
1 -nan 5.3307 3.14108 0 -4.84373 1.80022 -0.601967 -2.33916 -0.79068 -1.79588
1 -nan 6.58389 2.83688 0 0.305466 1.79751 -0.591743 -2.33756 -0.791855 -1.79704
1 -nan 7.00021 2.4248 0 4.85684 1.78729 -0.577469 -2.33265 -0.790298 -1.79574
1 -nan 6.62334 1.92351 0 0.188171 1.77209 -0.563263 -2.32791 -0.788956 -1.79464
1 -nan 5.41743 1.355 0 -4.90532 1.75379 -0.552795 -2.32566 -0.789482 -1.79513
1 -nan 3.27293 0.736847 0 -0.385361 1.73071 -0.542656 -2.32349 -0.790016 -1.79557
2 -nan 0.103279 0.0870895 0 4.94875 1.70101 -0.528511 -2.31927 -0.789352 -1.79518
2 -nan -3.75114 -0.566734 0 0.770836 1.66617 -0.514038 -2.31503 -0.788788 -1.79493
2 -nan -6.67867 -1.19632 0 -4.91545 1.62744 -0.502861 -2.31184 -0.788483 -1.79459
2 -nan -6.30818 -1.78132 0 -1.00086 1.58405 -0.492317 -2.30862 -0.787949 -1.79394
2 -nan -2.99741 -2.30482 0 4.97384 1.53513 -0.478584 -2.30509 -0.788078 -1.79433
2 -nan 0.797653 -2.74372 0 1.29242 1.48126 -0.464363 -2.30173 -0.788589 -1.79517
2 -nan 3.76927 -3.07727 0 -4.82891 1.42274 -0.452393 -2.29776 -0.787682 -1.79427
2 -nan 5.72015 -3.29546 0 -1.53754 1.35951 -0.440941 -2.29323 -0.785965 -1.79247
2 -nan 6.75953 -3.39456 0 4.88215 1.29203 -0.427727 -2.29018 -0.786613 -1.79333
2 -nan 6.98203 -3.36781 0 1.76915 1.22012 -0.414238 -2.28783 -0.78817 -1.79517
2 -nan 6.40703 -3.21261 0 -4.61403 1.14297 -0.401535 -2.28336 -0.78701 -1.79409
2 -nan 4.97856 -2.93703 0 -2.02892 1.0611 -0.38884 -2.27763 -0.784378 -1.79145
2 -nan 2.5827 -2.55519 0 4.64447 0.976311 -0.376083 -2.27473 -0.785141 -1.79237
2 -nan -0.817886 -2.07924 0 2.23264 0.888 -0.363586 -2.27315 -0.787399 -1.79483
2 -nan -4.65789 -1.52446 0 -4.27026 0.794304 -0.350388 -2.26857 -0.786377 -1.79393
2 -nan -6.94893 -0.913208 0 -2.5237 0.695992 -0.336411 -2.26206 -0.783356 -1.79104
2 -nan -5.66809 -0.270515 0 4.27099 0.596161 -0.323837 -2.2589 -0.783859 -1.79166
2 -nan -2.02778 0.381424 0 2.71201 0.494202 -0.31234 -2.25764 -0.78627 -1.79414
2 -nan 1.6244 1.02008 0 -3.83328 0.387314 -0.299011 -2.25328 -0.785645 -1.79368
2 -nan 4.34335 1.6209 0 -3.05241 0.276253 -0.283981 -2.24658 -0.782883 -1.79118
2 -nan 6.05853 2.16103 0 3.8108 0.165154 -0.27124 -2.2429 -0.782928 -1.79134
2 -nan 6.88895 2.62188 0 3.21434 0.0539246 -0.260529 -2.24141 -0.784904 -1.79327
2 -nan 6.91463 2.98682 0 -3.35992 -0.0610428 -0.247414 -2.23736 -0.784691 -1.79321
2 -nan 6.13658 3.24158 0 -3.60146 -0.179268 -0.231758 -2.23106 -0.782745 -1.79163
2 -nan 4.48133 3.37738 0 3.32854 -0.295784 -0.218605 -2.22687 -0.782455 -1.79149
2 -nan 1.83255 3.39027 0 3.71204 -0.409836 -0.20829 -2.22459 -0.783478 -1.79237
2 -nan -1.77151 3.27864 0 -2.89736 -0.525635 -0.195549 -2.22069 -0.78344 -1.79244
2 -nan -5.47621 3.0454 0 -4.11314 -0.643181 -0.179794 -2.21526 -0.782677 -1.79212
2 -nan -6.98363 2.70083 0 2.86838 -0.756889 -0.166222 -2.21085 -0.782394 -1.79204
2 -nan -4.88338 2.25885 0 4.15034 -0.865044 -0.155792 -2.20734 -0.782143 -1.79161
2 -nan -1.06676 1.73303 0 -2.45818 -0.972313 -0.143356 -2.20325 -0.781914 -1.79144
2 -nan 2.39381 1.14106 0 -4.5158 -1.07917 -0.128059 -2.19896 -0.782448 -1.79241
2 -nan 4.85838 0.507492 0 2.42731 -1.17976 -0.114326 -2.1947 -0.782532 -1.79273
2 -nan 6.34156 -0.142502 0 4.47765 -1.27156 -0.103256 -2.18977 -0.780975 -1.79104
2 -nan 6.96714 -0.788788 0 -2.01927 -1.35944 -0.0908585 -2.18517 -0.780273 -1.79039
2 -nan 6.7999 -1.40942 0 -4.76577 -1.44438 -0.0764999 -2.18196 -0.781868 -1.79234
2 -nan 5.81726 -1.97751 0 1.95934 -1.5207 -0.0629654 -2.17812 -0.782501 -1.7932
2 -nan 3.92534 -2.46923 0 4.67673 -1.58534 -0.0508575 -2.17194 -0.779999 -1.79067
2 -nan 1.01937 -2.87074 0 -1.54213 -1.64315 -0.038208 -2.16664 -0.77874 -1.78949
2 -nan -2.74281 -3.16921 0 -4.87128 -1.69571 -0.0250092 -2.16413 -0.780869 -1.79184
2 -nan -6.15911 -3.34895 0 1.4112 -1.73793 -0.0120163 -2.16077 -0.78199 -1.79314
2 -nan -6.77306 -3.40006 0 4.77094 -1.76661 0.00120544 -2.15383 -0.779167 -1.79044
2 -nan -3.99368 -3.32554 0 -0.999069 -1.78635 0.0143661 -2.14785 -0.777458 -1.78888
2 -nan -0.135139 -3.13092 0 -4.88129 -1.79936 0.0264969 -2.14545 -0.779472 -1.79098
2 -nan 3.09664 -2.8193 0 0.762497 -1.8016 0.0387115 -2.14243 -0.780838 -1.79243
2 -nan 5.3089 -2.39912 0 4.80505 -1.78994 0.0527954 -2.13535 -0.778336 -1.79019
2 -nan 6.57194 -1.89095 0 -0.39093 -1.76856 0.0666351 -2.12886 -0.776466 -1.78857
2 -nan 6.99989 -1.31678 0 -4.85121 -1.74036 0.0780487 -2.12601 -0.77784 -1.78993
2 -nan 6.63651 -0.694199 0 0.0412674 -1.70245 0.089386 -2.12302 -0.77906 -1.79114
2 -nan 5.43934 -0.0428162 0 4.81924 -1.65192 0.103889 -2.1163 -0.777306 -1.78973
2 -nan 3.30357 0.609322 0 0.25161 -1.59241 0.118408 -2.10968 -0.775696 -1.78849
2 -nan 0.150162 1.23534 0 -4.81282 -1.5273 0.129539 -2.10603 -0.776207 -1.78896
3 -nan -3.69827 1.8155 0 -0.69046 -1.45478 0.140106 -2.1026 -0.776817 -1.78943
3 -nan -6.65815 2.33182 0 4.82915 -1.37225 0.154564 -2.09653 -0.775925 -1.78893
3 -nan -6.33604 2.76233 0 0.882439 -1.2827 0.169548 -2.09025 -0.775055 -1.78852
3 -nan -3.04715 3.08881 0 -4.76408 -1.18957 0.180763 -2.0857 -0.774765 -1.78819
3 -nan 0.748848 3.30179 0 -1.36649 -1.09196 0.190903 -2.08134 -0.77433 -1.78758
3 -nan 3.73621 3.39596 0 4.81727 -0.98764 0.204948 -2.07592 -0.774193 -1.7878
3 -nan 5.70489 3.36558 0 1.46148 -0.878868 0.219963 -2.07047 -0.774414 -1.78853
3 -nan 6.75257 3.21008 0 -4.6758 -0.768738 0.231491 -2.06515 -0.77356 -1.7877
3 -nan 6.98128 2.93684 0 -1.94547 -0.656921 0.241714 -2.05952 -0.771927 -1.78591
3 -nan 6.41908 2.55705 0 4.7383 -0.541824 0.25515 -2.05457 -0.772255 -1.78654
3 -nan 5.00459 2.08298 0 1.97151 -0.42495 0.269608 -2.05019 -0.773636 -1.78838
3 -nan 2.62029 1.53151 0 -4.50706 -0.308563 0.281509 -2.04437 -0.772545 -1.78739
3 -nan -0.767586 0.923897 0 -2.42777 -0.192703 0.292358 -2.03745 -0.769897 -1.78471
3 -nan -4.61048 0.282074 0 4.53971 -0.0766754 0.305099 -2.03267 -0.77034 -1.78539
3 -nan -6.94399 -0.371361 0 2.42348 0.0387115 0.318481 -2.02927 -0.772552 -1.78791
3 -nan -5.70751 -1.01128 0 -4.22475 0.152367 0.330666 -2.02325 -0.77153 -1.78706
3 -nan -2.07674 -1.61329 0 -2.85209 0.264015 0.342484 -2.01533 -0.768379 -1.78407
3 -nan 1.58251 -2.15678 0 4.19089 0.373306 0.354668 -2.01038 -0.7686 -1.78446
3 -nan 4.31493 -2.62198 0 2.84919 0.479904 0.366669 -2.00754 -0.771065 -1.78705
3 -nan 6.04333 -2.98892 0 -3.82313 0.584061 0.378922 -2.00163 -0.770378 -1.78658
3 -nan 6.88181 -3.24319 0 -3.27014 0.685471 0.391777 -1.99332 -0.767418 -1.78396
3 -nan 6.91708 -3.37816 0 3.70565 0.782654 0.403679 -1.98792 -0.76725 -1.78397
3 -nan 6.15421 -3.38927 0 3.28279 0.875412 0.414307 -1.98507 -0.769318 -1.78598
3 -nan 4.5116 -3.27248 0 -3.33343 0.965393 0.426292 -1.97945 -0.769028 -1.78589
3 -nan 1.87083 -3.03164 0 -3.71172 1.05246 0.439957 -1.97136 -0.766838 -1.7842
3 -nan -1.72363 -2.67981 0 3.14158 1.13411 0.451897 -1.96548 -0.766365 -1.78395
3 -nan -5.43468 -2.23133 0 3.73611 1.20986 0.461395 -1.96201 -0.767502 -1.7849
3 -nan -6.98814 -1.69859 0 -2.81049 1.28262 0.472801 -1.95661 -0.767403 -1.78495
3 -nan -4.92653 -1.10056 0 -4.16161 1.35275 0.486855 -1.94923 -0.76635 -1.78448
3 -nan -1.11352 -0.463974 0 2.57064 1.41685 0.499031 -1.9431 -0.765907 -1.78433
3 -nan 2.353 0.185936 0 4.1817 1.47375 0.50782 -1.93854 -0.765793 -1.78397
3 -nan 4.82943 0.830376 0 -2.30178 1.52749 0.518532 -1.93304 -0.765518 -1.78377
3 -nan 6.32967 1.44715 0 -4.56462 1.5791 0.532463 -1.92669 -0.765694 -1.78454
3 -nan 6.96688 2.00898 0 2.03721 1.62451 0.544807 -1.9207 -0.765671 -1.78486
3 -nan 6.80585 2.49306 0 4.56118 1.66165 0.553413 -1.91478 -0.764259 -1.78326
3 -nan 5.83395 2.8872 0 -1.82236 1.6954 0.563576 -1.9088 -0.763466 -1.7825
3 -nan 3.95661 3.17884 0 -4.85626 1.72756 0.576866 -1.90352 -0.764709 -1.78423
3 -nan 1.06267 3.35263 0 1.53375 1.7536 0.589043 -1.89802 -0.76532 -1.78518
3 -nan -2.69149 3.39966 0 4.81893 1.77067 0.598 -1.89078 -0.762909 -1.78271
3 -nan -6.12373 3.32347 0 -1.35276 1.78406 0.607941 -1.88405 -0.761475 -1.78136
3 -nan -6.79103 3.12876 0 -5.00005 1.79617 0.620163 -1.87961 -0.763329 -1.78354
3 -nan -4.04499 2.81827 0 1.01371 1.80243 0.63176 -1.87469 -0.764503 -1.78497
3 -nan -0.182533 2.40086 0 4.93471 1.7995 0.641441 -1.86652 -0.761658 -1.78226
3 -nan 3.06098 1.89628 0 -0.856316 1.79247 0.65152 -1.85901 -0.759712 -1.7805
3 -nan 5.28654 1.32467 0 -5.00623 1.78419 0.66246 -1.85492 -0.761597 -1.78252
3 -nan 6.56348 0.703308 0 0.430229 1.77049 0.673134 -1.85046 -0.763031 -1.7841
3 -nan 6.99953 0.0529861 0 4.93054 1.74783 0.683601 -1.84193 -0.760406 -1.78179
3 -nan 6.64296 -0.598976 0 -0.303154 1.72057 0.694115 -1.83382 -0.758278 -1.77998
3 -nan 5.46054 -1.2273 0 -4.92022 1.69183 0.703865 -1.82951 -0.759636 -1.78135
3 -nan 3.34188 -1.81125 0 -0.229866 1.65816 0.713394 -1.82518 -0.760925 -1.78261
3 -nan 0.197403 -2.33015 0 4.85326 1.61614 0.724419 -1.81688 -0.758995 -1.78114
3 -nan -3.65161 -2.76238 0 0.31102 1.56913 0.735519 -1.80851 -0.757111 -1.77974
3 -nan -6.63686 -3.09116 0 -4.79352 1.52018 0.744408 -1.80354 -0.757652 -1.78021
4 -nan -6.366 -3.30551 0 -0.936783 1.46685 0.752754 -1.79893 -0.758347 -1.78075
4 -nan -3.09881 -3.39732 0 4.74827 1.40608 0.763885 -1.79119 -0.757271 -1.78015
4 -nan 0.707512 -3.36198 0 0.959549 1.34014 0.775574 -1.78304 -0.756104 -1.77961
4 -nan 3.7052 -3.2015 0 -4.65884 1.2718 0.784012 -1.77723 -0.755844 -1.7793
4 -nan 5.68216 -2.92266 0 -1.63175 1.19956 0.791321 -1.77185 -0.755539 -1.77876
4 -nan 6.74362 -2.53473 0 4.63703 1.12106 0.802139 -1.76473 -0.755173 -1.77884
4 -nan 6.98583 -2.05206 0 1.59547 1.03765 0.814171 -1.75729 -0.755096 -1.77945
4 -nan 6.43217 -1.49482 0 -4.51995 0.951477 0.822487 -1.75073 -0.75428 -1.77866
4 -nan 5.02848 -0.883919 0 -2.25314 0.861885 0.82914 -1.74417 -0.752777 -1.77695
4 -nan 2.65874 -0.239334 0 4.50563 0.767487 0.839348 -1.7375 -0.752815 -1.77734
4 -nan -0.719727 0.415047 0 2.17233 0.669006 0.851242 -1.73115 -0.753952 -1.77911
4 -nan -4.56604 1.0517 0 -4.35369 0.567703 0.859619 -1.72407 -0.752907 -1.77819
4 -nan -6.9313 1.64755 0 -2.76384 0.463516 0.866158 -1.71616 -0.75032 -1.77552
4 -nan -5.74323 2.18485 0 4.30973 0.356361 0.875633 -1.70966 -0.75042 -1.77591
4 -nan -2.12913 2.64379 0 2.66502 0.246605 0.88678 -1.70445 -0.752533 -1.77846
4 -nan 1.54065 3.00295 0 -4.12038 0.134415 0.895256 -1.69714 -0.751556 -1.7777
4 -nan 4.28503 3.24964 0 -3.16856 0.020195 0.902237 -1.68809 -0.748344 -1.77464
4 -nan 6.02504 3.37978 0 3.99736 -0.0947952 0.911018 -1.68145 -0.748253 -1.77479
4 -nan 6.87833 3.38851 0 3.08098 -0.21019 0.920853 -1.67707 -0.750755 -1.77747
4 -nan 6.92409 3.27006 0 -3.78252 -0.326973 0.929314 -1.66982 -0.750069 -1.77705
4 -nan 6.16679 3.02906 0 -3.50948 -0.444443 0.937111 -1.6601 -0.74691 -1.7743
4 -nan 4.53628 2.67957 0 3.54129 -0.56012 0.945381 -1.65311 -0.74649 -1.77412
4 -nan 1.9146 2.23448 0 3.45541 -0.673363 0.953606 -1.64896 -0.748665 -1.77623
4 -nan -1.67031 1.70434 0 -3.32859 -0.786133 0.961815 -1.64195 -0.748322 -1.77613
4 -nan -5.395 1.10857 0 -3.83896 -0.897751 0.97049 -1.63223 -0.745857 -1.77428
4 -nan -6.99075 0.473999 0 2.9624 -1.00475 0.978523 -1.62479 -0.745186 -1.7739
4 -nan -4.9722 -0.175476 0 3.82912 -1.10596 0.985176 -1.6202 -0.746437 -1.77491
4 -nan -1.167 -0.821404 0 -2.78697 -1.20418 0.992798 -1.61344 -0.746284 -1.77493
4 -nan 2.31588 -1.44023 0 -4.18536 -1.29908 1.00212 -1.60429 -0.744911 -1.77429
4 -nan 4.80667 -2.00439 0 2.32502 -1.38658 1.01022 -1.59656 -0.744278 -1.77405
4 -nan 6.31425 -2.49174 0 4.21722 -1.46481 1.0156 -1.591 -0.744286 -1.77374
4 -nan 6.96148 -2.88879 0 -2.2133 -1.53725 1.02238 -1.58424 -0.743958 -1.77349
4 -nan 6.81364 -3.18114 0 -4.53421 -1.60438 1.03194 -1.576 -0.743797 -1.77406
4 -nan 5.85242 -3.35381 0 1.7018 -1.66181 1.04023 -1.56836 -0.743599 -1.77432
4 -nan 3.98699 -3.39901 0 4.59003 -1.70698 1.04479 -1.56155 -0.742332 -1.77281
4 -nan 1.10838 -3.31899 0 -1.65789 -1.74406 1.05067 -1.55437 -0.74147 -1.77197
4 -nan -2.64079 -3.11746 0 -4.83533 -1.77457 1.06001 -1.54719 -0.742363 -1.77348
4 -nan -6.09502 -2.79906 0 1.13127 -1.79412 1.06833 -1.54003 -0.742859 -1.77444
4 -nan -6.80624 -2.37499 0 4.88565 -1.79967 1.0726 -1.53193 -0.740601 -1.77209
4 -nan -4.0915 -1.86411 0 -1.13931 -1.79594 1.0778 -1.52399 -0.739014 -1.77057
4 -nan -0.231087 -1.28587 0 -5.03086 -1.78561 1.08643 -1.51772 -0.740585 -1.77258
4 -nan 3.02658 -0.659821 0 0.601082 -1.76456 1.09439 -1.51127 -0.741745 -1.77409
4 -nan 5.26399 -0.00908661 0 5.04705 -1.72944 1.09885 -1.50214 -0.738991 -1.77148
4 -nan 6.54939 0.640778 0 -0.640579 -1.6853 1.10378 -1.49331 -0.736786 -1.76947
4 -nan 6.99897 1.26637 0 -5.08736 -1.63587 1.11128 -1.48758 -0.738495 -1.77139
4 -nan 6.65651 1.84566 0 0.0673904 -1.57742 1.11844 -1.48171 -0.739975 -1.77305
4 -nan 5.48139 2.35659 0 5.05424 -1.50652 1.12341 -1.47204 -0.737312 -1.77076
4 -nan 3.37177 2.78024 0 -0.124718 -1.4281 1.12848 -1.46246 -0.734856 -1.76871
4 -nan 0.2444 3.10264 0 -5.01208 -1.34664 1.1347 -1.45675 -0.736168 -1.77004
4 -nan -3.59952 3.31182 0 -0.509628 -1.25896 1.14071 -1.45119 -0.737534 -1.77139
4 -nan -6.61513 3.39813 0 4.93077 -1.16158 1.14622 -1.44156 -0.735489 -1.76987
4 -nan -6.39123 3.35915 0 0.441399 -1.05886 1.15178 -1.4316 -0.733299 -1.76829
5 -nan -3.14891 3.19889 0 -4.84458 -0.955666 1.15681 -1.42545 -0.733871 -1.76879
5 -nan 0.658066 2.92211 0 -1.13977 -0.849464 1.16148 -1.41975 -0.734657 -1.76939
5 -nan 3.67223 2.53578 0 4.72717 -0.736748 1.16727 -1.4106 -0.733429 -1.76873
5 -nan 5.66574 2.05524 0 1.06565 -0.620926 1.17346 -1.40075 -0.731972 -1.76804
5 -nan 6.73585 1.5017 0 -4.63326 -0.50695 1.17763 -1.39385 -0.73175 -1.76778
5 -nan 6.98632 0.89386 0 -1.79655 -0.392982 1.18095 -1.38756 -0.731583 -1.76731
5 -nan 6.44466 0.249863 0 4.49421 -0.275536 1.18661 -1.379 -0.731041 -1.76729
5 -nan 5.05244 -0.405365 0 1.72186 -0.15696 1.19337 -1.36977 -0.730682 -1.76778
5 -nan 2.69537 -1.04294 0 -4.4136 -0.0419693 1.19707 -1.36211 -0.729897 -1.76704
5 -nan -0.667809 -1.64082 0 -2.42789 0.0706177 1.19921 -1.3548 -0.728561 -1.76542
5 -nan -4.51729 -2.18154 0 4.25839 0.18409 1.20437 -1.34669 -0.728371 -1.76564
5 -nan -6.925 -2.64383 0 2.35818 0.297066 1.21143 -1.33849 -0.729256 -1.76731
5 -nan -5.78166 -3.00472 0 -4.19553 0.405403 1.21494 -1.33031 -0.728249 -1.76647
5 -nan -2.18006 -3.2519 0 -2.97781 0.509758 1.21631 -1.3217 -0.725792 -1.76388
5 -nan 1.49702 -3.3812 0 4.00906 0.6129 1.22076 -1.31375 -0.725609 -1.76402
5 -nan 4.25772 -3.38696 0 2.91943 0.714149 1.22758 -1.30678 -0.727547 -1.76653
5 -nan 6.01055 -3.26318 0 -3.96005 0.810364 1.23106 -1.29837 -0.726631 -1.76588
5 -nan 6.86986 -3.01569 0 -3.41254 0.901817 1.23222 -1.28848 -0.723427 -1.76279
5 -nan 6.92586 -2.65905 0 3.70433 0.990387 1.23593 -1.2804 -0.723022 -1.76266
5 -nan 6.1851 -2.20631 0 3.37341 1.07579 1.24187 -1.27448 -0.725479 -1.76539
5 -nan 4.56659 -1.66914 0 -3.66571 1.15627 1.24529 -1.26611 -0.724846 -1.76505
5 -nan 1.95317 -1.06853 0 -3.73881 1.23186 1.2468 -1.25533 -0.721519 -1.76218
5 -nan -1.62073 -0.431328 0 3.29618 1.30326 1.24991 -1.2469 -0.720825 -1.76177
5 -nan -5.35323 0.219124 0 3.72765 1.37029 1.25443 -1.24149 -0.723061 -1.76395
5 -nan -6.99538 0.86335 0 -3.26914 1.43275 1.2576 -1.23335 -0.722733 -1.76389
5 -nan -5.01413 1.4771 0 -3.99924 1.49068 1.25985 -1.22228 -0.719978 -1.76186
5 -nan -1.21416 2.03445 0 2.76332 1.54347 1.26257 -1.21346 -0.719086 -1.76134
5 -nan 2.27436 2.5153 0 4.02438 1.59075 1.2654 -1.20786 -0.720444 -1.7624
5 -nan 4.77814 2.9053 0 -2.75473 1.63383 1.26807 -1.19998 -0.720261 -1.7624
5 -nan 6.30144 3.18972 0 -4.24477 1.67302 1.27112 -1.18927 -0.718567 -1.76158
5 -nan 6.95916 3.35601 0 2.13181 1.70652 1.27374 -1.18016 -0.717735 -1.76122
5 -nan 6.81987 3.39839 0 4.31148 1.73343 1.27497 -1.17376 -0.717842 -1.76096
5 -nan 5.87057 3.31712 0 -2.15196 1.75632 1.27681 -1.16594 -0.717484 -1.76067
5 -nan 4.0174 3.11457 0 -4.50277 1.77612 1.28042 -1.15605 -0.716995 -1.76106
5 -nan 1.15028 2.79709 0 1.46581 1.79006 1.2832 -1.14696 -0.716591 -1.76122
5 -nan -2.5882 2.37695 0 4.60521 1.79645 1.28317 -1.1394 -0.715454 -1.75978
5 -nan -6.05772 1.86993 0 -1.52094 1.79874 1.28396 -1.13127 -0.714531 -1.75885
5 -nan -6.82266 1.29343 0 -4.76102 1.79878 1.28773 -1.12238 -0.715103 -1.76018
5 -nan -4.14099 0.668625 0 0.831024 1.79311 1.29073 -1.11372 -0.715408 -1.76106
5 -nan -0.279236 0.0198364 0 4.87379 1.77909 1.28992 -1.10493 -0.71331 -1.75885
5 -nan 2.98859 -0.629845 0 -0.916695 1.7607 1.28969 -1.09608 -0.711586 -1.75716
5 -nan 5.24136 -1.25837 0 -4.97433 1.74082 1.29317 -1.08815 -0.712868 -1.75899
5 -nan 6.54167 -1.84123 0 0.257744 1.71559 1.29617 -1.08022 -0.713921 -1.7605
5 -nan 6.99781 -2.35421 0 5.05588 1.68148 1.29507 -1.0704 -0.711319 -1.75804
5 -nan 6.6616 -2.7798 0 -0.361122 1.64267 1.29412 -1.06057 -0.708885 -1.75581
5 -nan 5.50217 -3.1049 0 -5.08869 1.60294 1.29688 -1.05334 -0.710403 -1.75761
5 -nan 3.40926 -3.31499 0 -0.268272 1.55831 1.29945 -1.04618 -0.711906 -1.75936
5 -nan 0.291206 -3.39864 0 5.09819 1.50474 1.29847 -1.03573 -0.709343 -1.75719
5 -nan -3.55059 -3.35509 0 0.161987 1.44616 1.29729 -1.025 -0.706581 -1.75489
5 -nan -6.59197 -3.19003 0 -5.06986 1.38697 1.29898 -1.01803 -0.707825 -1.7562
5 -nan -6.42163 -2.90685 0 -0.785728 1.32344 1.30065 -1.01138 -0.709297 -1.75766
5 -nan -3.20036 -2.51216 0 4.98424 1.25142 1.30002 -1.0008 -0.707222 -1.75616
5 -nan 0.616325 -2.02366 0 0.691498 1.17426 1.2991 -0.989525 -0.704697 -1.75437
6 -nan 3.64043 -1.46445 0 -4.9198 1.09659 1.29958 -0.982323 -0.705284 -1.7549
6 -nan 5.64397 -0.852303 0 -1.32903 1.0153 1.29998 -0.975746 -0.706207 -1.75558
6 -nan 6.72737 -0.205475 0 4.73975 0.926506 1.29968 -0.965477 -0.704865 -1.75488
6 -nan 6.98883 0.449562 0 1.26344 0.832741 1.29935 -0.954185 -0.703094 -1.75405
6 -nan 6.45654 1.08367 0 -4.67261 0.73851 1.29873 -0.946373 -0.702911 -1.75381
6 -nan 5.07747 1.67651 0 -1.90834 0.641655 1.29769 -0.939369 -0.702896 -1.75343
6 -nan 2.73386 2.21091 0 4.41747 0.538773 1.29746 -0.929642 -0.702202 -1.75332
6 -nan -0.621422 2.66537 0 1.88715 0.431564 1.29784 -0.918877 -0.701553 -1.7537
6 -nan -4.47224 3.01837 0 -4.37605 0.324165 1.29646 -0.910347 -0.70079 -1.75298
6 -nan -6.91147 3.25936 0 -2.50318 0.215424 1.29399 -0.902481 -0.699623 -1.75146
6 -nan -5.81793 3.38376 0 4.07112 0.102638 1.29344 -0.893219 -0.699265 -1.75156
6 -nan -2.23126 3.38559 0 2.53398 -0.0131454 1.29444 -0.883423 -0.699875 -1.75312
6 -nan 1.45583 3.26038 0 -4.07059 -0.128403 1.29268 -0.874352 -0.698898 -1.75233
6 -nan 4.22646 3.01435 0 -3.06821 -0.243378 1.28897 -0.865295 -0.696587 -1.74982
6 -nan 5.99161 2.66 0 3.73006 -0.359894 1.2878 -0.856224 -0.696205 -1.74978
6 -nan 6.8672 2.20927 0 3.14534 -0.477264 1.28908 -0.847664 -0.697906 -1.7522
6 -nan 6.93316 1.67508 0 -3.77256 -0.592773 1.28719 -0.838364 -0.697067 -1.75165
6 -nan 6.19729 1.07811 0 -3.55098 -0.706039 1.28266 -0.828011 -0.693909 -1.74859
6 -nan 4.59135 0.442734 0 3.3863 -0.817841 1.28075 -0.818817 -0.693253 -1.74824
6 -nan 1.99619 -0.208611 0 3.65826 -0.927574 1.28174 -0.811432 -0.695564 -1.75089
6 -nan -1.56863 -0.854141 0 -3.46488 -1.03355 1.27979 -0.802223 -0.69503 -1.75069
6 -nan -5.31171 -1.46899 0 -3.91815 -1.13506 1.275 -0.790756 -0.691582 -1.7477
6 -nan -6.99557 -2.02904 0 3.00159 -1.23178 1.27241 -0.781212 -0.690605 -1.74706
6 -nan -5.06041 -2.51427 0 4.03761 -1.32307 1.27245 -0.77459 -0.692795 -1.74922
6 -nan -1.26794 -2.90704 0 -3.10197 -1.40836 1.27029 -0.76561 -0.692528 -1.74923
6 -nan 2.23681 -3.19141 0 -4.17529 -1.487 1.26585 -0.753548 -0.689476 -1.74699
6 -nan 4.75394 -3.35677 0 2.53293 -1.55772 1.26276 -0.743591 -0.688324 -1.74628
6 -nan 6.28641 -3.39802 0 4.29617 -1.61972 1.26137 -0.737076 -0.689735 -1.74737
6 -nan 6.95531 -3.31264 0 -2.63519 -1.67368 1.25882 -0.728394 -0.689575 -1.74737
6 -nan 6.82673 -3.1026 0 -4.36324 -1.71937 1.2551 -0.716446 -0.687531 -1.74635
6 -nan 5.88704 -2.77741 0 1.96329 -1.75483 1.25182 -0.706215 -0.686493 -1.74588
6 -nan 4.04818 -2.35102 0 4.48555 -1.77914 1.2488 -0.69915 -0.686699 -1.74564
6 -nan 1.19688 -1.83736 0 -2.04911 -1.79413 1.24554 -0.69059 -0.686325 -1.7453
6 -nan -2.53819 -1.25391 0 -4.53124 -1.8004 1.24258 -0.679329 -0.685509 -1.74554
6 -nan -6.0278 -0.624969 0 1.31855 -1.79562 1.23939 -0.669067 -0.684891 -1.74558
6 -nan -6.83663 0.0239334 0 4.65873 -1.77867 1.23486 -0.660988 -0.683868 -1.7442
6 -nan -4.18884 0.67186 0 -1.37919 -1.75232 1.23058 -0.652214 -0.682915 -1.74319
6 -nan -0.327606 1.29757 0 -4.70705 -1.71831 1.22815 -0.641922 -0.683189 -1.74437
6 -nan 2.95527 1.87493 0 0.656357 -1.67416 1.22525 -0.632011 -0.683281 -1.74516
6 -nan 5.21813 2.37992 0 4.83171 -1.61834 1.2196 -0.622787 -0.681313 -1.74305
6 -nan 6.52627 2.79755 0 -0.692451 -1.55428 1.21413 -0.61335 -0.67952 -1.74124
6 -nan 6.99692 3.11605 0 -4.88157 -1.48499 1.21182 -0.60405 -0.680534 -1.7429
6 -nan 6.67476 3.32014 0 0.0329361 -1.40791 1.20923 -0.594856 -0.681427 -1.74437
6 -nan 5.52242 3.39873 0 4.97369 -1.32085 1.20291 -0.584633 -0.678978 -1.74207
6 -nan 3.43937 3.35247 0 -0.0485382 -1.22759 1.19637 -0.574203 -0.676369 -1.73965
6 -nan 0.337868 3.1873 0 -5.01336 -1.13231 1.19376 -0.565689 -0.677658 -1.74131
6 -nan -3.50013 2.90535 0 -0.526756 -1.0323 1.19122 -0.557388 -0.679131 -1.7431
6 -nan -6.56918 2.51281 0 5.02934 -0.924652 1.18465 -0.546478 -0.676682 -1.74106
6 -nan -6.44421 2.02739 0 0.529076 -0.813126 1.17744 -0.535027 -0.673653 -1.73854
6 -nan -3.25016 1.47138 0 -5.04961 -0.702805 1.17415 -0.526939 -0.674759 -1.73976
6 -nan 0.567276 0.861298 0 -1.03465 -0.590904 1.17118 -0.519371 -0.676315 -1.74132
6 -nan 3.60776 0.215439 0 4.95253 -0.473808 1.1647 -0.508217 -0.674263 -1.73988
7 -nan 5.62589 -0.439499 0 1.05775 -0.354935 1.15737 -0.496033 -0.67141 -1.73788
7 -nan 6.71867 -1.07502 0 -4.95313 -0.239952 1.1531 -0.48793 -0.671959 -1.7384
7 -nan 6.99068 -1.67091 0 -1.52333 -0.126137 1.14922 -0.480698 -0.673042 -1.7392
7 -nan 6.46918 -2.20844 0 4.72995 -0.0093689 1.14299 -0.469711 -0.671623 -1.73846
7 -nan 5.09906 -2.66506 0 1.57902 0.107544 1.13606 -0.457336 -0.669533 -1.73748
7 -nan 2.76935 -3.02003 0 -4.72058 0.218742 1.13072 -0.448822 -0.669373 -1.73727
7 -nan -0.569092 -3.26247 0 -2.02415 0.326584 1.12555 -0.441399 -0.669525 -1.73697
7 -nan -4.42369 -3.38564 0 4.38654 0.435448 1.11951 -0.430855 -0.668709 -1.73679
7 -nan -6.90315 -3.3831 0 2.13115 0.543343 1.1133 -0.418884 -0.66777 -1.73706
7 -nan -5.85418 -3.25272 0 -4.3829 0.644577 1.10706 -0.409744 -0.667038 -1.73638
7 -nan -2.28329 -3.00119 0 -2.55034 0.740837 1.1004 -0.401619 -0.666023 -1.73491
7 -nan 1.41162 -2.63939 0 3.97333 0.836525 1.09428 -0.391556 -0.665543 -1.73492
7 -nan 4.2003 -2.17979 0 2.72334 0.930504 1.08889 -0.380486 -0.665871 -1.73637
7 -nan 5.97748 -1.63893 0 -3.99055 1.01757 1.08208 -0.370804 -0.664917 -1.73563
7 -nan 6.85828 -1.03822 0 -3.08781 1.09862 1.07397 -0.36161 -0.662735 -1.73317
7 -nan 6.9349 -0.399971 0 3.54365 1.17777 1.06743 -0.351799 -0.662216 -1.73302
7 -nan 6.21492 0.253189 0 3.32377 1.25467 1.0627 -0.341934 -0.663635 -1.73528
7 -nan 4.62033 0.896484 0 -3.59124 1.32487 1.05569 -0.332016 -0.662849 -1.73483
7 -nan 2.03482 1.50538 0 -3.59587 1.38855 1.04635 -0.321556 -0.65976 -1.73178
7 -nan -1.51833 2.05901 0 3.12795 1.44926 1.03913 -0.311668 -0.658928 -1.73126
7 -nan -5.27089 2.53831 0 3.86901 1.50713 1.03469 -0.303047 -0.661011 -1.73378
7 -nan -7.00021 2.92363 0 -3.20717 1.55876 1.02769 -0.293266 -0.660591 -1.73372
7 -nan -5.10123 3.19976 0 -4.02221 1.60394 1.01755 -0.281593 -0.657097 -1.73068
7 -nan -1.31539 3.35941 0 2.72076 1.64526 1.00961 -0.271362 -0.655907 -1.72987
7 -nan 2.19582 3.39819 0 4.29333 1.68298 1.00491 -0.263718 -0.657997 -1.73196
7 -nan 4.72691 3.31124 0 -2.82066 1.71503 0.997894 -0.254288 -0.657898 -1.73212
7 -nan 6.273 3.10014 0 -4.33057 1.74117 0.987541 -0.241791 -0.654663 -1.72976
7 -nan 6.95142 2.77652 0 2.28767 1.76269 0.979034 -0.23114 -0.65329 -1.72889
7 -nan 6.83385 2.35394 0 4.56489 1.77969 0.97345 -0.223907 -0.654724 -1.72997
7 -nan 5.90676 1.84346 0 -2.38101 1.79157 0.966202 -0.214836 -0.654671 -1.73003
7 -nan 4.07733 1.26167 0 -4.52329 1.79842 0.956238 -0.202141 -0.652321 -1.72883
7 -nan 1.23705 0.634506 0 1.78948 1.80008 0.947411 -0.191162 -0.651054 -1.72823
7 -nan -2.48566 -0.0129852 0 4.70518 1.79621 0.940498 -0.18367 -0.651352 -1.72803
7 -nan -5.99075 -0.661697 0 -1.83806 1.78764 0.932716 -0.174774 -0.651009 -1.72764
7 -nan -6.85173 -1.29018 0 -4.63895 1.77505 0.923492 -0.162544 -0.649864 -1.72771
7 -nan -4.23604 -1.87022 0 1.21003 1.75697 0.914665 -0.151482 -0.649033 -1.72765
7 -nan -0.376404 -2.37775 0 4.77297 1.73243 0.906273 -0.143173 -0.648109 -1.7263
7 -nan 2.91575 -2.79825 0 -1.1825 1.70335 0.897629 -0.134132 -0.647141 -1.72521
7 -nan 5.19566 -3.11872 0 -4.7265 1.67128 0.889175 -0.12281 -0.647133 -1.72626
7 -nan 6.51875 -3.32236 0 0.570847 1.63379 0.880646 -0.112015 -0.647011 -1.72695
7 -nan 6.99545 -3.39876 0 4.82246 1.58907 0.870956 -0.102661 -0.645149 -1.72491
7 -nan 6.6802 -3.34899 0 -0.458694 1.5397 0.861183 -0.0930557 -0.643318 -1.72301
7 -nan 5.54298 -3.17809 0 -4.81585 1.48835 0.853249 -0.082756 -0.644081 -1.72455
7 -nan 3.47496 -2.88852 0 -0.0784988 1.43203 0.845215 -0.0726242 -0.644791 -1.72594
7 -nan 0.383659 -2.48854 0 4.86916 1.36796 0.834618 -0.0623016 -0.642456 -1.72373
7 -nan -3.44985 -1.99657 0 0.260582 1.29902 0.823624 -0.0517654 -0.639771 -1.72121
7 -nan -6.54503 -1.43414 0 -4.90139 1.22907 0.815819 -0.0423203 -0.640831 -1.72272
7 -nan -6.47401 -0.818932 0 -0.688393 1.15491 0.808266 -0.0331268 -0.64222 -1.72451
7 -nan -3.30108 -0.171394 0 4.88683 1.07287 0.797165 -0.0221176 -0.63987 -1.72259
7 -nan 0.524261 0.481995 0 0.914322 0.985832 0.785141 -0.0104904 -0.636665 -1.71991
7 -nan 3.57508 1.11483 0 -4.94423 0.898727 0.777077 -0.00157928 -0.637573 -1.721
7 -nan 5.60529 1.70647 0 -1.23421 0.808449 0.769707 0.00666809 -0.639191 -1.72264
7 -nan 6.71036 2.23685 0 4.82877 0.710701 0.758461 0.0179901 -0.637177 -1.72126
8 -nan 6.99101 2.68482 0 1.48064 0.608162 0.745865 0.0305328 -0.634048 -1.71907
8 -nan 6.48013 3.03284 0 -4.89143 0.5065 0.737198 0.0393143 -0.63446 -1.71951
8 -nan 5.12521 3.26991 0 -1.72241 0.403023 0.729507 0.0469437 -0.635704 -1.72042
8 -nan 2.80737 3.38772 0 4.65495 0.293159 0.718369 0.0582275 -0.634224 -1.71966
8 -nan -0.524406 3.38078 0 1.97989 0.179276 0.705788 0.0712051 -0.631798 -1.71851
8 -nan -4.37849 3.24969 0 -4.7028 0.0673294 0.69632 0.0802231 -0.631592 -1.71829
8 -nan -6.88929 3.00011 0 -2.18008 -0.0446625 0.687798 0.0877533 -0.631935 -1.71809
8 -nan -5.89005 2.64006 0 4.35159 -0.161148 0.676895 0.0986862 -0.631004 -1.71783
8 -nan -2.3325 2.18196 0 2.45669 -0.280197 0.664909 0.111404 -0.629768 -1.71798
8 -nan 1.37085 1.64445 0 -4.37156 -0.395996 0.654633 0.12088 -0.629044 -1.71735
8 -nan 4.16786 1.04745 0 -2.63818 -0.509605 0.644897 0.128868 -0.628197 -1.71591
8 -nan 5.95835 0.410347 0 3.93882 -0.625046 0.63414 0.139336 -0.627594 -1.71584
8 -nan 6.85547 -0.243965 0 2.95101 -0.740913 0.623047 0.151253 -0.627655 -1.71718
8 -nan 6.94134 -0.888168 0 -3.92905 -0.851845 0.61216 0.161201 -0.626717 -1.7165
8 -nan 6.22726 -1.49823 0 -3.11478 -0.957924 0.601006 0.170135 -0.624649 -1.71404
8 -nan 4.64561 -2.05507 0 3.46305 -1.06258 0.590134 0.180267 -0.624039 -1.71381
8 -nan 2.07595 -2.53841 0 3.47186 -1.16496 0.579979 0.191025 -0.625191 -1.71593
8 -nan -1.46844 -2.92583 0 -3.43195 -1.26039 0.568848 0.20121 -0.624435 -1.71556
8 -nan -5.2281 -3.2021 0 -3.60152 -1.34816 0.556305 0.211357 -0.621407 -1.71249
8 -nan -6.99844 -3.36127 0 2.97594 -1.43109 0.544998 0.221466 -0.620468 -1.71188
8 -nan -5.14658 -3.39811 0 3.98637 -1.50883 0.535606 0.230965 -0.622284 -1.71423
8 -nan -1.36812 -3.30637 0 -2.9364 -1.57764 0.524574 0.240997 -0.621956 -1.71429
8 -nan 2.15739 -3.08838 0 -4.05934 -1.6364 0.51088 0.252388 -0.618439 -1.7112
8 -nan 4.70107 -2.75761 0 2.50925 -1.68735 0.498932 0.26281 -0.617081 -1.71024
8 -nan 6.25887 -2.32787 0 4.43092 -1.73058 0.489937 0.271202 -0.618988 -1.71221
8 -nan 6.94932 -1.81025 0 -2.46833 -1.7635 0.479141 0.280785 -0.619026 -1.7125
8 -nan 6.83984 -1.22244 0 -4.43243 -1.78507 0.464767 0.293167 -0.615654 -1.71003
8 -nan 5.92169 -0.591843 0 2.06055 -1.797 0.452187 0.304062 -0.614052 -1.70899
8 -nan 4.10868 0.0566711 0 4.74277 -1.7997 0.443077 0.311775 -0.615433 -1.71004
8 -nan 1.28418 0.704185 0 -2.00677 -1.79186 0.432396 0.320854 -0.615524 -1.71018
8 -nan -2.43623 1.32893 0 -4.67934 -1.77299 0.417938 0.333702 -0.612915 -1.70882
8 -nan -5.95945 1.90279 0 1.59883 -1.74419 0.404953 0.344994 -0.611412 -1.70808
8 -nan -6.86494 2.40331 0 4.8968 -1.70602 0.395164 0.352646 -0.611778 -1.70791
8 -nan -4.28522 2.81667 0 -1.49747 -1.65849 0.384308 0.361427 -0.611519 -1.70751
8 -nan -0.424164 3.12978 0 -4.79894 -1.60186 0.370346 0.374062 -0.610077 -1.70742
8 -nan 2.88329 3.32673 0 1.08638 -1.53657 0.357277 0.385506 -0.609032 -1.70728
8 -nan 5.17187 3.399 0 4.92114 -1.46305 0.346413 0.393684 -0.608215 -1.70598
8 -nan 6.50337 3.34752 0 -0.894417 -1.38242 0.33503 0.402519 -0.607269 -1.70481
8 -nan 6.9949 3.17573 0 -4.82918 -1.29577 0.321899 0.414375 -0.606987 -1.70573
8 -nan 6.69247 2.88653 0 0.504906 -1.20285 0.309105 0.425621 -0.606674 -1.70635
8 -nan 5.56288 2.48947 0 4.87606 -1.10364 0.297058 0.434692 -0.604897 -1.70435
8 -nan 3.5064 2.0015 0 -0.198013 -0.999977 0.284813 0.443993 -0.603058 -1.70236
8 -nan 0.429947 1.44135 0 -4.82107 -0.89386 0.27253 0.454834 -0.603592 -1.70379
8 -nan -3.40144 0.827286 0 -0.129372 -0.784363 0.260323 0.465469 -0.604134 -1.70513
8 -nan -6.52133 0.181412 0 4.81327 -0.67067 0.247292 0.475471 -0.601852 -1.70296
8 -nan -6.49519 -0.471123 0 0.540649 -0.554985 0.233963 0.485611 -0.599152 -1.70037
8 -nan -3.35088 -1.10627 0 -4.80817 -0.440216 0.22226 0.495529 -0.599991 -1.70174
8 -nan 0.476242 -1.70161 0 -0.772484 -0.324966 0.210854 0.505219 -0.601273 -1.70353
8 -nan 3.54238 -2.23436 0 4.74873 -0.207321 0.197197 0.515915 -0.598969 -1.70164
8 -nan 5.585 -2.68391 0 1.2487 -0.0895462 0.182747 0.527122 -0.595695 -1.6989
8 -nan 6.70087 -3.03459 0 -4.78843 0.0244904 0.171257 0.536423 -0.596382 -1.69982
8 -nan 6.99438 -3.27337 0 -1.37653 0.136467 0.160629 0.545029 -0.598022 -1.70153
8 -nan 6.493 -3.38924 0 4.66252 0.249496 0.146729 0.556068 -0.596046 -1.7002
9 -nan 5.14513 -3.37775 0 1.86899 0.361465 0.131401 0.568291 -0.592743 -1.69788
9 -nan 2.84209 -3.24209 0 -4.72519 0.46759 0.119789 0.577347 -0.592987 -1.6982
9 -nan -0.472107 -2.98707 0 -1.9128 0.569618 0.109627 0.58503 -0.594391 -1.69923
9 -nan -4.33018 -2.61907 0 4.51564 0.671776 0.0957947 0.596069 -0.592903 -1.69846
9 -nan -6.87842 -2.15237 0 2.38415 0.772209 0.0800858 0.608925 -0.590225 -1.69717
9 -nan -5.92445 -1.60874 0 -4.56589 0.865463 0.0681 0.618073 -0.589928 -1.69692
9 -nan -2.38631 -1.0078 0 -2.38106 0.953094 0.0578918 0.625313 -0.590477 -1.6968
9 -nan 1.32552 -0.367401 0 4.27061 1.04016 0.0443344 0.636078 -0.58947 -1.69646
9 -nan 4.14162 0.2882 0 2.81821 1.12518 0.028862 0.648949 -0.587921 -1.69647
9 -nan 5.94337 0.929733 0 -4.26944 1.20241 0.0163803 0.658417 -0.587173 -1.69587
9 -nan 6.84617 1.53441 0 -2.80457 1.27296 0.00556946 0.665855 -0.586494 -1.69445
9 -nan 6.94357 2.0854 0 3.90968 1.34229 -0.00765228 0.676201 -0.585777 -1.69429
9 -nan 6.24391 2.56205 0 3.21814 1.40942 -0.0223389 0.688446 -0.585541 -1.6955
9 -nan 4.67307 2.94153 0 -3.82923 1.46877 -0.0352631 0.698296 -0.584625 -1.69489
9 -nan 2.11546 3.21043 0 -3.21645 1.52077 -0.0470963 0.706497 -0.582657 -1.69238
9 -nan -1.41697 3.36447 0 3.44607 1.57082 -0.0600815 0.716476 -0.58194 -1.69207
9 -nan -5.18777 3.39774 0 3.62501 1.61858 -0.0736694 0.727631 -0.58284 -1.69408
9 -nan -7.00194 3.30378 0 -3.28079 1.65898 -0.0867691 0.737679 -0.5821 -1.69378
9 -nan -5.18707 3.08588 0 -3.64095 1.69174 -0.0998306 0.747009 -0.579117 -1.69066
9 -nan -1.41729 2.75729 0 2.92165 1.72176 -0.112846 0.756866 -0.578087 -1.68996
9 -nan 2.11661 2.33003 0 4.04866 1.74928 -0.125267 0.766747 -0.579681 -1.69219
9 -nan 4.67507 1.815 0 -2.6887 1.77013 -0.138176 0.776642 -0.579384 -1.69233
9 -nan 6.244 1.23032 0 -4.07409 1.78337 -0.152412 0.787209 -0.575867 -1.68919
9 -nan 6.94359 0.602081 0 2.38799 1.79309 -0.165756 0.797287 -0.574387 -1.68812
9 -nan 6.84755 -0.0463715 0 4.45791 1.79999 -0.177185 0.805984 -0.576118 -1.68997
9 -nan 5.94248 -0.695137 0 -2.11526 1.80087 -0.189583 0.815361 -0.576241 -1.69036
9 -nan 4.13721 -1.32112 0 -4.47514 1.79458 -0.204727 0.827003 -0.572792 -1.68781
9 -nan 1.32384 -1.89722 0 1.87988 1.78411 -0.218567 0.83757 -0.570992 -1.68662
9 -nan -2.38354 -2.40157 0 4.79262 1.77023 -0.229347 0.845398 -0.572296 -1.68763
9 -nan -5.92271 -2.8182 0 -1.58546 1.7509 -0.24115 0.854118 -0.572517 -1.68784
9 -nan -6.87839 -3.13197 0 -4.7825 1.72523 -0.256744 0.866417 -0.569725 -1.68636
9 -nan -4.33058 -3.32821 0 1.39859 1.69492 -0.271027 0.877487 -0.567978 -1.68547
9 -nan -0.473999 -3.39944 0 4.99519 1.66039 -0.281631 0.884956 -0.568382 -1.68534
9 -nan 2.84251 -3.3448 0 -1.07318 1.62085 -0.293037 0.893204 -0.568237 -1.68496
9 -nan 5.14931 -3.16629 0 -4.94978 1.57612 -0.308495 0.905556 -0.566528 -1.68471
9 -nan 6.49529 -2.86928 0 0.915024 1.52649 -0.322952 0.916908 -0.565254 -1.6845
9 -nan 6.99306 -2.46566 0 5.04545 1.4718 -0.33387 0.924591 -0.56456 -1.68328
9 -nan 6.69914 -1.97141 0 -0.524345 1.41245 -0.345222 0.932732 -0.563675 -1.68206
9 -nan 5.58381 -1.40405 0 -4.9747 1.34922 -0.359962 0.944504 -0.563133 -1.68285
9 -nan 3.5405 -0.784729 0 0.390388 1.28117 -0.374153 0.955704 -0.562653 -1.68346
9 -nan 0.476036 -0.137856 0 4.97279 1.20737 -0.385719 0.964027 -0.560982 -1.68149
9 -nan -3.34884 0.513039 0 0.0991287 1.12921 -0.397385 0.972481 -0.559166 -1.67943
9 -nan -6.4963 1.14606 0 -4.8975 1.04852 -0.411095 0.983292 -0.559471 -1.68073
9 -nan -6.52391 1.73711 0 -0.196991 0.963577 -0.424637 0.993927 -0.559883 -1.68208
9 -nan -3.40121 2.26219 0 4.83399 0.872559 -0.436943 1.00309 -0.557648 -1.6799
9 -nan 0.431229 2.70331 0 0.789169 0.777481 -0.449265 1.01227 -0.554955 -1.67725
9 -nan 3.50885 3.04749 0 -4.77325 0.68129 -0.461975 1.02211 -0.55558 -1.67849
9 -nan 5.56582 3.28063 0 -0.834625 0.582008 -0.474518 1.03181 -0.556793 -1.68029
9 -nan 6.69257 3.39082 0 4.67734 0.476845 -0.487396 1.04169 -0.554489 -1.6784
9 -nan 6.99296 3.37556 0 1.49474 0.368088 -0.500572 1.05186 -0.551193 -1.6756
9 -nan 6.50346 3.23952 0 -4.63979 0.259796 -0.512543 1.061 -0.551666 -1.67637
9 -nan 5.17217 2.98593 0 -1.48013 0.150208 -0.523865 1.06954 -0.553307 -1.67812
