0 -nan 7 3.4 0 5.09995 1.8 -1.3 -2.5 -0.800003 -1.8
0.570776 -nan -1.8839 2.97004 0 -1.24223 -0.258537 -1.22839 -2.4848 -0.798431 -1.79887
1.14155 -nan 0.849998 1.78931 0 -4.07864 -1.30904 -1.02489 -2.44057 -0.795219 -1.79707
1.71233 -nan 6.79098 0.156075 0 4.39308 1.56568 -0.719582 -2.37032 -0.793472 -1.7978
2.28311 -nan -4.66838 -1.52337 0 0.381371 0.794624 -0.350792 -2.2695 -0.787346 -1.7949
2.85388 -nan 3.10415 -2.81647 0 -5.10869 -1.79993 0.0394135 -2.14066 -0.779091 -1.79074
3.42466 -nan 6.14797 -3.38689 0 1.90643 0.876938 0.41613 -1.9819 -0.76667 -1.78365
3.99543 -nan -6.64184 -3.09244 0 2.57131 1.51914 0.745567 -1.80242 -0.757065 -1.77988
4.56621 -nan 4.81024 -2.00399 0 -4.38911 -1.38526 1.0087 -1.59821 -0.744987 -1.7743
5.13699 -nan 5.04823 -0.403793 0 -0.30249 -0.159645 1.1902 -1.3713 -0.730095 -1.76635
5.70776 -nan -6.81842 1.29159 0 4.96074 1.79771 1.28663 -1.12216 -0.714287 -1.75919
6.27854 -nan 5.99777 2.66051 0 -3.80425 -0.361572 1.29045 -0.8564 -0.698227 -1.7523
6.84932 -nan 3.43533 3.35601 0 -1.99184 -1.23064 1.2002 -0.576065 -0.680092 -1.74352
7.42009 -nan -5.09314 3.20062 0 4.65615 1.60419 1.01838 -0.282341 -0.657928 -1.73138
7.99087 -nan 6.71131 2.23908 0 -0.74334 0.707626 0.755615 0.0204086 -0.634537 -1.71913
8.56164 -nan 1.27229 0.709129 0 -3.65366 -1.79124 0.429214 0.324074 -0.613243 -1.70892
9.13242 -nan -2.37554 -1.00554 0 4.43066 0.954132 0.0572357 0.626076 -0.59037 -1.697
9.7032 -nan 6.99223 -2.46452 0 1.74764 1.47153 -0.332413 0.923058 -0.564735 -1.68277
10.274 -nan -1.37698 -3.29598 0 -5.18806 -1.4553 -0.705238 1.21239 -0.538284 -1.6696
10.8447 -nan 0.393333 -3.28397 0 2.92519 -0.057579 -1.01585 1.48412 -0.512032 -1.65641
11.4155 -nan 6.8595 -2.42762 0 2.92038 1.79375 -1.22367 1.73255 -0.484001 -1.64093
11.9863 -nan -4.19632 -0.953575 0 -4.18449 -0.462631 -1.29918 1.95366 -0.452759 -1.62252
12.5571 -nan 2.74287 0.757866 0 -0.123505 -1.14317 -1.23281 2.1438 -0.420929 -1.60445
13.1279 -nan 6.29692 2.27842 0 4.60346 1.64127 -1.03619 2.2964 -0.392082 -1.58842
13.6986 -nan -6.39584 3.21882 0 -3.30932 0.62365 -0.734749 2.40782 -0.361366 -1.57018
14.2694 -nan 4.54282 3.34328 0 -2.95766 -1.77438 -0.368225 2.47527 -0.329109 -1.55013
14.8402 -nan 5.28103 2.62655 0 4.49821 1.03087 0.0231857 2.50164 -0.295708 -1.53155
15.411 -nan -6.94281 1.24165 0 -1.42673 1.42196 0.399223 2.47999 -0.263145 -1.51173
15.9817 -nan 5.82078 -0.4608 0 -4.33743 -1.52031 0.731194 2.41239 -0.230186 -1.49068
16.5525 -nan 3.76051 -2.04539 0 3.78506 0.0440063 0.998566 2.29861 -0.19352 -1.46568
17.1233 -nan -5.50743 -3.11281 0 1.4458 1.78201 1.18642 2.14709 -0.158852 -1.44322
17.6941 -nan 6.61691 -3.38353 0 -5.04144 -0.562836 1.28498 1.95988 -0.126472 -1.42152
18.2648 -nan 1.7013 -2.78353 0 1.80058 -1.05794 1.29021 1.73918 -0.0934067 -1.39775
18.8356 -nan -2.88718 -1.47319 0 3.66504 1.67213 1.20274 1.49009 -0.0584564 -1.37231
19.4064 -nan 6.97564 0.208443 0 -4.67602 0.533905 1.02839 1.2204 -0.0231476 -1.34869
19.9772 -nan -0.874863 1.8372 0 0.299339 -1.75426 0.77079 0.93399 0.0103683 -1.32339
20.5479 -nan -0.0803299 2.99847 0 5.00433 1.10254 0.44529 0.6362 0.0439377 -1.29706
21.1187 -nan 6.91148 3.39873 0 -2.55255 1.36339 0.0693436 0.328751 0.0807724 -1.26636
21.6895 -nan -3.70746 2.94371 0 -1.97178 -1.57919 -0.319878 0.0251083 0.113312 -1.24034
22.2603 -nan 2.36012 1.742 0 4.49744 0.141541 -0.691132 -0.275414 0.145813 -1.21287
22.8311 -nan 6.42848 0.0953445 0 -0.315521 1.76782 -1.0005 -0.566643 0.176422 -1.18405
23.4018 -nan -6.09557 -1.57436 0 -4.66187 -0.662003 -1.21505 -0.850319 0.210709 -1.15427
23.9726 -nan 4.26326 -2.84834 0 4.2931 -0.967094 -1.29997 -1.11813 0.243362 -1.12524
24.5434 -nan 5.49915 -3.3943 0 1.37994 1.70426 -1.24224 -1.36709 0.274445 -1.09564
25.1142 -nan -6.99665 -3.06721 0 -4.79031 0.442276 -1.04908 -1.5955 0.305458 -1.06303
25.6849 -nan 5.6301 -1.95835 0 1.41903 -1.72093 -0.749916 -1.80298 0.337685 -1.02921
26.2557 -nan 4.07174 -0.350067 0 3.14729 1.1727 -0.387207 -1.98498 0.366898 -0.998634
26.8265 -nan -5.88656 1.34522 0 -4.71708 1.30762 0.000930786 -2.14008 0.394356 -0.967293
27.3973 -nan 6.50549 2.69471 0 -1.08437 -1.62885 0.377151 -2.2673 0.420715 -0.934242
27.968 -nan 2.1097 3.36333 0 5.11501 0.238983 0.714813 -2.37107 0.450439 -0.900459
28.5388 -nan -3.39619 3.1824 0 -3.47744 1.75338 0.987083 -2.44531 0.477699 -0.867516
29.1096 -nan 6.94263 2.19463 0 -2.46723 -0.759895 1.17906 -2.48927 0.502747 -0.834259
29.6804 -nan -0.383003 0.651947 0 4.42712 -0.872017 1.28146 -2.50202 0.527641 -0.797211
30.2511 -nan -0.562721 -1.05762 0 -0.628235 1.72852 1.29203 -2.48712 0.552811 -0.760765
30.8219 -nan 6.95446 -2.50361 0 -4.23151 0.348099 1.20984 -2.44357 0.575294 -0.726669
31.3927 -nan -3.20264 -3.3092 0 3.77406 -1.68429 1.03735 -2.36992 0.595375 -0.692146
31.9635 -nan 1.95995 -3.26457 0 2.44214 1.23566 0.78231 -2.26694 0.615234 -0.655548
32.5342 -nan 6.54784 -2.38669 0 -4.5587 1.24528 0.459885 -2.13884 0.637611 -0.618942
33.105 -nan -5.74749 -0.897629 0 1.9861 -1.67802 0.0898438 -1.98327 0.656761 -0.583183
33.6758 -nan 3.9623 0.817673 0 3.96423 0.333817 -0.299873 -1.80092 0.673782 -0.5467
34.2466 -nan 5.69732 2.31978 0 -4.25218 1.72996 -0.675011 -1.59107 0.690277 -0.506477
34.8174 -nan -6.98381 3.23647 0 -0.658936 -0.858978 -0.991341 -1.3614 0.706635 -0.468376
35.3881 -nan 5.423 3.3348 0 4.8829 -0.776627 -1.2086 -1.11303 0.720406 -0.432152
35.9589 -nan 4.36588 2.58731 0 -2.34195 1.74854 -1.29705 -0.846062 0.73175 -0.395058
36.5297 -nan -6.21615 1.1862 0 -3.19923 0.253365 -1.24486 -0.56292 0.743103 -0.356148
37.1005 -nan 6.38574 -0.517014 0 4.81884 -1.64081 -1.06207 -0.268669 0.757103 -0.317612
37.6712 -nan 2.50224 -2.0941 0 -0.965202 1.30021 -0.76944 0.0329208 0.76667 -0.279396
38.242 -nan -3.8964 -3.13828 0 -4.80352 1.1817 -0.407944 0.337715 0.774719 -0.241257
38.8128 -nan 6.89507 -3.37684 0 3.17361 -1.71608 -0.014534 0.645309 0.781395 -0.198456
39.3836 -nan 0.0967102 -2.7523 0 1.33852 0.430367 0.363861 0.94278 0.788094 -0.160362
39.9543 -nan -1.06141 -1.42285 0 -4.51054 1.70646 0.701607 1.22894 0.793022 -0.121933
40.5251 -nan 6.98056 0.267525 0 0.935669 -0.948708 0.973419 1.49606 0.793945 -0.0841675
41.0959 -nan -2.69367 1.88383 0 4.28275 -0.678116 1.17105 1.74549 0.797684 -0.0434952
41.6667 -nan 1.54532 3.02442 0 -4.67697 1.76826 1.28032 1.96666 0.800362 -0.00419617
42.2374 -nan 6.6534 3.39978 0 -0.749001 0.157875 1.29642 2.15424 0.801041 0.0340881
42.8082 -nan -5.35383 2.9136 0 4.826 -1.58852 1.21691 2.3038 0.798103 0.0744858
43.379 -nan 3.64725 1.69389 0 -2.07241 1.3603 1.04757 2.4138 0.795044 0.116348
43.9498 -nan 5.88406 0.0406876 0 -2.59035 1.11074 0.798492 2.48 0.792007 0.154732
44.5205 -nan -6.90214 -1.626 0 4.9175 -1.74773 0.480232 2.49986 0.786636 0.192551
45.0913 -nan 5.19739 -2.87757 0 0.390945 0.519508 0.112419 2.47218 0.778107 0.230644
45.6621 -nan 4.6414 -3.39589 0 -4.91924 1.67711 -0.278313 2.40341 0.772324 0.271118
46.2329 -nan -6.49827 -3.04239 0 3.9635 -1.04276 -0.654167 2.29051 0.764687 0.309891
46.8037 -nan 6.24757 -1.90827 0 1.96339 -0.581657 -0.974632 2.13728 0.755775 0.347504
47.3744 -nan 2.87477 -0.291954 0 -4.5848 1.78103 -1.19964 1.94334 0.742088 0.388184
47.9452 -nan -4.37723 1.39571 0 1.36344 0.0558243 -1.29763 1.71957 0.729675 0.428116
48.516 -nan 6.83659 2.72951 0 3.77401 -1.53059 -1.25327 1.47014 0.716972 0.466103
49.0868 -nan 0.565483 3.37055 0 -4.17926 1.41323 -1.07262 1.1992 0.702011 0.502281
49.6575 -nan -1.56693 3.15836 0 -1.84081 1.03863 -0.782364 0.910912 0.685089 0.540009
50.2283 -nan 6.99763 2.15074 0 4.53326 -1.77239 -0.422325 0.61264 0.669846 0.579147
50.7991 -nan -2.18168 0.594597 0 -2.51291 0.610664 -0.0331421 0.309753 0.653336 0.61631
51.3699 -nan 1.11043 -1.11607 0 -3.52395 1.64654 0.347084 0.00621796 0.634567 0.652618
51.9406 -nan 6.74129 -2.54222 0 4.64503 -1.13154 0.689682 -0.29657 0.611969 0.691597
52.5114 -nan -4.92758 -3.32275 0 -0.154152 -0.476776 0.968185 -0.589577 0.590836 0.729401
53.0822 -nan 3.31103 -3.25099 0 -4.65166 1.79212 1.16637 -0.868248 0.569778 0.764381
53.653 -nan 6.05419 -2.3429 0 2.85191 -0.0406952 1.27557 -1.13119 0.546249 0.798355
54.2237 -nan -6.75201 -0.840759 0 2.64865 -1.46507 1.29385 -1.37817 0.521065 0.834183
54.7945 -nan 4.96107 0.872711 0 -4.88463 1.46651 1.22246 -1.60621 0.497742 0.870644
55.3653 -nan 4.90192 2.36414 0 1.60681 0.96608 1.05929 -1.81007 0.472702 0.904976
55.9361 -nan -6.7206 3.25496 0 4.53198 -1.78928 0.812851 -1.98928 0.446037 0.938591
56.5069 -nan 6.09594 3.32278 0 -3.73335 0.700287 0.493179 -2.14486 0.415146 0.975006
57.0776 -nan 3.23054 2.55264 0 -0.662376 1.60868 0.12709 -2.27257 0.387604 1.00829
57.6484 -nan -4.84145 1.13415 0 4.47299 -1.21604 -0.261948 -2.37216 0.359192 1.04058
58.2192 -nan 6.76044 -0.574127 0 -1.52438 -0.378181 -0.637001 -2.44068 0.329208 1.07034
58.79 -nan 1.01643 -2.13743 0 -3.77874 1.79671 -0.962151 -2.48473 0.298378 1.10358
59.3607 -nan -2.07873 -3.15938 0 4.95918 -0.14225 -1.1933 -2.50009 0.268127 1.13568
59.9315 -nan 7.0003 -3.37111 0 0.103943 -1.39963 -1.29747 -2.4856 0.237892 1.16593
60.5023 -nan -1.66979 -2.71662 0 -4.80017 1.5138 -1.25788 -2.44006 0.204567 1.19607
61.0731 -nan 0.664742 -1.37193 0 2.677 0.884819 -1.08171 -2.36639 0.169342 1.22796
61.6438 -nan 6.81873 0.322868 0 1.99728 -1.799 -0.796318 -2.26566 0.137375 1.25668
62.2146 -nan -4.46909 1.93246 0 -5.04211 0.783012 -0.438286 -2.13676 0.105087 1.2841
62.7854 -nan 2.95574 3.04774 0 0.315674 1.56703 -0.0493622 -1.97901 0.0718079 1.30939
63.3562 -nan 6.20998 3.39541 0 4.59702 -1.2958 0.332932 -1.79882 0.0372086 1.3389
63.9269 -nan -6.54354 2.88364 0 -4.37877 -0.276306 0.675369 -1.59418 0.00361633 1.36588
64.4977 -nan 4.70399 1.64001 0 -1.43822 1.80104 0.954987 -1.36814 -0.0286331 1.39103
65.0685 -nan 5.14281 -0.0175934 0 4.65169 -0.243584 1.15839 -1.11676 -0.065567 1.41698
65.6393 -nan -6.87967 -1.6749 0 -2.06043 -1.32226 1.27445 -0.849571 -0.101089 1.44272
66.21 -nan 5.92973 -2.90948 0 -3.25765 1.5603 1.29803 -0.568703 -0.135071 1.4669
66.7808 -nan 3.56978 -3.39776 0 4.52242 0.805984 1.22662 -0.276878 -0.167305 1.48757
67.3516 -nan -5.27418 -3.01389 0 1.21515 -1.79763 1.06535 0.0246429 -0.201469 1.50913
67.9224 -nan 6.67583 -1.86111 0 -4.37569 0.865326 0.823509 0.32972 -0.235878 1.5324
68.4931 -nan 1.45334 -0.233177 0 2.98782 1.5266 0.511185 0.632935 -0.268639 1.55373
69.0639 -nan -2.59451 1.45165 0 3.03726 -1.37101 0.14653 0.930283 -0.300697 1.57303
69.6347 -nan 6.98763 2.76327 0 -4.93319 -0.173691 -0.246025 1.21972 -0.335587 1.59299
70.2055 -nan -1.16627 3.37892 0 0.955818 1.79932 -0.625763 1.49128 -0.368546 1.61253
70.7763 -nan 0.198593 3.13991 0 4.32843 -0.345276 -0.952324 1.7392 -0.399155 1.62988
71.347 -nan 6.8799 2.10385 0 -3.33386 -1.24335 -1.1842 1.95782 -0.427681 1.64402
71.9178 -nan -3.98878 0.537628 0 -2.05277 1.59781 -1.29259 2.14627 -0.457764 1.65965
72.4886 -nan 2.58684 -1.16875 0 4.8218 0.722076 -1.26186 2.29985 -0.487915 1.67677
73.0594 -nan 6.35253 -2.58231 0 -2.21667 -1.7943 -1.09337 2.41141 -0.515717 1.69146
73.6301 -nan -6.27306 -3.3349 0 -4.17169 0.942764 -0.811699 2.47839 -0.542015 1.70412
74.2009 -nan 4.43392 -3.23344 0 4.22845 1.47738 -0.452789 2.50085 -0.570374 1.7177
74.7717 -nan 5.36948 -2.3041 0 -0.0316391 -1.44442 -0.0642624 2.47781 -0.595695 1.73007
75.3425 -nan -6.97458 -0.785835 0 -4.3511 -0.0733414 0.317413 2.40897 -0.618759 1.74062
75.9132 -nan 5.74415 0.928207 0 2.10077 1.79136 0.660202 2.29416 -0.638542 1.7476
76.484 -nan 3.88924 2.40279 0 3.22038 -0.445625 0.944412 2.14148 -0.660782 1.75751
77.0548 -nan -5.67619 3.2709 0 -5.12707 -1.161 1.15164 1.95348 -0.681709 1.76723
77.6256 -nan 6.57538 3.31016 0 0.54361 1.63669 1.27107 1.73277 -0.699799 1.77464
78.1963 -nan 1.87234 2.51204 0 4.67921 0.636948 1.29776 1.4824 -0.716469 1.78027
78.7671 -nan -3.10284 1.081 0 -3.23335 -1.77959 1.23174 1.20934 -0.733864 1.78686
79.3379 -nan 6.96394 -0.629753 0 -1.38225 1.02173 1.07539 0.922768 -0.747948 1.79176
79.9087 -nan -0.66713 -2.18301 0 5.08603 1.42749 0.835136 0.625237 -0.759674 1.79491
80.4794 -nan -0.280739 -3.17703 0 -1.0249 -1.50588 0.521973 0.320992 -0.767372 1.7944
81.0502 -nan 6.9303 -3.36153 0 -4.16679 0.0271683 0.158646 0.0166397 -0.778824 1.79855
81.621 -nan -3.49461 -2.68193 0 4.70857 1.78429 -0.230392 -0.283463 -0.786957 1.80019
82.1918 -nan 2.19573 -1.31474 0 0.876144 -0.544197 -0.608391 -0.573647 -0.792961 1.80079
82.7626 -nan 6.47778 0.381142 0 -4.64348 -1.07343 -0.940109 -0.856987 -0.796593 1.79903
83.3333 -nan -5.95261 1.97901 0 2.68344 1.67109 -1.17955 -1.12386 -0.79966 1.79788
83.9041 -nan 4.14469 3.07586 0 2.68317 0.546608 -1.29452 -1.37224 -0.801109 1.79606
84.4749 -nan 5.57966 3.39183 0 -4.78928 -1.75708 -1.26566 -1.59759 -0.79776 1.79036
85.0457 -nan -6.99738 2.85087 0 -0.523376 1.0919 -1.10064 -1.80223 -0.793312 1.78429
85.6164 -nan 5.54833 1.5909 0 4.14851 1.37235 -0.825356 -1.98461 -0.790344 1.78055
86.1872 -nan 4.19437 -0.0764771 0 -3.40086 -1.56831 -0.47393 -2.14034 -0.785088 1.77534
86.758 -nan -6.0357 -1.72829 0 -2.50217 0.124001 -0.0876694 -2.26825 -0.776955 1.76797
87.3288 -nan 6.46108 -2.93832 0 5.12939 1.77102 0.298843 -2.37038 -0.76619 1.75901
87.8995 -nan 2.27198 -3.40069 0 -1.7298 -0.647263 0.646965 -2.44403 -0.755432 1.75072
88.4703 -nan -3.60976 -2.98996 0 -3.9441 -0.983208 0.933914 -2.48809 -0.743019 1.74139
89.0411 -nan 6.9233 -1.81137 0 3.75957 1.69827 1.14185 -2.49984 -0.726021 1.72797
89.6119 -nan -0.180557 -0.177101 0 1.40678 0.455284 1.26545 -2.48476 -0.709084 1.71558
90.1826 -nan -0.77179 1.50086 0 -4.67805 -1.72816 1.29849 -2.4426 -0.693054 1.70466
90.7534 -nan 6.96777 2.79853 0 2.77496 1.16217 1.23801 -2.37135 -0.675781 1.69275
91.3242 -nan -2.98666 3.38444 0 3.74539 1.31589 1.08485 -2.26963 -0.654831 1.67782
91.895 -nan 1.79301 3.11705 0 -4.63151 -1.62229 0.846481 -2.13982 -0.631905 1.66216
92.4658 -nan 6.5912 2.06139 0 0.723236 0.225494 0.537567 -1.98447 -0.60952 1.64702
93.0365 -nan -5.58437 0.480873 0 4.17001 1.75533 0.175797 -1.80311 -0.585724 1.63047
93.6073 -nan 3.8347 -1.2225 0 -2.61945 -0.743408 -0.212738 -1.59513 -0.558289 1.61027
94.1781 -nan 5.77325 -2.61694 0 -2.56245 -0.888702 -0.593956 -1.36633 -0.531685 1.59205
94.7489 -nan -6.95683 -3.34539 0 5.18706 1.72559 -0.926613 -1.11853 -0.505646 1.57449
95.3196 -nan 5.33401 -3.21382 0 -1.18001 0.364952 -1.16952 -0.853157 -0.478775 1.55572
95.8904 -nan 4.47999 -2.25848 0 -4.47839 -1.69204 -1.29008 -0.569847 -0.448189 1.53387
96.4612 -nan -6.34457 -0.730896 0 3.71258 1.23042 -1.27108 -0.273491 -0.41642 1.51202
97.032 -nan 6.33344 0.982674 0 0.751282 1.25364 -1.11365 0.0280914 -0.386002 1.49044
97.6027 -nan 2.65704 2.44464 0 -5.04428 -1.66958 -0.841293 0.332939 -0.354828 1.46761
98.1735 -nan -4.10128 3.283 0 1.72279 0.320557 -0.4888 0.637413 -0.320549 1.44083
98.7443 -nan 6.87301 3.29598 0 3.62157 1.73303 -0.102409 0.936607 -0.288399 1.41793
99.3151 -nan 0.294373 2.47392 0 -4.95857 -0.841026 0.281746 1.22374 -0.255821 1.39368
99.8858 -nan -1.27663 1.02182 0 -0.304855 -0.79615 0.629135 1.49207 -0.224815 1.3697
100.457 -nan 6.98982 -0.68766 0 4.52464 1.74728 0.921722 1.74216 -0.188164 1.34113
101.027 -nan -2.47815 -2.22695 0 -3.25832 0.267616 1.13737 1.96397 -0.153198 1.31391
101.598 -nan 1.36894 -3.20132 0 -2.07428 -1.64987 1.26612 2.15259 -0.119255 1.287
102.169 -nan 6.68836 -3.35207 0 4.98541 1.29146 1.29966 2.30092 -0.0852127 1.25736
102.74 -nan -5.1741 -2.64436 0 -0.171501 1.18699 1.24063 2.40958 -0.0496216 1.22643
103.311 -nan 3.51128 -1.26328 0 -3.79209 -1.70851 1.09383 2.477 -0.0155716 1.19788
103.881 -nan 5.95457 0.439148 0 3.76663 0.415039 0.862839 2.49844 0.0175247 1.16901
104.452 -nan -6.84545 2.02774 0 1.93499 1.70961 0.559166 2.4728 0.0499344 1.13906
105.023 -nan 5.10623 3.0988 0 -5.20087 -0.935463 0.197174 2.40194 0.0868607 1.10554
105.594 -nan 4.74836 3.38936 0 2.46062 -0.695831 -0.190994 2.28827 0.120743 1.07395
106.164 -nan -6.60211 2.82288 0 3.48774 1.76781 -0.573685 2.13425 0.153778 1.04237
106.735 -nan 6.18717 1.53918 0 -4.14806 0.170975 -0.908394 1.93988 0.185593 1.00768
107.306 -nan 3.02176 -0.132324 0 -0.728821 -1.59677 -1.15859 1.71567 0.218712 0.973618
107.877 -nan -4.57801 -1.77467 0 4.43484 1.35148 -1.28789 1.46561 0.250908 0.940308
108.447 -nan 6.80852 -2.96873 0 -3.28803 1.12212 -1.27676 1.19583 0.280281 0.908508
109.018 -nan 0.756325 -3.3997 0 -3.24526 -1.74131 -1.12518 0.907295 0.310829 0.87339
109.589 -nan -1.78228 -2.96108 0 4.93517 0.50827 -0.856163 0.606682 0.343384 0.836708
110.16 -nan 7.00117 -1.7646 0 -1.41036 1.68209 -0.507103 0.302322 0.373856 0.801315
110.731 -nan -1.96565 -0.118355 0 -3.92507 -1.02747 -0.120049 -0.00115967 0.401711 0.766212
111.301 -nan 0.927017 1.55223 0 3.10669 -0.595757 0.266426 -0.301376 0.428627 0.728447
111.872 -nan 6.77206 2.82783 0 1.88492 1.77889 0.619179 -0.593903 0.456863 0.691078
112.443 -nan -4.73428 3.38938 0 -5.14078 0.0730667 0.912201 -0.872833 0.4832 0.65554
113.014 -nan 3.16673 3.09173 0 1.79769 -1.54269 1.12866 -1.1352 0.507072 0.620308
113.584 -nan 6.11844 2.01248 0 4.1965 1.40612 1.26001 -1.38187 0.53196 0.581757
114.155 -nan -6.67187 0.42469 0 -4.11257 1.04928 1.30119 -1.61015 0.558144 0.542381
114.726 -nan 4.86123 -1.2767 0 -0.12719 -1.76977 1.24813 -1.81363 0.581093 0.504951
115.297 -nan 5.0011 -2.65554 0 4.9339 0.59845 1.10302 -1.99168 0.601715 0.467148
115.868 -nan -6.79427 -3.353 0 -2.38714 1.64671 0.870979 -2.14333 0.620834 0.426735
116.438 -nan 6.0303 -3.19453 0 -3.0007 -1.11543 0.56987 -2.27117 0.641373 0.388443
117.009 -nan 3.37155 -2.21626 0 5.11008 -0.495644 0.21344 -2.37093 0.660072 0.350449
117.58 -nan -5.03242 -0.670181 0 -0.282913 1.78998 -0.170914 -2.44105 0.675575 0.314163
118.151 -nan 6.72968 1.03872 0 -4.34208 -0.0258942 -0.556648 -2.48414 0.693108 0.272713
118.721 -nan 1.19886 2.48402 0 3.71486 -1.47946 -0.89769 -2.4989 0.709511 0.232834
119.292 -nan -2.2962 3.3017 0 1.43603 1.46142 -1.15336 -2.48499 0.724594 0.193901
119.863 -nan 6.99579 3.28114 0 -5.09458 0.975006 -1.28539 -2.43876 0.735245 0.154655
120.434 -nan -1.45707 2.43295 0 0.898102 -1.78465 -1.27731 -2.36436 0.745987 0.113899
121.005 -nan 0.471283 0.96978 0 3.38116 0.686577 -1.13223 -2.26501 0.75769 0.074852
121.575 -nan 6.84496 -0.744217 0 -4.0499 1.61368 -0.868973 -2.13809 0.767342 0.0367661
122.146 -nan -4.26463 -2.2718 0 -1.3404 -1.19819 -0.523872 -1.98392 0.774147 -0.000534058
122.717 -nan 2.8083 -3.21905 0 5.17451 -0.394241 -0.134857 -1.80269 0.782738 -0.0426941
123.288 -nan 6.26875 -3.3439 0 -3.11797 1.79827 0.252327 -1.59873 0.78933 -0.0821533
123.858 -nan -6.43645 -2.61057 0 -2.98093 -0.126396 0.606262 -1.37314 0.795006 -0.120758
124.429 -nan 4.59623 -1.20879 0 4.45918 -1.40968 0.900391 -1.12389 0.79483 -0.159943
125 -nan 5.23446 0.494354 0 0.0346909 1.50793 1.12138 -0.857971 0.796913 -0.199928
125.571 -nan -6.92787 2.07092 0 -4.11265 0.896782 1.25677 -0.578041 0.798538 -0.238907
126.142 -nan 5.85638 3.12276 0 3.7328 -1.79691 1.30034 -0.288666 0.798492 -0.27504
126.712 -nan 3.70341 3.38171 0 2.68922 0.769638 1.25029 0.0117798 0.796013 -0.31366
127.283 -nan -5.45152 2.78854 0 -5.12486 1.57384 1.10995 0.317909 0.793884 -0.354034
127.854 -nan 6.63956 1.48929 0 2.06026 -1.28275 0.88501 0.62249 0.791176 -0.393059
128.425 -nan 1.62793 -0.191246 0 3.6126 -0.293144 0.585724 0.920143 0.785706 -0.430367
128.995 -nan -2.80885 -1.82328 0 -3.52162 1.79862 0.228172 1.20731 0.776138 -0.46846
129.566 -nan 6.97869 -2.99409 0 -1.14603 -0.228592 -0.159073 1.47925 0.768539 -0.506889
130.137 -nan -0.954788 -3.39968 0 4.98977 -1.3371 -0.543137 1.72875 0.760551 -0.54393
130.708 -nan -0.00310516 -2.93031 0 -2.38589 1.55214 -0.883316 1.9491 0.750854 -0.5784
131.279 -nan 6.9018 -1.712 0 -3.82041 0.817963 -1.14249 2.13952 0.738693 -0.615997
131.849 -nan -3.78101 -0.0609894 0 4.42448 -1.80057 -1.28357 2.29476 0.726807 -0.654388
132.42 -nan 2.43001 1.60499 0 -0.495087 0.85466 -1.28378 2.4086 0.714287 -0.690887
132.991 -nan 6.40402 2.86191 0 -4.73491 1.53183 -1.14181 2.47661 0.698776 -0.72567
133.562 -nan -6.14066 3.39178 0 3.01726 -1.35757 -0.878555 2.498 0.679855 -0.761528
134.132 -nan 4.31802 3.06817 0 2.29401 -0.189415 -0.53508 2.47659 0.663445 -0.797226
134.703 -nan 5.45561 1.96743 0 -5.18226 1.79906 -0.150711 2.40979 0.6465 -0.831299
135.274 -nan -6.99258 0.363922 0 0.869659 -0.325645 0.23381 2.29857 0.628128 -0.862793
135.845 -nan 5.66801 -1.33017 0 4.04601 -1.25874 0.591064 2.14583 0.606773 -0.898346
136.416 -nan 4.01573 -2.69072 0 -4.11971 1.59569 0.891113 1.95722 0.585899 -0.93322
136.986 -nan -5.83675 -3.36591 0 -0.786797 0.735542 1.11592 1.73664 0.564781 -0.966255
137.557 -nan 6.53161 -3.17459 0 5.12766 -1.79523 1.25308 1.48624 0.540138 -0.997719
138.128 -nan 2.03709 -2.17211 0 -1.6059 0.933968 1.29891 1.2128 0.513428 -1.03032
138.699 -nan -3.31872 -0.617348 0 -2.86655 1.48323 1.2539 0.926285 0.489288 -1.06208
139.269 -nan 6.94962 1.09371 0 4.28842 -1.42966 1.11743 0.629257 0.464432 -1.09232
139.84 -nan -0.45903 2.52372 0 0.7304 -0.0916061 0.895279 0.327141 0.438354 -1.12035
140.411 -nan -0.485672 3.31359 0 -5.01583 1.79414 0.597191 0.0203323 0.409256 -1.15311
140.982 -nan 6.94751 3.26694 0 3.70966 -0.429565 0.242813 -0.280357 0.380928 -1.18304
141.553 -nan -3.28079 2.39422 0 2.42625 -1.17863 -0.14344 -0.572472 0.353004 -1.21249
142.123 -nan 2.03219 0.91349 0 -4.72158 1.63165 -0.529205 -0.853043 0.320511 -1.23911
142.694 -nan 6.52284 -0.798729 0 0.66909 0.647011 -0.874275 -1.11921 0.289192 -1.26752
143.265 -nan -5.79965 -2.31196 0 3.72272 -1.78209 -1.13686 -1.36745 0.25779 -1.29547
143.836 -nan 4.01904 -3.23709 0 -4.11948 1.00822 -1.27967 -1.59229 0.228851 -1.31985
144.406 -nan 5.65938 -3.33005 0 -2.07554 1.43356 -1.28386 -1.79688 0.196297 -1.34523
144.977 -nan -6.98934 -2.57146 0 5.19153 -1.49641 -1.14911 -1.97966 0.162422 -1.37231
145.548 -nan 5.46621 -1.15603 0 -2.68408 0.0114059 -0.894562 -2.13674 0.129448 -1.39841
146.119 -nan 4.31284 0.553307 0 -3.25609 1.78706 -0.554443 -2.26537 0.0969696 -1.42185
146.689 -nan -6.17293 2.11597 0 3.88199 -0.530258 -0.168091 -2.36493 0.0615234 -1.44395
147.26 -nan 6.4114 3.14372 0 0.414993 -1.08795 0.22007 -2.43875 0.0269547 -1.46737
147.831 -nan 2.43233 3.37693 0 -4.7507 1.66682 0.577156 -2.48399 -0.00655365 -1.48962
148.402 -nan -3.82238 2.75333 0 2.93763 0.562263 0.876053 -2.49879 -0.0378342 -1.50856
148.973 -nan 6.90493 1.43436 0 3.38036 -1.76133 1.10461 -2.48525 -0.073143 -1.52934
149.543 -nan 0.0197144 -0.248856 0 -4.62814 1.08357 1.24918 -2.44427 -0.108559 -1.55082
150.114 -nan -0.982582 -1.87464 0 1.09377 1.38181 1.30251 -2.37526 -0.142639 -1.57127
150.685 -nan 6.97832 -3.02318 0 4.47858 -1.55734 1.25948 -2.27509 -0.176285 -1.58844
151.256 -nan -2.77205 -3.39669 0 -3.58076 0.112389 1.12341 -2.1459 -0.211517 -1.6053
151.826 -nan 1.61965 -2.90204 0 -1.54639 1.77197 0.903931 -1.99269 -0.245735 -1.62304
152.397 -nan 6.63101 -1.66393 0 5.15341 -0.62944 0.610458 -1.8148 -0.27816 -1.63941
152.968 -nan -5.4108 -0.00112152 0 -1.45542 -1.00066 0.259804 -1.61227 -0.308289 -1.65264
153.539 -nan 3.70488 1.65479 0 -3.69056 1.69559 -0.127098 -1.38549 -0.342094 -1.66824
154.11 -nan 5.84834 2.89204 0 4.38744 0.469574 -0.514198 -1.13905 -0.375099 -1.68374
154.68 -nan -6.91943 3.39885 0 0.129944 -1.73683 -0.861862 -0.875381 -0.406448 -1.69817
155.251 -nan 5.24451 3.04298 0 -5.0695 1.15308 -1.12715 -0.59433 -0.436043 -1.70879
155.822 -nan 4.58832 1.92051 0 2.30656 1.32075 -1.27612 -0.299957 -0.466591 -1.71992
156.393 -nan -6.46118 0.31041 0 2.30624 -1.61262 -1.28737 0.000556946 -0.49575 -1.73161
156.963 -nan 6.27669 -1.38348 0 -4.43794 0.209106 -1.15813 0.304108 -0.522522 -1.74149
157.534 -nan 2.81046 -2.72547 0 -0.109039 1.7552 -0.90728 0.606438 -0.546692 -1.7486
158.105 -nan -4.30856 -3.37183 0 4.7655 -0.727516 -0.569115 0.907967 -0.574905 -1.75906
158.676 -nan 6.85019 -3.15396 0 -4.20011 -0.906654 -0.185776 1.19706 -0.60022 -1.76763
159.247 -nan 0.489044 -2.12724 0 -1.83134 1.72446 0.201996 1.46941 -0.624046 -1.77592
159.817 -nan -1.48705 -0.559341 0 4.8941 0.376656 0.562485 1.71939 -0.64476 -1.77927
160.388 -nan 6.99471 1.14629 0 -1.3622 -1.69836 0.867966 1.9436 -0.666336 -1.78486
160.959 -nan -2.26167 2.56044 0 -3.26295 1.2217 1.0999 2.13538 -0.686562 -1.79014
161.53 -nan 1.18555 3.32559 0 4.43317 1.26246 1.24477 2.2877 -0.702606 -1.79288
162.1 -nan 6.72287 3.24787 0 1.42267 -1.65859 1.29959 2.4004 -0.718361 -1.79472
162.671 -nan -4.9895 2.35157 0 -5.13525 0.306366 1.26308 2.47173 -0.735054 -1.798
163.242 -nan 3.37376 0.858269 0 3.2453 1.73765 1.13542 2.49783 -0.750221 -1.80097
163.813 -nan 6.02315 -0.857231 0 2.83041 -0.823494 0.920891 2.47633 -0.76223 -1.80165
164.384 -nan -6.77801 -2.35405 0 -4.16708 -0.809425 0.627258 2.40602 -0.770943 -1.79884
164.954 -nan 5.0093 -3.25378 0 0.328934 1.74524 0.277695 2.29464 -0.780251 -1.79807
165.525 -nan 4.85114 -3.32024 0 4.41729 0.281174 -0.106392 2.14249 -0.788071 -1.7968
166.096 -nan -6.69203 -2.53114 0 -3.44511 -1.65713 -0.489525 1.95309 -0.791382 -1.79259
166.667 -nan 6.12596 -1.09944 0 -2.84244 1.28262 -0.840927 1.72987 -0.795288 -1.7889
167.237 -nan 3.16783 0.609352 0 4.7466 1.19728 -1.11431 1.47983 -0.798004 -1.7851
167.808 -nan -4.77753 2.16373 0 -1.67144 -1.70365 -1.27416 1.20954 -0.800652 -1.78238
168.379 -nan 6.77951 3.16687 0 -4.13911 0.400421 -1.29222 0.920326 -0.797638 -1.77486
168.95 -nan 0.940117 3.36862 0 4.08868 1.71125 -1.16802 0.618942 -0.792892 -1.76643
169.521 -nan -1.99675 2.72194 0 0.751976 -0.920288 -0.921494 0.313438 -0.788284 -1.75919
170.091 -nan 7.00039 1.38425 0 -5.04788 -0.712715 -0.586975 0.00980377 -0.782234 -1.75158
170.662 -nan -1.74837 -0.307823 0 2.02898 1.76212 -0.205109 -0.288757 -0.772522 -1.74117
171.233 -nan 0.738029 -1.92098 0 3.23543 0.186302 0.186012 -0.582253 -0.762299 -1.73105
171.804 -nan 6.80376 -3.04883 0 -4.59667 -1.60866 0.549103 -0.863396 -0.751831 -1.72159
172.374 -nan -4.53736 -3.3973 0 0.517105 1.34444 0.85714 -1.12808 -0.740341 -1.71188
172.945 -nan 3.02211 -2.87077 0 4.93088 1.13087 1.09126 -1.3746 -0.723595 -1.69772
173.516 -nan 6.17847 -1.61356 0 -2.9645 -1.73634 1.24134 -1.60204 -0.70549 -1.68311
174.087 -nan -6.57692 0.0531693 0 -1.67921 0.495842 1.3007 -1.80627 -0.688179 -1.66992
174.658 -nan 4.75578 1.70494 0 4.53689 1.68458 1.26629 -1.98466 -0.669502 -1.65575
175.228 -nan 5.09645 2.92036 0 -0.509239 -1.00798 1.13932 -2.1363 -0.647888 -1.63905
175.799 -nan -6.86078 3.39799 0 -4.38557 -0.613129 0.928062 -2.2655 -0.62619 -1.62353
176.37 -nan 5.96368 3.01746 0 4.60923 1.77921 0.64109 -2.36687 -0.603859 -1.60777
176.941 -nan 3.51103 1.8719 0 1.20916 0.089653 0.295433 -2.43998 -0.58136 -1.59203
177.511 -nan -5.21522 0.251884 0 -5.00101 -1.55264 -0.0897598 -2.48156 -0.552773 -1.57069
178.082 -nan 6.69543 -1.43462 0 2.03674 1.40112 -0.477997 -2.49668 -0.52533 -1.55116
178.653 -nan 1.37712 -2.75953 0 2.75906 1.05817 -0.831306 -2.48364 -0.497795 -1.53185
179.224 -nan -2.51405 -3.37863 0 -4.6734 -1.7632 -1.10501 -2.44053 -0.470528 -1.51178
179.795 -nan 6.98933 -3.12915 0 -0.727638 0.583252 -1.26674 -2.36878 -0.4403 -1.48952
180.365 -nan -1.24421 -2.08084 0 4.94456 1.65251 -1.29295 -2.27109 -0.409668 -1.46796
180.936 -nan 0.274971 -0.501778 0 -3.76177 -1.09989 -1.17734 -2.14701 -0.379631 -1.44689
181.507 -nan 6.87081 1.20384 0 -2.37415 -0.514557 -0.936203 -1.99591 -0.349022 -1.42466
182.078 -nan -4.06131 2.59794 0 4.36935 1.78901 -0.599808 -1.81532 -0.313431 -1.39758
182.648 -nan 2.65537 3.337 0 -1.04831 -0.0120239 -0.217026 -1.61381 -0.280182 -1.37305
183.219 -nan 6.32366 3.23351 0 -4.01614 -1.49123 0.173859 -1.39023 -0.246841 -1.34837
183.79 -nan -6.31313 2.30775 0 3.89944 1.45123 0.533905 -1.14743 -0.215279 -1.32288
184.361 -nan 4.4848 0.801392 0 2.25648 0.985245 0.844788 -0.884163 -0.180122 -1.29572
184.932 -nan 5.32549 -0.911255 0 -4.73358 -1.78291 1.08295 -0.606247 -0.145554 -1.26875
185.502 -nan -6.96669 -2.39856 0 2.21744 0.672989 1.2383 -0.317955 -0.112839 -1.24384
186.073 -nan 5.78369 -3.27155 0 3.74932 1.61875 1.30002 -0.0188751 -0.0779114 -1.21452
186.644 -nan 3.83121 -3.30635 0 -4.49892 -1.18536 1.26864 0.286034 -0.0416031 -1.18385
187.215 -nan -5.62061 -2.49611 0 0.0482864 -0.409088 1.14645 0.590599 -0.00598907 -1.15404
187.785 -nan 6.59818 -1.0462 0 4.84807 1.79721 0.938599 0.887711 0.0268326 -1.1254
188.356 -nan 1.8003 0.667267 0 -2.58428 -0.109299 0.653839 1.17368 0.0591125 -1.09504
188.927 -nan -3.02697 2.20577 0 -2.72038 -1.42329 0.308159 1.44729 0.0937271 -1.06355
189.498 -nan 6.96923 3.18666 0 4.67323 1.50263 -0.0744171 1.70035 0.127785 -1.03259
190.068 -nan -0.745132 3.36248 0 -1.15204 0.910667 -0.461723 1.92631 0.159813 -1.00293
190.639 -nan -0.203003 2.68523 0 -4.70213 -1.79568 -0.816948 2.11951 0.192993 -0.968948
191.21 -nan 6.92099 1.33158 0 3.57124 0.759743 -1.09795 2.27777 0.227089 -0.934212
191.781 -nan -3.57043 -0.362091 0 1.01871 1.57858 -1.26595 2.39612 0.259842 -0.900658
192.352 -nan 2.26769 -1.96861 0 -4.55266 -1.26707 -1.29496 2.46936 0.289352 -0.868126
192.922 -nan 6.45135 -3.07208 0 1.12182 -0.309837 -1.18093 2.49609 0.318413 -0.833694
193.493 -nan -5.99911 -3.3908 0 3.934 1.79885 -0.94339 2.47977 0.349838 -0.798531
194.064 -nan 4.19928 -2.84023 0 -4.9044 -0.211258 -0.614174 2.41833 0.379791 -0.764305
194.635 -nan 5.54164 -1.56084 0 -0.564133 -1.35378 -0.23494 2.31288 0.407478 -0.730965
195.205 -nan -6.99998 0.112137 0 5.01366 1.54794 0.157761 2.162 0.436073 -0.69278
195.776 -nan 5.58993 1.75369 0 -2.67251 0.827805 0.524101 1.97504 0.464485 -0.65535
196.347 -nan 4.13708 2.95093 0 -2.2057 -1.80116 0.836922 1.7561 0.491409 -0.619095
196.918 -nan -5.98676 3.39962 0 4.84456 0.841393 1.07495 1.50931 0.514069 -0.583977
197.489 -nan 6.48335 2.98753 0 0.0213318 1.53505 1.23035 1.23837 0.53743 -0.546318
198.059 -nan 2.20333 1.82279 0 -4.63805 -1.34351 1.2979 0.951393 0.562111 -0.50872
198.63 -nan -3.53585 0.193298 0 4.19531 -0.207664 1.27286 0.654129 0.585243 -0.472267
199.201 -nan 6.93481 -1.49004 0 1.85804 1.80036 1.15517 0.350967 0.606079 -0.435837
199.772 -nan -0.259239 -2.79265 0 -4.50011 -0.311996 0.94709 0.0429077 0.627014 -0.39502
200.342 -nan -0.69133 -3.38494 0 1.7254 -1.27322 0.664276 -0.259224 0.647018 -0.356415
200.913 -nan 6.96165 -3.1102 0 3.53876 1.59208 0.320061 -0.553467 0.666351 -0.317818
201.484 -nan -3.06371 -2.03365 0 -4.29475 0.74633 -0.0597153 -0.832008 0.679626 -0.281342
202.055 -nan 1.86248 -0.444595 0 -1.58698 -1.79552 -0.449059 -1.09954 0.696236 -0.241844
202.626 -nan 6.56721 1.25478 0 4.64285 0.921883 -0.806396 -1.34897 0.711571 -0.202477
203.196 -nan -5.63831 2.63776 0 -2.71747 1.49234 -1.09059 -1.5777 0.726784 -0.165535
203.767 -nan 3.89359 3.34847 0 -3.29236 -1.4166 -1.26167 -1.78346 0.738243 -0.126099
204.338 -nan 5.73627 3.21387 0 4.82862 -0.105309 -1.29622 -1.96667 0.749825 -0.0849915
204.909 -nan -6.96761 2.26919 0 -0.844719 1.79539 -1.189 -2.1251 0.761314 -0.0443878
205.479 -nan 5.37962 0.746376 0 -4.57446 -0.413406 -0.955658 -2.25512 0.770111 -0.00614166
206.05 -nan 4.42556 -0.967735 0 3.10724 -1.19109 -0.628304 -2.35526 0.774979 0.0317459
206.621 -nan -6.30317 -2.43614 0 2.13631 1.62672 -0.248672 -2.43098 0.782089 0.0721054
207.192 -nan 6.35925 -3.28558 0 -4.67774 0.660439 0.141891 -2.4788 0.788567 0.111855
207.763 -nan 2.59231 -3.29326 0 1.75341 -1.78722 0.506905 -2.49872 0.794342 0.1492
208.333 -nan -4.03214 -2.45388 0 4.39297 0.998589 0.822433 -2.48668 0.795998 0.189568
208.904 -nan 6.88544 -0.991219 0 -4.10149 1.43999 1.06765 -2.44714 0.797844 0.230484
209.475 -nan 0.215118 0.721458 0 -0.335915 -1.48666 1.22968 -2.38016 0.799492 0.270851
210.046 -nan -1.19359 2.25011 0 4.50352 -0.00456238 1.29849 -2.28405 0.797729 0.307953
210.616 -nan 6.98442 3.20479 0 -1.70686 1.78484 1.27371 -2.15941 0.793785 0.346222
211.187 -nan -2.55518 3.35059 0 -3.3699 -0.512352 1.15876 -2.00973 0.79081 0.38578
211.758 -nan 1.44135 2.65044 0 5.10402 -1.10564 0.958138 -1.83636 0.788216 0.424286
212.329 -nan 6.67114 1.27635 0 -0.0871811 1.66285 0.679825 -1.63878 0.783516 0.461212
212.9 -nan -5.23522 -0.42131 0 -4.93895 0.573494 0.335732 -1.41486 0.775055 0.500626
213.47 -nan 3.57328 -2.01493 0 3.25706 -1.76689 -0.0470963 -1.17097 0.766808 0.540298
214.041 -nan 5.91935 -3.09868 0 1.62647 1.07558 -0.436974 -0.910004 0.758408 0.578728
214.612 -nan -6.86514 -3.38676 0 -4.92558 1.38698 -0.793259 -0.63456 0.74675 0.613716
215.183 -nan 5.1501 -2.80544 0 0.707329 -1.54469 -1.07888 -0.344765 0.733398 0.650627
215.753 -nan 4.69654 -1.50972 0 4.2028 0.0954895 -1.25625 -0.0459824 0.721024 0.688515
216.324 -nan -6.56895 0.170349 0 -4.56829 1.775 -1.29839 0.256348 0.708961 0.724884
216.895 -nan 6.21871 1.80605 0 -1.31968 -0.610451 -1.19764 0.558723 0.694809 0.759842
217.466 -nan 2.95797 2.97865 0 4.52242 -1.01529 -0.966766 0.860489 0.676544 0.797798
218.037 -nan -4.51083 3.40065 0 -2.36889 1.69379 -0.642387 1.15116 0.65934 0.834251
218.607 -nan 6.82536 2.96426 0 -3.01458 0.482208 -0.263977 1.4269 0.641869 0.870331
219.178 -nan 0.679047 1.77312 0 4.62112 -1.73934 0.125526 1.67763 0.621002 0.901924
219.749 -nan -1.70255 0.1362 0 0.886147 1.14334 0.49427 1.90619 0.599983 0.937012
220.32 -nan 6.99767 -1.53865 0 -4.41507 1.32916 0.81221 2.10339 0.578308 0.971565
220.89 -nan -2.04329 -2.8279 0 3.1836 -1.60278 1.05973 2.26498 0.558899 1.00439
221.461 -nan 1.00137 -3.39 0 2.78992 0.192696 1.22363 2.3849 0.534454 1.03702
222.032 -nan 6.75663 -3.08418 0 -5.03964 1.75827 1.29789 2.46245 0.508377 1.0709
222.603 -nan -4.80127 -1.99052 0 1.61758 -0.711983 1.27962 2.49555 0.482712 1.10459
223.174 -nan 3.23308 -0.388374 0 4.22197 -0.922638 1.16842 2.48115 0.457062 1.13551
223.744 -nan 6.08465 1.30839 0 -3.59712 1.71802 0.968109 2.41791 0.428986 1.16377
224.315 -nan -6.69747 2.66997 0 -1.49464 0.390076 0.691902 2.31295 0.400551 1.19478
224.886 -nan 4.90889 3.35687 0 4.57376 -1.70611 0.353424 2.16663 0.371887 1.2254
225.457 -nan 4.95486 3.19503 0 -2.32694 1.21104 -0.0224686 1.98459 0.345757 1.2537
226.027 -nan -6.77304 2.22347 0 -3.99856 1.27024 -0.412666 1.76389 0.313728 1.28235
226.598 -nan 6.06387 0.689384 0 4.54266 -1.65221 -0.774673 1.51578 0.282059 1.31094
227.169 -nan 3.30853 -1.02178 0 -0.364693 0.293045 -1.06891 1.2448 0.249786 1.34048
227.74 -nan -4.96797 -2.47769 0 -4.38686 1.73913 -1.25075 0.957825 0.219177 1.36456
228.311 -nan 6.74609 -3.2991 0 2.26962 -0.806389 -1.29837 0.657784 0.186287 1.38917
228.881 -nan 1.12406 -3.27606 0 2.76332 -0.825752 -1.20434 0.351311 0.152542 1.41487
229.452 -nan -2.21706 -2.41403 0 -5.1945 1.74285 -0.983383 0.0459061 0.120705 1.44025
230.023 -nan 6.99863 -0.933395 0 0.741493 0.298859 -0.664207 -0.255089 0.0891418 1.46326
230.594 -nan -1.53586 0.779602 0 4.77368 -1.66599 -0.284805 -0.551178 0.0538254 1.4865
231.164 -nan 0.548668 2.29224 0 -3.77319 1.27676 0.109634 -0.835793 0.0181885 1.51036
231.735 -nan 6.8324 3.22628 0 -1.02261 1.20671 0.481445 -1.10407 -0.0161209 1.53323
232.306 -nan -4.33636 3.34138 0 4.94637 -1.6946 0.800285 -1.35125 -0.0488358 1.55159
232.877 -nan 2.87306 2.61241 0 -1.41057 0.386612 1.05019 -1.57961 -0.0836182 1.57058
233.447 -nan 6.23706 1.22432 0 -3.67583 1.71392 1.2183 -1.78652 -0.118454 1.59061
234.018 -nan -6.47078 -0.478622 0 4.84384 -0.901527 1.29692 -1.96887 -0.151489 1.60996
234.589 -nan 4.64741 -2.06394 0 0.741402 -0.731583 1.28145 -2.12452 -0.184006 1.6269
235.16 -nan 5.19085 -3.12141 0 -4.47691 1.76156 1.17279 -2.25513 -0.219734 1.64426
235.731 -nan -6.91462 -3.38258 0 2.91878 0.20018 0.977585 -2.35878 -0.254501 1.66151
236.301 -nan 5.89567 -2.77628 0 2.4395 -1.6197 0.70462 -2.43441 -0.288155 1.67789
236.872 -nan 3.64206 -1.45676 0 -4.87424 1.33542 0.367889 -2.47729 -0.31868 1.68896
237.443 -nan -5.39288 0.227409 0 -0.137062 1.13794 -0.0100403 -2.49458 -0.351334 1.70239
238.014 -nan 6.6575 1.85094 0 4.11858 -1.72993 -0.399361 -2.48383 -0.383804 1.71561
238.584 -nan 1.55704 3.00768 0 -3.57961 0.478539 -0.760658 -2.44654 -0.413307 1.72832
239.155 -nan -2.73327 3.39895 0 -2.24495 1.68845 -1.05584 -2.37818 -0.4431 1.73836
239.726 -nan 6.98383 2.93314 0 5.14957 -0.994453 -1.24578 -2.28236 -0.474037 1.74884
240.297 -nan -1.03533 1.72683 0 -2.33439 -0.629639 -1.3018 -2.16069 -0.50441 1.75965
240.868 -nan 0.0779266 0.0791321 0 -3.80254 1.77859 -1.21337 -2.01278 -0.53157 1.76806
241.438 -nan 6.88972 -1.58999 0 4.02943 0.10321 -0.991882 -1.83691 -0.555656 1.7722
242.009 -nan -3.85341 -2.85609 0 0.82341 -1.56235 -0.673431 -1.63907 -0.581795 1.77904
242.58 -nan 2.49814 -3.39342 0 -4.38749 1.39348 -0.296989 -1.41943 -0.606697 1.78529
243.151 -nan 6.37817 -3.05923 0 2.84615 1.07142 0.0923615 -1.18275 -0.628586 1.79089
243.721 -nan -6.18533 -1.94089 0 3.53454 -1.75899 0.465942 -0.922531 -0.650597 1.79388
244.292 -nan 4.37148 -0.329742 0 -4.87324 0.571487 0.789642 -0.647583 -0.671585 1.79684
244.863 -nan 5.41426 1.36212 0 1.04445 1.65867 1.04555 -0.359886 -0.693184 1.80101
245.434 -nan -6.98865 2.70738 0 4.19086 -1.0837 1.21423 -0.0650101 -0.708611 1.80021
246.005 -nan 5.70689 3.3647 0 -2.78194 -0.528847 1.29356 0.23661 -0.723503 1.79862
246.575 -nan 3.95628 3.17302 0 -2.0777 1.78682 1.28094 0.539566 -0.738228 1.79742
247.146 -nan -5.78331 2.17988 0 5.18185 0.00540161 1.17867 0.837074 -0.75248 1.79747
247.717 -nan 6.55437 0.63102 0 -1.38115 -1.50461 0.98819 1.12487 -0.76355 1.79509
248.288 -nan 1.96893 -1.07819 0 -4.50394 1.44613 0.716736 1.40083 -0.773293 1.79086
248.858 -nan -3.24392 -2.51643 0 4.21175 0.995178 0.381325 1.65794 -0.782799 1.78713
249.429 -nan 6.95933 -3.31599 0 0.411133 -1.7828 0.00400543 1.88963 -0.791206 1.78349
250 -nan -0.540009 -3.26149 0 -4.8672 0.660049 -0.384216 2.08673 -0.793579 1.77508
250.571 -nan -0.406059 -2.37226 0 2.10976 1.62094 -0.748917 2.25026 -0.795525 1.76653
251.142 -nan 6.9369 -0.880577 0 3.04726 -1.17053 -1.04795 2.37545 -0.79702 1.75829
251.712 -nan -3.35555 0.83567 0 -5.04835 -0.4291 -1.24155 2.4586 -0.798309 1.75139
252.283 -nan 2.10121 2.33637 0 -0.149055 1.79551 -1.30067 2.49513 -0.795776 1.74133
252.854 -nan 6.49985 3.24249 0 4.31281 -0.094017 -1.21667 2.48597 -0.791672 1.73
253.425 -nan -5.85114 3.3315 0 -3.42889 -1.43711 -1.0021 2.43184 -0.787201 1.71922
253.995 -nan 4.07875 2.57793 0 -1.83981 1.49842 -0.687256 2.33304 -0.781113 1.70792
254.566 -nan 5.61946 1.16925 0 5.04564 0.918892 -0.311516 2.18861 -0.769577 1.6921
255.137 -nan -6.99266 -0.53434 0 -0.620461 -1.79261 0.0816803 2.00679 -0.758026 1.67688
255.708 -nan 5.50672 -2.10613 0 -3.70338 0.747581 0.45507 1.79194 -0.746208 1.66218
256.279 -nan 4.25784 -3.14479 0 3.93781 1.58499 0.778122 1.55053 -0.734444 1.64838
256.849 -nan -6.12947 -3.37429 0 1.66335 -1.25098 1.03361 1.28261 -0.718529 1.63103
257.42 -nan 6.43715 -2.74024 0 -5.13307 -0.326004 1.20898 0.995316 -0.701233 1.613
257.991 -nan 2.36417 -1.40646 0 3.00247 1.80106 1.295 0.696678 -0.683907 1.59563
258.562 -nan -3.74907 0.285393 0 3.32499 -0.194611 1.28679 0.392113 -0.664917 1.57716
259.132 -nan 6.91518 1.89947 0 -4.41154 -1.36366 1.1828 0.0848465 -0.641129 1.55432
259.703 -nan -0.0587769 3.0313 0 -0.11055 1.54228 0.993736 -0.219261 -0.618446 1.53328
260.274 -nan -0.900665 3.39716 0 4.12369 0.838509 0.725761 -0.515656 -0.595032 1.51203
260.845 -nan 6.97263 2.90286 0 -3.31985 -1.79998 0.396652 -0.796761 -0.573273 1.49239
261.416 -nan -2.84866 1.67433 0 -2.99374 0.829605 0.0192337 -1.06743 -0.546082 1.46818
261.986 -nan 1.69042 0.0203476 0 5.08602 1.54155 -0.371361 -1.31985 -0.518578 1.44398
262.557 -nan 6.61173 -1.6423 0 -1.72076 -1.33311 -0.740448 -1.55397 -0.491478 1.42104
263.128 -nan -5.47031 -2.88905 0 -3.94453 -0.224876 -1.04024 -1.76111 -0.462265 1.3951
263.699 -nan 3.76494 -3.39584 0 3.24848 1.79848 -1.23652 -1.94573 -0.431168 1.36784
264.269 -nan 5.8091 -3.03308 0 1.38013 -0.296555 -1.3 -2.10596 -0.399132 1.34009
264.84 -nan -6.93131 -1.89403 0 -5.07507 -1.28797 -1.22222 -2.23978 -0.369774 1.315
265.411 -nan 5.28791 -0.270523 0 2.00175 1.58384 -1.01279 -2.34497 -0.339684 1.28866
265.982 -nan 4.53792 1.41544 0 4.15137 0.758194 -0.699944 -2.42334 -0.30584 1.25912
266.553 -nan -6.42503 2.74161 0 -4.55176 -1.79826 -0.326271 -2.4744 -0.272079 1.22994
267.123 -nan 6.30804 3.37641 0 0.204407 0.912666 0.0662231 -2.49802 -0.239189 1.20176
267.694 -nan 2.74331 3.15323 0 4.73463 1.49652 0.439751 -2.48833 -0.205154 1.17038
268.265 -nan -4.23727 2.13518 0 -2.74757 -1.40395 0.767014 -2.4514 -0.169937 1.13822
268.836 -nan 6.86167 0.577789 0 -2.35817 -0.120354 1.02669 -2.38696 -0.134331 1.10577
269.406 -nan 0.411896 -1.13286 0 5.15138 1.7957 1.20406 -2.29727 -0.102547 1.07663
269.977 -nan -1.40897 -2.55572 0 -0.462646 -0.393547 1.2915 -2.17825 -0.0689774 1.04459
270.548 -nan 6.99182 -3.32558 0 -4.07825 -1.20639 1.28672 -2.03244 -0.0335693 1.01077
271.119 -nan -2.33974 -3.24564 0 3.81782 1.62466 1.19062 -1.8624 0.00205231 0.977234
271.689 -nan 1.26202 -2.33257 0 1.21001 0.673782 1.00565 -1.66862 0.0360184 0.944206
272.26 -nan 6.70518 -0.823524 0 -5.13484 -1.78794 0.738419 -1.44988 0.0698318 0.908745
272.831 -nan -5.05286 0.889183 0 1.38753 0.989296 0.406204 -1.21058 0.104584 0.872635
273.402 -nan 3.43666 2.37518 0 3.22485 1.44529 0.0305862 -0.953735 0.138802 0.837189
273.973 -nan 5.9881 3.26033 0 -4.21619 -1.47224 -0.356621 -0.68425 0.169044 0.804619
274.543 -nan -6.80055 3.31745 0 -1.05711 -0.0230103 -0.724098 -0.398941 0.201111 0.768707
275.114 -nan 5.05503 2.53766 0 5.00827 1.78725 -1.02997 -0.102486 0.234665 0.731339
275.685 -nan 4.80315 1.11617 0 -3.58518 -0.496712 -1.23388 0.199501 0.267845 0.694763
276.256 -nan -6.6659 -0.593224 0 -2.78616 -1.12234 -1.30348 0.501328 0.298271 0.658829
276.827 -nan 6.15832 -2.15187 0 4.71964 1.6576 -1.22696 0.800697 0.328491 0.619949
277.397 -nan 3.10224 -3.16422 0 -0.604424 0.584366 -1.02042 1.09251 0.359306 0.581512
277.968 -nan -4.70776 -3.36743 0 -3.77409 -1.77037 -0.711632 1.37035 0.389145 0.543678
278.539 -nan 6.7944 -2.70441 0 3.73457 1.06175 -0.343353 1.62566 0.414543 0.509178
279.11 -nan 0.866501 -1.35133 0 2.39783 1.39407 0.0499115 1.85962 0.442894 0.469925
279.68 -nan -1.91989 0.342857 0 -5.17028 -1.53511 0.426331 2.06369 0.47049 0.430862
280.251 -nan 7.00232 1.94893 0 2.34988 0.0795898 0.757957 2.23505 0.498634 0.392433
280.822 -nan -1.82885 3.05902 0 3.61025 1.77685 1.019 2.36288 0.522285 0.353973
281.393 -nan 0.815704 3.39415 0 -3.65658 -0.595314 1.19919 2.44858 0.546158 0.313934
281.963 -nan 6.78628 2.87351 0 -0.640953 -1.02944 1.29056 2.49023 0.570175 0.273438
282.534 -nan -4.60533 1.62552 0 4.86719 1.68974 1.28999 2.48671 0.592178 0.23568
283.105 -nan 3.08564 -0.0390167 0 -2.59589 0.498222 1.19633 2.43568 0.611191 0.198723
283.676 -nan 6.14801 -1.69275 0 -3.68759 -1.74548 1.01387 2.33942 0.631798 0.158287
284.247 -nan -6.60794 -2.91885 0 4.80516 1.13511 0.752075 2.20115 0.651978 0.118042
284.817 -nan 4.80759 -3.4017 0 -0.812881 1.33948 0.425377 2.0253 0.672104 0.0787125
285.388 -nan 5.0506 -3.00678 0 -4.50354 -1.59234 0.0521927 1.8102 0.686531 0.03936
285.959 -nan -6.84118 -1.84512 0 3.35629 0.178513 -0.33728 1.56625 0.701958 -0.000785828
286.53 -nan 5.99817 -0.217468 0 1.604 1.75926 -0.708168 1.29669 0.717278 -0.0425034
287.1 -nan 3.44776 1.46776 0 -5.17789 -0.693359 -1.01484 1.01366 0.729965 -0.0787277
287.671 -nan -5.15434 2.7751 0 1.08086 -0.940147 -1.22248 0.714844 0.741219 -0.117393
288.242 -nan 6.71239 3.37908 0 3.73405 1.7151 -1.30009 0.407852 0.751877 -0.157097
288.813 -nan 1.30474 3.13226 0 -4.15786 0.404404 -1.23705 0.0984955 0.764297 -0.197639
289.384 -nan -2.43588 2.09129 0 -0.575546 -1.71567 -1.03899 -0.206398 0.773735 -0.236061
289.954 -nan 6.99411 0.519257 0 5.13327 1.20271 -0.732643 -0.504433 0.779358 -0.274879
290.525 -nan -1.32506 -1.18478 0 -2.13399 1.27631 -0.36068 -0.792038 0.785103 -0.314857
291.096 -nan 0.354797 -2.59193 0 -2.66074 -1.644 0.0332108 -1.06417 0.790848 -0.353996
291.667 -nan 6.85658 -3.33826 0 4.44598 0.275185 0.408867 -1.31519 0.794388 -0.389481
292.237 -nan -4.13092 -3.22549 0 0.428368 1.74079 0.741142 -1.54729 0.795891 -0.426857
292.808 -nan 2.72061 -2.28745 0 -4.75936 -0.789764 1.00808 -1.75871 0.797501 -0.46582
293.379 -nan 6.29629 -0.767296 0 4.09745 -0.844612 1.19511 -1.94702 0.799965 -0.504585
293.95 -nan -6.35606 0.947754 0 2.20831 1.74151 1.29046 -2.10738 0.799057 -0.541252
294.521 -nan 4.53857 2.41692 0 -4.95535 0.311134 1.2904 -2.23978 0.794319 -0.578659
295.091 -nan 5.2804 3.27431 0 1.33192 -1.67281 1.19913 -2.34625 0.790253 -0.616661
295.662 -nan -6.95422 3.30573 0 3.37199 1.26898 1.02056 -2.42516 0.786156 -0.653618
296.233 -nan 5.81989 2.4985 0 -4.08207 1.21523 0.763535 -2.47376 0.780052 -0.686714
296.804 -nan 3.77315 1.05971 0 -1.73569 -1.68587 0.437988 -2.49454 0.772148 -0.722839
297.374 -nan -5.56551 -0.648972 0 5.12078 0.371857 0.0664597 -2.48735 0.763664 -0.759178
297.945 -nan 6.62112 -2.19863 0 -2.95259 1.72054 -0.322899 -2.45443 0.756798 -0.795708
298.516 -nan 1.72849 -3.18733 0 -3.23737 -0.885811 -0.692993 -2.38912 0.744705 -0.829338
299.087 -nan -2.94912 -3.35871 0 3.98836 -0.74675 -1.00475 -2.29597 0.73111 -0.863914
299.658 -nan 6.97453 -2.67113 0 -0.0868149 1.75951 -1.21809 -2.17634 0.716988 -0.899384
300.228 -nan -0.826187 -1.30006 0 -4.58217 0.215088 -1.30138 -2.03292 0.703941 -0.932037
300.799 -nan -0.12532 0.401703 0 3.14783 -1.62744 -1.24086 -1.86365 0.688499 -0.962479
301.37 -nan 6.91035 1.99477 0 3.14976 1.32718 -1.04607 -1.66938 0.671288 -0.995674
301.941 -nan -3.64258 3.0827 0 -4.93358 1.14785 -0.744743 -1.45361 0.653984 -1.02874
302.511 -nan 2.33759 3.39358 0 1.41019 -1.72671 -0.37735 -1.21927 0.637962 -1.06152
303.082 -nan 6.42747 2.84184 0 4.21969 0.465805 0.0170441 -0.963181 0.616112 -1.09135
303.653 -nan -6.04771 1.57399 0 -3.86994 1.69113 0.39711 -0.69175 0.594345 -1.12206
304.224 -nan 4.25637 -0.0920029 0 -0.82476 -0.980865 0.733917 -0.406044 0.571083 -1.15388
304.795 -nan 5.49825 -1.74263 0 5.10644 -0.647865 1.00016 -0.115906 0.550545 -1.18114
305.365 -nan -6.99834 -2.94777 0 -1.69511 1.77423 1.18674 0.182381 0.526657 -1.20877
305.936 -nan 5.62731 -3.39843 0 -3.31094 0.119751 1.28482 0.483368 0.501198 -1.2368
306.507 -nan 4.08188 -2.98029 0 4.37061 -1.57491 1.29312 0.782707 0.476463 -1.26677
307.078 -nan -5.9397 -1.79671 0 -0.0670395 1.3872 1.20753 1.07267 0.451157 -1.29403
307.648 -nan 6.50991 -0.157043 0 -5.04248 1.07894 1.03044 1.34945 0.422447 -1.31953
308.219 -nan 2.13203 1.5175 0 2.84177 -1.754 0.772942 1.609 0.392563 -1.34601
308.79 -nan -3.45767 2.80692 0 2.04478 0.560539 0.449249 1.84484 0.363075 -1.37244
309.361 -nan 6.94224 3.38599 0 -4.59507 1.66112 0.0821457 2.04816 0.335938 -1.39478
309.932 -nan -0.336067 3.10686 0 0.204292 -1.06676 -0.306381 2.21883 0.305466 -1.41788
310.502 -nan -0.61351 2.04325 0 4.41206 -0.547287 -0.679283 2.35208 0.273575 -1.44153
311.073 -nan 6.95483 0.46199 0 -4.50499 1.78874 -0.996407 2.44627 0.242935 -1.46678
311.644 -nan -3.14107 -1.24183 0 -1.58681 0.0217514 -1.21326 2.49263 0.211624 -1.48809
312.215 -nan 1.93488 -2.63006 0 5.10268 -1.51484 -1.30022 2.49194 0.177803 -1.50877
312.785 -nan 6.54398 -3.34767 0 -2.02827 1.44083 -1.24414 2.4457 0.142807 -1.53024
313.356 -nan -5.69354 -3.20915 0 -2.89774 1.00443 -1.05395 2.35566 0.110001 -1.55077
313.927 -nan 3.95168 -2.24448 0 4.36984 -1.77628 -0.756447 2.22202 0.0788727 -1.5679
314.498 -nan 5.6975 -0.709564 0 1.05186 0.646286 -0.389175 2.04784 0.0448074 -1.58571
315.068 -nan -6.97456 1.00173 0 -4.94051 1.62609 0.00400543 1.83894 0.0101471 -1.60424
315.639 -nan 5.42237 2.45953 0 3.48067 -1.15604 0.384247 1.60162 -0.0235062 -1.62344
316.21 -nan 4.37402 3.29194 0 2.78462 -0.446884 0.720604 1.3368 -0.057312 -1.63879
316.781 -nan -6.26239 3.29105 0 -4.25509 1.79483 0.991798 1.05093 -0.0928268 -1.6536
317.352 -nan 6.38724 2.46157 0 0.799904 -0.0801773 1.1833 0.751732 -0.128746 -1.66918
317.922 -nan 2.52148 1.00698 0 4.21171 -1.44917 1.28516 0.447075 -0.162018 -1.68337
318.493 -nan -3.95934 -0.706589 0 -3.65403 1.48875 1.29272 0.140663 -0.193581 -1.69428
319.064 -nan 6.89523 -2.2402 0 -2.51893 0.92955 1.20922 -0.165871 -0.227943 -1.70673
319.635 -nan 0.139 -3.20518 0 4.97169 -1.79122 1.03745 -0.465561 -0.262222 -1.71933
320.205 -nan -1.11494 -3.35179 0 -1.97355 0.73484 0.78698 -0.75341 -0.295326 -1.73285
320.776 -nan 6.98214 -2.63394 0 -3.85486 1.58918 0.464264 -1.02685 -0.327705 -1.7411
321.347 -nan -2.63377 -1.24596 0 4.31742 -1.23822 0.0944595 -1.28324 -0.360283 -1.75016
321.918 -nan 1.51763 0.454865 0 0.0348587 -0.340958 -0.297554 -1.52152 -0.394455 -1.75986
322.489 -nan 6.64957 2.042 0 -4.95638 1.79956 -0.668526 -1.73235 -0.422394 -1.76666
323.059 -nan -5.29435 3.10664 0 2.29395 -0.17749 -0.985313 -1.92065 -0.451462 -1.77254
323.63 -nan 3.63172 3.38435 0 2.81042 -1.37702 -1.2055 -2.08386 -0.480392 -1.77756
324.201 -nan 5.88368 2.81023 0 -4.51564 1.53741 -1.30063 -2.22366 -0.510574 -1.78556
324.772 -nan -6.8849 1.52198 0 0.686829 0.852966 -1.25141 -2.33419 -0.53772 -1.79097
325.342 -nan 5.1972 -0.152771 0 4.8595 -1.79926 -1.06361 -2.41514 -0.563622 -1.7933
325.913 -nan 4.64552 -1.7906 0 -3.48325 0.819588 -0.766953 -2.46877 -0.589729 -1.79601
326.484 -nan -6.5349 -2.97588 0 -1.39127 1.54664 -0.401009 -2.49472 -0.615196 -1.79909
327.055 -nan 6.24842 -3.39974 0 4.67677 -1.31649 -0.011322 -2.49017 -0.635353 -1.79932
327.626 -nan 2.89329 -2.9498 0 -0.831192 -0.241829 0.369217 -2.45728 -0.655991 -1.79881
328.196 -nan -4.44122 -1.74618 0 -3.95934 1.79793 0.707939 -2.39655 -0.676086 -1.79798
328.767 -nan 6.83871 -0.09935 0 4.82047 -0.278404 0.983589 -2.31185 -0.697319 -1.80002
329.338 -nan 0.603149 1.57158 0 0.951637 -1.30389 1.17754 -2.19704 -0.714119 -1.79787
329.909 -nan -1.62295 2.84055 0 -5.15279 1.57964 1.28257 -2.05462 -0.729317 -1.79397
330.479 -nan 6.99699 3.39078 0 2.69144 0.768112 1.29538 -1.88663 -0.744537 -1.79008
331.05 -nan -2.12508 3.08601 0 2.39479 -1.79962 1.2159 -1.69691 -0.757851 -1.78651
331.621 -nan 1.07705 1.99724 0 -4.56727 0.899521 1.04651 -1.48473 -0.767105 -1.78034
332.192 -nan 6.73824 0.40374 0 -0.32592 1.50083 0.795235 -1.25051 -0.775452 -1.77313
332.763 -nan -4.86381 -1.29362 0 4.63478 -1.39032 0.475914 -0.997833 -0.783966 -1.76666
333.333 -nan 3.29546 -2.66814 0 -3.95752 -0.140076 0.109291 -0.731041 -0.792564 -1.7618
333.904 -nan 6.05442 -3.35907 0 -2.30492 1.79704 -0.279778 -0.449364 -0.796227 -1.75276
334.475 -nan -6.72585 -3.18811 0 4.4156 -0.379196 -0.655891 -0.156036 -0.798134 -1.74234
335.046 -nan 4.95879 -2.20357 0 -1.48065 -1.22051 -0.97818 0.144745 -0.799652 -1.73218
335.616 -nan 4.90404 -0.655083 0 -3.78745 1.61994 -1.20256 0.444405 -0.799179 -1.72208
336.187 -nan -6.74758 1.05699 0 4.09231 0.685745 -1.29801 0.741028 -0.794907 -1.70928
336.758 -nan 6.09495 2.49574 0 1.83647 -1.78896 -1.25237 1.03285 -0.789902 -1.69608
337.329 -nan 3.24586 3.30373 0 -4.87728 0.978088 -1.07168 1.31281 -0.784714 -1.68365
337.9 -nan -4.9057 3.27805 0 2.51055 1.45557 -0.783112 1.57453 -0.779961 -1.67294
338.47 -nan 6.76476 2.42002 0 3.4415 -1.46047 -0.418533 1.81245 -0.768867 -1.65659
339.041 -nan 1.04971 0.950951 0 -4.64656 -0.0373154 -0.0254822 2.02251 -0.757126 -1.64047
339.612 -nan -2.13513 -0.760231 0 0.736542 1.78957 0.359337 2.20081 -0.744514 -1.6242
340.183 -nan 6.99956 -2.28462 0 4.72453 -0.479156 0.697762 2.33733 -0.730469 -1.60785
340.753 -nan -1.61485 -3.22413 0 -2.85969 -1.13646 0.973228 2.43253 -0.713692 -1.58939
341.324 -nan 0.624214 -3.33687 0 -2.23512 1.65228 1.16985 2.48369 -0.695038 -1.56973
341.895 -nan 6.81655 -2.59676 0 4.55172 0.599304 1.281 2.49229 -0.678368 -1.55276
342.466 -nan -4.40536 -1.19049 0 -1.2888 -1.77629 1.29857 2.45344 -0.659912 -1.53471
343.037 -nan 2.93896 0.51519 0 -4.59028 1.05311 1.22086 2.36633 -0.636925 -1.51276
343.607 -nan 6.20772 2.08655 0 4.03885 1.40009 1.05418 2.23628 -0.613144 -1.49068
344.178 -nan -6.50804 3.13003 0 0.711258 -1.52629 0.806313 2.06666 -0.589172 -1.46907
344.749 -nan 4.69968 3.38056 0 -4.6895 0.0629425 0.491653 1.86086 -0.56472 -1.44695
345.32 -nan 5.14469 2.77624 0 1.43757 1.77664 0.12632 1.62279 -0.537918 -1.42313
345.89 -nan -6.89626 1.47053 0 3.44263 -0.578789 -0.261734 1.35797 -0.509308 -1.39791
346.461 -nan 5.92982 -0.210526 0 -5.03232 -1.04983 -0.637352 1.07687 -0.484215 -1.37686
347.032 -nan 3.58364 -1.842 0 -0.300499 1.68611 -0.960365 0.778748 -0.455139 -1.35166
347.603 -nan -5.33584 -3.0047 0 5.11179 0.510757 -1.19097 0.471275 -0.424484 -1.32514
348.174 -nan 6.67883 -3.39952 0 -3.29046 -1.75118 -1.29735 0.15818 -0.391342 -1.29695
348.744 -nan 1.48117 -2.92359 0 -1.84743 1.12679 -1.26112 -0.14946 -0.36068 -1.27087
349.315 -nan -2.65357 -1.69659 0 4.71252 1.3448 -1.08649 -0.449402 -0.329193 -1.24333
349.886 -nan 6.98634 -0.0415955 0 -0.377434 -1.58064 -0.799156 -0.739799 -0.2957 -1.21396
350.457 -nan -1.11405 1.62006 0 -4.22273 0.16317 -0.438431 -1.01652 -0.262123 -1.18503
351.027 -nan 0.154747 2.87298 0 4.34363 1.76401 -0.0476608 -1.27498 -0.230537 -1.1583
351.598 -nan 6.88049 3.3953 0 1.76765 -0.676529 0.336678 -1.51251 -0.196854 -1.12843
352.169 -nan -3.92552 3.05946 0 -4.50984 -0.956261 0.681923 -1.72842 -0.161499 -1.09679
352.74 -nan 2.56731 1.95331 0 2.09596 1.71489 0.965012 -1.92184 -0.125038 -1.0646
353.31 -nan 6.34968 0.348198 0 3.30296 0.418343 1.16582 -2.08661 -0.0916595 -1.03419
353.881 -nan -6.22807 -1.34738 0 -4.47072 -1.71951 1.27654 -2.22285 -0.0581589 -1.00228
354.452 -nan 4.42467 -2.70022 0 -1.09831 1.19276 1.29546 -2.33269 -0.0230942 -0.968819
355.023 -nan 5.36946 -3.36597 0 4.69966 1.28486 1.22362 -2.4164 0.0116196 -0.93631
355.594 -nan -6.98346 -3.1685 0 -2.99181 -1.63448 1.06388 -2.47179 0.0439377 -0.905716
356.164 -nan 5.74581 -2.1565 0 -2.97288 0.260384 0.818802 -2.49586 0.0780945 -0.871292
356.735 -nan 3.90013 -0.597412 0 4.8818 1.74368 0.504234 -2.49179 0.113007 -0.835899
357.306 -nan -5.73086 1.10975 0 -1.474 -0.776901 0.138588 -2.46045 0.148872 -0.799911
357.877 -nan 6.57799 2.53616 0 -4.41846 -0.861923 -0.246651 -2.3994 0.179626 -0.766525
358.447 -nan 1.89774 3.31679 0 3.38976 1.7365 -0.622215 -2.30989 0.211342 -0.731049
359.018 -nan -3.1655 3.25854 0 1.6211 0.324257 -0.948006 -2.19301 0.244072 -0.69384
359.589 -nan 6.96371 2.37921 0 -4.50593 -1.682 -1.18445 -2.05373 0.27581 -0.659042
360.16 -nan -0.618233 0.893806 0 1.85278 1.25835 -1.29606 -1.88902 0.305489 -0.624573
360.731 -nan -0.327797 -0.819199 0 4.23823 1.22343 -1.26463 -1.6975 0.336342 -0.586693
361.301 -nan 6.92944 -2.32642 0 -4.49473 -1.67967 -1.09526 -1.48388 0.36747 -0.548256
361.872 -nan -3.43355 -3.24387 0 -0.0303574 0.359894 -0.812149 -1.2505 0.398476 -0.510086
362.443 -nan 2.1729 -3.32766 0 4.61926 1.72126 -0.453804 -1.00001 0.423897 -0.474052
363.014 -nan 6.47484 -2.55836 0 -2.0202 -0.869354 -0.0614548 -0.732178 0.451141 -0.435806
363.584 -nan -5.89923 -1.13718 0 -2.84248 -0.76255 0.324379 -0.450409 0.477852 -0.396469
364.155 -nan 4.13383 0.572578 0 5.14591 1.75819 0.670166 -0.161858 0.504158 -0.360458
364.726 -nan 5.58105 2.13403 0 -0.352798 0.232033 0.953102 0.134811 0.528404 -0.322411
365.297 -nan -6.99703 3.15214 0 -4.95813 -1.63697 1.15725 0.434319 0.551888 -0.283569
365.868 -nan 5.54933 3.37491 0 3.82976 1.32224 1.27531 0.734848 0.577576 -0.242004
366.438 -nan 4.20114 2.74516 0 1.28027 1.15726 1.29932 1.02525 0.599609 -0.203629
367.009 -nan -6.08344 1.41846 0 -4.75668 -1.71774 1.22895 1.30233 0.618774 -0.165558
367.58 -nan 6.46117 -0.266998 0 1.10831 0.452286 1.06856 1.56281 0.637375 -0.125984
368.151 -nan 2.29417 -1.88704 0 3.70631 1.69327 0.827576 1.8022 0.656914 -0.0860367
368.721 -nan -3.67516 -3.03214 0 -4.67026 -0.962288 0.519485 2.0135 0.675385 -0.0486679
369.292 -nan 6.92624 -3.39757 0 -1.20262 -0.666695 0.15773 2.19074 0.691154 -0.00993347
369.863 -nan -0.135849 -2.89152 0 4.48683 1.77339 -0.23008 2.33117 0.706429 0.0300827
370.434 -nan -0.820442 -1.6488 0 -2.67992 0.132172 -0.611221 2.43273 0.723167 0.0720367
371.005 -nan 6.96715 0.0159149 0 -2.77839 -1.58559 -0.939407 2.48772 0.735481 0.110008
371.575 -nan -2.92631 1.67188 0 4.77003 1.37822 -1.17727 2.49599 0.745689 0.148476
372.146 -nan 1.76344 2.89961 0 0.322792 1.08616 -1.29146 2.4577 0.755058 0.18856
372.717 -nan 6.58711 3.39668 0 -4.40239 -1.74854 -1.26682 2.37726 0.766006 0.227943
373.288 -nan -5.52647 3.03414 0 3.44585 0.543472 -1.10436 2.25388 0.775185 0.265282
373.858 -nan 3.82329 1.90263 0 2.45233 1.66537 -0.824341 2.08723 0.781624 0.304214
374.429 -nan 5.77361 0.289886 0 -5.00098 -1.05267 -0.466232 1.88366 0.78775 0.344528
375 -nan -6.94594 -1.39921 0 2.1758 -0.563644 -0.0730362 1.64898 0.794594 0.385597
375.571 -nan 5.33438 -2.73711 0 4.04476 1.78693 0.311699 1.3885 0.797104 0.422638
376.142 -nan 4.48457 -3.37338 0 -3.87246 0.036171 0.658463 1.10611 0.797523 0.460342
376.712 -nan -6.38425 -3.14491 0 -0.934731 -1.52419 0.943832 0.808105 0.797485 0.499336
377.283 -nan 6.33377 -2.11253 0 4.37992 1.43338 1.15211 0.503265 0.79908 0.537384
377.854 -nan 2.67821 -0.53907 0 -2.38718 1.01768 1.27194 0.195709 0.798424 0.573463
378.425 -nan -4.16849 1.167 0 -3.79982 -1.77271 1.29879 -0.113167 0.794853 0.611275
378.995 -nan 6.87511 2.57396 0 4.8442 0.635178 1.23328 -0.416763 0.791061 0.650009
379.566 -nan 0.332611 3.33159 0 -0.663254 1.63223 1.07869 -0.710182 0.787567 0.688797
380.137 -nan -1.327 3.2437 0 -4.49436 -1.1395 0.839905 -0.985641 0.779388 0.723076
380.708 -nan 6.98854 2.33701 0 2.56803 -0.462791 0.530731 -1.24569 0.770798 0.75914
381.279 -nan -2.41905 0.840256 0 2.20576 1.79253 0.168495 -1.4864 0.760353 0.795845
381.849 -nan 1.33511 -0.875145 0 -5.16942 -0.0623932 -0.21627 -1.70434 0.753525 0.83065
382.42 -nan 6.6873 -2.36993 0 1.00519 -1.46326 -0.595253 -1.89755 0.742134 0.865036
382.991 -nan -5.11338 -3.25945 0 4.71276 1.48267 -0.926857 -2.06517 0.729073 0.899246
383.562 -nan 3.49878 -3.31649 0 -4.28448 0.939751 -1.1731 -2.20943 0.715706 0.936783
384.132 -nan 5.95357 -2.52232 0 -0.686462 -1.79129 -1.29391 -2.32372 0.701859 0.970596
384.703 -nan -6.82368 -1.08266 0 4.75371 0.721924 -1.27139 -2.40786 0.685234 1.00258
385.274 -nan 5.10213 0.627136 0 -1.78411 1.59193 -1.10937 -2.46346 0.666512 1.03513
385.845 -nan 4.75007 2.17493 0 -3.11007 -1.22363 -0.832893 -2.49203 0.648254 1.06837
386.416 -nan -6.63507 3.17424 0 4.90246 -0.361664 -0.481339 -2.49369 0.632271 1.09967
386.986 -nan 6.18961 3.36653 0 0.599739 1.7991 -0.0909882 -2.46438 0.612022 1.1305
387.557 -nan 3.04031 2.70815 0 -4.38953 -0.161316 0.295662 -2.40675 0.590378 1.1613
388.128 -nan -4.64251 1.36754 0 3.16936 -1.3923 0.648376 -2.32298 0.568108 1.19492
388.699 -nan 6.81149 -0.325218 0 2.2122 1.53241 0.935776 -2.21098 0.545517 1.22368
389.269 -nan 0.790466 -1.93682 0 -4.99859 0.86274 1.14528 -2.07181 0.520943 1.25163
389.84 -nan -1.83761 -3.05412 0 0.470566 -1.79623 1.26698 -1.90588 0.493607 1.27975
390.411 -nan 6.99883 -3.3936 0 4.0264 0.807442 1.29932 -1.71971 0.468903 1.30873
390.982 -nan -1.90797 -2.86053 0 -3.83221 1.55328 1.23869 -1.51194 0.444412 1.3354
391.553 -nan 0.889862 -1.5943 0 -1.89697 -1.30113 1.08645 -1.2813 0.416878 1.36124
392.123 -nan 6.77124 0.0739594 0 5.00617 -0.258049 0.850372 -1.03062 0.387253 1.38834
392.694 -nan -4.67397 1.72136 0 -2.8147 1.80169 0.54335 -0.764175 0.357826 1.41628
393.265 -nan 3.15242 2.93243 0 -3.60155 -0.263046 0.184311 -0.485825 0.328812 1.43956
393.836 -nan 6.11619 3.39885 0 4.29971 -1.31683 -0.202591 -0.195969 0.297691 1.46204
394.406 -nan -6.6375 3.00701 0 0.241676 1.57389 -0.58374 0.101959 0.264732 1.48498
394.977 -nan 4.85555 1.85623 0 -4.16178 0.780785 -0.91787 0.400314 0.234703 1.50824
395.548 -nan 5.00427 0.230942 0 2.87567 -1.79975 -1.16431 0.696297 0.204575 1.5291
396.119 -nan -6.82052 -1.45393 0 3.29464 0.88694 -1.28941 0.987839 0.171562 1.54938
396.69 -nan 6.03178 -2.77053 0 -5.06598 1.5075 -1.2745 1.26971 0.13723 1.57079
397.26 -nan 3.38532 -3.38292 0 1.3279 -1.3801 -1.12083 1.53515 0.103539 1.59235
397.831 -nan -5.09218 -3.124 0 4.27493 -0.155815 -0.847549 1.77486 0.0705948 1.6088
398.402 -nan 6.73134 -2.06614 0 -3.07516 1.796 -0.4944 1.9885 0.0363007 1.62572
398.973 -nan 1.22861 -0.484924 0 -1.51624 -0.364632 -0.102936 2.17027 0.000671387 1.64239
399.543 -nan -2.35636 1.2205 0 5.09268 -1.23736 0.282257 2.31609 -0.0312195 1.65958
400.114 -nan 6.99641 2.61238 0 -1.64452 1.61369 0.633034 2.41981 -0.0644684 1.67418
400.685 -nan -1.40189 3.34042 0 -4.34943 0.698982 0.923714 2.47963 -0.098465 1.68774
401.256 -nan 0.432167 3.22719 0 4.65514 -1.79356 1.14064 2.49656 -0.135201 1.70378
401.826 -nan 6.84459 2.2972 0 0.0871582 0.969017 1.26825 2.46622 -0.169281 1.71741
402.397 -nan -4.20387 0.783325 0 -4.64767 1.45995 1.30113 2.38784 -0.202187 1.72758
402.968 -nan 2.78844 -0.928688 0 2.45798 -1.44711 1.24065 2.26498 -0.236374 1.73724
403.539 -nan 6.26393 -2.40763 0 2.44389 -0.0512924 1.09109 2.10228 -0.27092 1.74774
404.11 -nan -6.39354 -3.27627 0 -5.0639 1.79025 0.861748 1.90566 -0.301781 1.75777
404.68 -nan 4.5901 -3.30147 0 0.0237045 -0.46138 0.558228 1.67354 -0.333809 1.76549
405.251 -nan 5.23751 -2.47984 0 4.1799 -1.15329 0.201256 1.41386 -0.365463 1.77215
405.822 -nan -6.94434 -1.02921 0 -3.61539 1.65245 -0.18647 1.13213 -0.400398 1.78188
406.393 -nan 5.85883 0.685158 0 -1.62534 0.611748 -0.565742 0.835884 -0.429726 1.78659
406.963 -nan 3.71373 2.22134 0 5.13498 -1.77879 -0.901665 0.529053 -0.459038 1.79057
407.534 -nan -5.50648 3.19092 0 -1.26707 1.04324 -1.15258 0.215332 -0.488571 1.79222
408.105 -nan 6.63979 3.3577 0 -3.55875 1.40656 -1.28581 -0.0940552 -0.517029 1.79664
408.676 -nan 1.6564 2.67342 0 4.17655 -1.5124 -1.27908 -0.396889 -0.543137 1.79902
409.247 -nan -2.87337 1.31104 0 1.29975 0.0456161 -1.13202 -0.690308 -0.568024 1.79918
409.817 -nan 6.97968 -0.382843 0 -4.90203 1.77875 -0.865791 -0.972267 -0.594292 1.79966
410.388 -nan -0.906349 -1.98447 0 3.39123 -0.563835 -0.517029 -1.23743 -0.620522 1.80121
410.959 -nan -0.0445099 -3.08291 0 3.1075 -1.06551 -0.127769 -1.4795 -0.642052 1.79893
411.53 -nan 6.90057 -3.39017 0 -4.65363 1.68188 0.261703 -1.69915 -0.662079 1.79468
412.1 -nan -3.71816 -2.82887 0 0.49588 0.520912 0.617638 -1.89545 -0.681862 1.7897
412.671 -nan 2.40699 -1.54517 0 3.88696 -1.75603 0.912666 -2.06596 -0.700966 1.78683
413.242 -nan 6.40136 0.132889 0 -3.31088 1.11445 1.13 -2.20799 -0.717041 1.78175
413.813 -nan -6.09223 1.77176 0 -2.70913 1.3525 1.2604 -2.32222 -0.731697 1.7746
414.384 -nan 4.30975 2.95987 0 5.16619 -1.57178 1.30018 -2.41014 -0.747215 1.7681
414.954 -nan 5.45724 3.40192 0 -1.98083 0.148392 1.24712 -2.46973 -0.761711 1.76199
415.525 -nan -6.9977 2.981 0 -4.0097 1.76527 1.10074 -2.49682 -0.771141 1.75198
416.096 -nan 5.66854 1.80732 0 3.51912 -0.660728 0.870308 -2.49477 -0.77916 1.74066
416.667 -nan 4.02145 0.177383 0 0.818939 -0.970291 0.567635 -2.46442 -0.786507 1.72892
417.237 -nan -5.88793 -1.50522 0 -4.93757 1.71077 0.215393 -2.40836 -0.79335 1.71951
417.808 -nan 6.5332 -2.80463 0 2.25836 0.433235 -0.167702 -2.32249 -0.796867 1.70704
418.379 -nan 2.06422 -3.38556 0 3.89606 -1.7259 -0.548065 -2.20865 -0.798141 1.6928
418.95 -nan -3.38361 -3.10148 0 -4.91795 1.18562 -0.889809 -2.07019 -0.800995 1.67999
419.521 -nan 6.95232 -2.02102 0 0.51944 1.29485 -1.14668 -1.90669 -0.800873 1.66617
420.091 -nan -0.41571 -0.425392 0 4.49052 -1.62508 -1.28368 -1.71757 -0.796715 1.64936
420.662 -nan -0.532181 1.2722 0 -3.04343 0.246773 -1.28078 -1.50464 -0.79023 1.63061
421.233 -nan 6.94421 2.64587 0 -1.73225 1.74485 -1.1387 -1.27246 -0.783783 1.61279
421.804 -nan -3.21759 3.35133 0 5.13097 -0.757362 -0.879211 -1.02568 -0.7771 1.59664
422.374 -nan 2.0056 3.20658 0 -0.660065 -0.879234 -0.532814 -0.760162 -0.766808 1.57723
422.945 -nan 6.52074 2.25092 0 -3.88045 1.73301 -0.144188 -0.481201 -0.754478 1.55661
423.516 -nan -5.74783 0.728279 0 3.95463 0.338936 0.247963 -0.190651 -0.743851 1.5378
424.087 -nan 4.01106 -0.985634 0 1.01608 -1.69099 0.604271 0.104515 -0.728874 1.51629
424.658 -nan 5.65979 -2.45081 0 -5.18842 1.25034 0.901726 0.402702 -0.712097 1.49366
425.228 -nan -6.98135 -3.28899 0 2.03772 1.22913 1.123 0.701515 -0.691521 1.46772
425.799 -nan 5.4645 -3.28794 0 3.02162 -1.67175 1.2581 0.991814 -0.67379 1.44547
426.37 -nan 4.31861 -2.44119 0 -4.44931 0.34259 1.30041 1.26952 -0.654427 1.42238
426.941 -nan -6.21965 -0.970093 0 -0.68528 1.7234 1.24887 1.53083 -0.632187 1.39697
427.511 -nan 6.41259 0.741882 0 4.67995 -0.852234 1.10767 1.77314 -0.608574 1.3706
428.082 -nan 2.45381 2.26543 0 -3.88905 -0.781769 0.883881 1.98962 -0.585754 1.3456
428.653 -nan -3.88686 3.21404 0 -2.55518 1.75643 0.586037 2.1708 -0.560303 1.3185
429.224 -nan 6.90749 3.34833 0 4.93416 0.244797 0.232185 2.31541 -0.532654 1.28964
429.795 -nan 0.0588989 2.63827 0 -1.21268 -1.64405 -0.153976 2.42009 -0.50238 1.25861
430.365 -nan -1.03288 1.26029 0 -3.52339 1.31324 -0.534828 2.48268 -0.47583 1.23161
430.936 -nan 6.97672 -0.440742 0 3.69953 1.16643 -0.875542 2.49899 -0.44735 1.20288
431.507 -nan -2.70994 -2.03075 0 2.08371 -1.70927 -1.1348 2.46832 -0.416824 1.17225
432.078 -nan 1.58922 -3.10536 0 -5.12748 0.438034 -1.28035 2.39455 -0.385216 1.14126
432.648 -nan 6.63003 -3.38716 0 2.58238 1.6998 -1.28616 2.27713 -0.354324 1.11108
433.219 -nan -5.3558 -2.79742 0 3.65099 -0.94651 -1.1489 2.11664 -0.322098 1.07931
433.79 -nan 3.69389 -1.49346 0 -3.91215 -0.681496 -0.888603 1.91712 -0.287468 1.0451
434.361 -nan 5.84484 0.186539 0 -0.106926 1.77172 -0.542648 1.68549 -0.252419 1.01076
434.931 -nan -6.90058 1.82024 0 4.69216 0.148346 -0.156746 1.42974 -0.220772 0.979553
435.502 -nan 5.24167 2.98851 0 -2.84514 -1.59531 0.232063 1.15107 -0.187965 0.946663
436.073 -nan 4.59489 3.39844 0 -3.33693 1.36938 0.589783 0.855141 -0.153458 0.91188
436.644 -nan -6.50021 2.95258 0 5.0845 1.09772 0.892303 0.548393 -0.117912 0.876839
437.215 -nan 6.28005 1.75845 0 -1.11487 -1.74557 1.11785 0.238365 -0.0840378 0.842827
437.785 -nan 2.82774 0.116417 0 -4.24252 0.530388 1.25473 -0.0715103 -0.0496292 0.806969
438.356 -nan -4.37128 -1.55523 0 3.59238 1.66756 1.29966 -0.377609 -0.0133972 0.768982
438.927 -nan 6.85115 -2.83451 0 0.989548 -1.03839 1.25228 -0.673866 0.022522 0.7314
439.498 -nan 0.525696 -3.3912 0 -5.12118 -0.582062 1.11578 -0.952316 0.053894 0.69751
440.068 -nan -1.54298 -3.07541 0 1.30463 1.78396 0.893715 -1.21561 0.0873184 0.660736
440.639 -nan 6.99315 -1.97163 0 3.49261 0.0518188 0.598106 -1.45914 0.120926 0.622948
441.21 -nan -2.20415 -0.369164 0 -4.23209 -1.53951 0.246712 -1.68414 0.155899 0.585472
441.781 -nan 1.15327 1.32756 0 -0.405365 1.42725 -0.136421 -1.881 0.188011 0.548195
442.352 -nan 6.72258 2.6847 0 5.14419 1.02666 -0.519638 -2.0524 0.220039 0.510338
442.922 -nan -4.93033 3.35922 0 -2.76917 -1.76868 -0.865646 -2.19742 0.254425 0.468712
443.493 -nan 3.35986 3.18837 0 -2.42729 0.622261 -1.13005 -2.3149 0.285294 0.431381
444.064 -nan 6.0197 2.20898 0 4.66055 1.63548 -1.27766 -2.40285 0.314529 0.394371
444.635 -nan -6.7499 0.66877 0 0.0474167 -1.12243 -1.28574 -2.46095 0.34333 0.356117
445.206 -nan 5.0043 -1.04048 0 -4.36133 -0.480072 -1.15424 -2.49232 0.373962 0.316269
445.776 -nan 4.85609 -2.4912 0 4.30219 1.79528 -0.902039 -2.49703 0.404381 0.277466
446.347 -nan -6.72342 -3.30611 0 1.96797 -0.0471115 -0.560181 -2.46963 0.431862 0.238731
446.918 -nan 6.12891 -3.27241 0 -5.11483 -1.47502 -0.172836 -2.41328 0.458832 0.199226
447.489 -nan 3.18006 -2.40204 0 1.93254 1.47861 0.22052 -2.32819 0.487106 0.157051
448.059 -nan -4.8372 -0.917618 0 3.11914 0.950546 0.57901 -2.21906 0.512016 0.119339
448.63 -nan 6.78091 0.798431 0 -4.01048 -1.78703 0.880562 -2.08247 0.535439 0.0812454
449.201 -nan 0.97551 2.30685 0 -1.39095 0.707413 1.10648 -1.91946 0.557266 0.0426788
449.772 -nan -2.05672 3.231 0 4.9693 1.59824 1.25049 -1.73378 0.582214 0.00190735
450.342 -nan 7.00129 3.33942 0 -3.14733 -1.20911 1.30212 -1.52637 0.604897 -0.0372009
450.913 -nan -1.6949 2.60142 0 -3.25038 -0.378525 1.2588 -1.29738 0.624817 -0.0757675
451.484 -nan 0.702141 1.20651 0 4.21098 1.79832 1.12265 -1.04726 0.64418 -0.116501
452.055 -nan 6.80038 -0.494522 0 -0.590866 -0.148766 0.902412 -0.78125 0.663895 -0.1576
452.626 -nan -4.47575 -2.07657 0 -4.38007 -1.40574 0.610985 -0.50515 0.680641 -0.19503
453.196 -nan 3.00443 -3.12848 0 3.38081 1.52469 0.262131 -0.218147 0.695274 -0.23246
453.767 -nan 6.176 -3.37741 0 2.69765 0.872803 -0.120613 0.0770874 0.709106 -0.271156
454.338 -nan -6.54128 -2.76366 0 -5.13121 -1.79772 -0.506279 0.376663 0.725761 -0.311401
454.909 -nan 4.75148 -1.44067 0 1.70148 0.794388 -0.85334 0.673355 0.739273 -0.349403
455.479 -nan 5.10018 0.247734 0 3.93559 1.55881 -1.12125 0.964149 0.750069 -0.387245
456.05 -nan -6.88066 1.86753 0 -4.03152 -1.28918 -1.27412 1.24599 0.760117 -0.427238
456.621 -nan 5.96567 3.01443 0 -0.239319 -0.272804 -1.28921 1.51164 0.770309 -0.466499
457.192 -nan 3.5209 3.39899 0 5.02289 1.80006 -1.16304 1.7529 0.777687 -0.501953
457.763 -nan -5.2743 2.92221 0 -1.93441 -0.245865 -0.912964 1.96817 0.783379 -0.538322
458.333 -nan 6.69532 1.70691 0 -3.00378 -1.33009 -0.573784 2.15231 0.787971 -0.575272
458.904 -nan 1.40812 0.059433 0 4.41019 1.57053 -0.188713 2.30431 0.795746 -0.613594
459.475 -nan -2.57539 -1.60875 0 -0.206917 0.793938 0.202332 2.41293 0.798813 -0.649498
460.046 -nan 6.99206 -2.86884 0 -5.00864 -1.80042 0.563904 2.47794 0.800056 -0.685097
460.616 -nan -1.19519 -3.39425 0 3.43049 0.878365 0.871353 2.49754 0.799866 -0.723221
461.187 -nan 0.236053 -3.05217 0 1.78429 1.51296 1.10268 2.47262 0.800148 -0.758751
461.758 -nan 6.86723 -1.92555 0 -4.80333 -1.36425 1.2468 2.40118 0.797974 -0.791916
462.329 -nan -3.99713 -0.309982 0 0.587852 -0.172791 1.29887 2.28446 0.793381 -0.825356
462.9 -nan 2.63348 1.37884 0 3.94468 1.79563 1.25921 2.12724 0.789078 -0.860527
463.47 -nan 6.32221 2.71972 0 -4.63139 -0.346306 1.13123 1.9352 0.786697 -0.895752
464.041 -nan -6.27234 3.36993 0 -1.3444 -1.25309 0.915085 1.70714 0.779587 -0.928558
464.612 -nan 4.47935 3.1674 0 5.20761 1.60976 0.624496 1.45059 0.771011 -0.961296
465.183 -nan 5.32475 2.16738 0 -2.60151 0.706932 0.273315 1.16868 0.76049 -0.996582
465.753 -nan -6.97492 0.614578 0 -2.64655 -1.79514 -0.10611 0.875244 0.751213 -1.02734
466.324 -nan 5.78459 -1.09589 0 4.27621 0.956573 -0.489189 0.569473 0.739716 -1.05826
466.895 -nan 3.84104 -2.52808 0 0.700333 1.46413 -0.835022 0.258362 0.724823 -1.08704
467.466 -nan -5.67612 -3.31792 0 -4.68351 -1.43542 -1.10932 -0.0539856 0.712669 -1.1199
468.036 -nan 6.60042 -3.25688 0 3.64098 -0.0708084 -1.26968 -0.360176 0.698921 -1.15034
468.607 -nan 1.82701 -2.35892 0 2.77385 1.79208 -1.29293 -0.656319 0.68351 -1.17921
469.178 -nan -3.08874 -0.861504 0 -4.44732 -0.446709 -1.17278 -0.941345 0.664101 -1.20874
469.749 -nan 6.97044 0.851654 0 1.25577 -1.16686 -0.928894 -1.20956 0.64534 -1.23872
470.32 -nan -0.700386 2.34881 0 3.99973 1.64684 -0.59539 -1.45512 0.627075 -1.26577
470.89 -nan -0.247932 3.24802 0 -3.86925 0.624039 -0.212135 -1.67743 0.606621 -1.29107
471.461 -nan 6.91775 3.3241 0 -1.98942 -1.77947 0.179871 -1.87603 0.584023 -1.31648
472.032 -nan -3.5071 2.5639 0 5.07758 1.03288 0.545784 -2.05212 0.56308 -1.34476
472.603 -nan 2.24368 1.15167 0 -2.252 1.41598 0.855713 -2.19918 0.541306 -1.37038
473.174 -nan 6.45143 -0.555389 0 -3.56258 -1.50117 1.09107 -2.31674 0.51709 -1.39415
473.744 -nan -5.95087 -2.1216 0 4.39145 0.0323334 1.24134 -2.40611 0.489517 -1.4189
474.315 -nan 4.19296 -3.15083 0 -0.49749 1.78085 1.30002 -2.46725 0.46299 -1.44363
474.886 -nan 5.5389 -3.37329 0 -4.84814 -0.54557 1.26411 -2.49752 0.437447 -1.46503
475.457 -nan -6.99817 -2.72773 0 2.54666 -1.08027 1.13598 -2.49741 0.409561 -1.48527
476.027 -nan 5.58717 -1.3869 0 2.46642 1.67659 0.922638 -2.46866 0.379982 -1.5061
476.598 -nan 4.14548 0.304688 0 -4.50418 0.536049 0.637589 -2.41518 0.352318 -1.52917
477.169 -nan -6.03761 1.91785 0 0.798088 -1.76239 0.292847 -2.33098 0.32309 -1.54889
477.74 -nan 6.48782 3.04243 0 4.78055 1.10512 -0.0872116 -2.21856 0.292526 -1.56745
478.311 -nan 2.22379 3.39665 0 -4.00285 1.3581 -0.474258 -2.07798 0.258217 -1.58707
478.881 -nan -3.5969 2.89494 0 -1.12278 -1.56296 -0.824577 -1.91475 0.227089 -1.60536
479.452 -nan 6.93536 1.65842 0 4.86393 0.13134 -1.09941 -1.72729 0.196083 -1.62132
480.023 -nan -0.215332 0.00138092 0 -1.21879 1.76476 -1.2625 -1.51593 0.163383 -1.6356
480.594 -nan -0.740891 -1.65694 0 -3.45184 -0.643753 -1.29199 -1.28446 0.129654 -1.65163
481.164 -nan 6.9605 -2.89954 0 4.86065 -0.990158 -1.1827 -1.03691 0.0974884 -1.66882
481.735 -nan -3.00381 -3.39872 0 0.704956 1.7077 -0.944695 -0.771751 0.0643997 -1.68246
482.306 -nan 1.83525 -3.02504 0 -5.18084 0.446541 -0.61293 -0.49279 0.0305405 -1.69511
482.877 -nan 6.56507 -1.88046 0 3.22792 -1.7328 -0.22641 -0.200447 -0.00691986 -1.70896
483.447 -nan -5.58477 -0.254074 0 2.14511 1.17661 0.165268 0.0935974 -0.039505 -1.7204
484.018 -nan 3.88422 1.43278 0 -4.44682 1.3017 0.531143 0.391014 -0.0728302 -1.73077
484.589 -nan 5.73371 2.75121 0 0.0366516 -1.61306 0.841522 0.686554 -0.106255 -1.73799
485.16 -nan -6.95513 3.3755 0 4.29851 0.230804 1.08249 0.978401 -0.141418 -1.74951
485.731 -nan 5.37759 3.14617 0 -4.0792 1.7494 1.23714 1.25781 -0.174934 -1.75916
486.301 -nan 4.43347 2.11929 0 -2.2572 -0.739563 1.2994 1.52008 -0.207474 -1.76669
486.872 -nan -6.34661 0.557533 0 4.56976 -0.894661 1.26716 1.76289 -0.242821 -1.7731
487.443 -nan 6.36317 -1.14815 0 -1.89304 1.73324 1.14417 1.9798 -0.278122 -1.78034
488.014 -nan 2.60809 -2.56745 0 -3.56511 0.352646 0.936348 2.1626 -0.309746 -1.78566
488.584 -nan -4.09486 -3.32984 0 4.28612 -1.69723 0.652718 2.30841 -0.340698 -1.7888
489.155 -nan 6.88445 -3.23669 0 1.22258 1.24039 0.309029 2.41401 -0.37204 -1.79047
489.726 -nan 0.255241 -2.3176 0 -4.91158 1.23949 -0.069664 2.48122 -0.404503 -1.79616
490.297 -nan -1.24696 -0.804504 0 2.78153 -1.66379 -0.454185 2.5015 -0.434624 -1.79897
490.868 -nan 6.98632 0.911537 0 3.12553 0.32576 -0.806885 2.47525 -0.463257 -1.80001
491.438 -nan -2.49789 2.38976 0 -4.64115 1.72655 -1.08958 2.40221 -0.494308 -1.79985
492.009 -nan 1.41254 3.26544 0 1.20946 -0.838493 -1.26125 2.28692 -0.523224 -1.80038
492.58 -nan 6.66746 3.31499 0 4.59548 -0.798363 -1.29621 2.13015 -0.549423 -1.7993
493.151 -nan -5.17602 2.5239 0 -3.11909 1.75153 -1.18736 1.93401 -0.573265 -1.79518
493.721 -nan 3.55878 1.09695 0 -1.83094 0.258072 -0.952538 1.70531 -0.598022 -1.79173
494.292 -nan 5.91722 -0.610947 0 4.52058 -1.65509 -0.625534 1.45141 -0.623085 -1.79063
494.863 -nan -6.84526 -2.16866 0 -1.37309 1.30456 -0.244476 1.17441 -0.645233 -1.78706
495.434 -nan 5.14884 -3.17294 0 -4.45948 1.17589 0.148743 0.879448 -0.665543 -1.7812
496.005 -nan 4.70039 -3.36539 0 4.47836 -1.70509 0.519417 0.571175 -0.686821 -1.77493
496.575 -nan -6.60331 -2.69618 0 0.435959 0.425247 0.834747 0.260193 -0.705902 -1.76907
497.146 -nan 6.22124 -1.33492 0 -4.86469 1.70195 1.07522 -0.0492477 -0.72123 -1.76103
497.717 -nan 2.97372 0.362106 0 1.82914 -0.928925 1.23044 -0.354607 -0.734528 -1.75072
498.288 -nan -4.57209 1.96224 0 2.89337 -0.697762 1.29628 -0.651749 -0.748558 -1.74126
498.858 -nan 6.82589 3.06785 0 -5.01223 1.77086 1.27151 -0.934319 -0.762711 -1.73418
499.429 -nan 0.714584 3.39416 0 -0.0505524 0.165054 1.15282 -1.1997 -0.772804 -1.7235
