0 -nan 7 3.4 0 5.09995 1.8 -1.3 -2.5 -0.800003 -1.8
0.570776 -nan -1.88385 2.97007 0 -1.57988 -0.25856 -1.22841 -2.48483 -0.798454 -1.79889
1.14155 -nan 0.849663 1.78911 0 -3.73106 -1.30904 -1.02487 -2.44047 -0.795097 -1.79693
1.71233 -nan 6.79073 0.155952 0 4.82722 1.56535 -0.719475 -2.37005 -0.793159 -1.79748
2.28311 -nan -4.66815 -1.52343 0 -1.24949 0.794662 -0.3508 -2.26964 -0.787498 -1.79506
2.85388 -nan 3.10374 -2.81738 0 -4.16132 -1.80074 0.0390244 -2.14154 -0.779945 -1.79156
3.42466 -nan 6.14876 -3.38729 0 3.89252 0.876625 0.41571 -1.98252 -0.767166 -1.78408
3.99543 -nan -6.64147 -3.09246 0 0.983284 1.51878 0.745827 -1.80201 -0.756775 -1.77966
4.56621 -nan 4.8108 -2.0051 0 -4.45512 -1.38622 1.00965 -1.59735 -0.744705 -1.77428
5.13699 -nan 5.04881 -0.404144 0 4.02267 -0.159317 1.19071 -1.37121 -0.730309 -1.76667
5.70776 -nan -6.81806 1.29194 0 1.82001 1.79678 1.28558 -1.12238 -0.713745 -1.75841
6.27854 -nan 5.9958 2.65952 0 -5.23446 -0.361 1.28896 -0.856125 -0.697021 -1.75086
6.84932 -nan 3.43651 3.3562 0 2.38638 -1.23071 1.20034 -0.576027 -0.680206 -1.74368
7.42009 -nan -5.09699 3.20191 0 2.17488 1.60527 1.02059 -0.283783 -0.660149 -1.73348
7.99087 -nan 6.71117 2.2382 0 -4.85753 0.709572 0.757523 0.0186234 -0.636238 -1.72041
8.56164 -nan 1.27372 0.709587 0 1.05141 -1.79096 0.428581 0.324631 -0.612686 -1.70851
9.13242 -nan -2.37623 -1.00358 0 4.39304 0.956505 0.0549088 0.62854 -0.589302 -1.69688
9.7032 -nan 6.99306 -2.46474 0 -4.9563 1.47186 -0.333305 0.924026 -0.56488 -1.68336
10.274 -nan -1.37257 -3.29469 0 0.84256 -1.45345 -0.703575 1.21078 -0.537918 -1.66849
10.8447 -nan 0.390137 -3.28139 0 4.23119 -0.0574036 -1.01383 1.48262 -0.510262 -1.65393
11.4155 -nan 6.85989 -2.42772 0 -3.56129 1.7937 -1.22374 1.73273 -0.48378 -1.6408
11.9863 -nan -4.19209 -0.952019 0 -1.18867 -0.461113 -1.30127 1.95399 -0.455711 -1.62535
12.5571 -nan 2.73768 0.760658 0 5.07657 -1.14568 -1.23439 2.14316 -0.423546 -1.60633
13.1279 -nan 6.29768 2.2778 0 -3.58797 1.64139 -1.03558 2.2965 -0.391335 -1.58788
13.6986 -nan -6.39565 3.21933 0 -2.57832 0.621552 -0.733276 2.40997 -0.359535 -1.57008
14.2694 -nan 4.54142 3.34469 0 4.69757 -1.77554 -0.367836 2.47668 -0.328926 -1.55085
14.8402 -nan 5.28235 2.62424 0 -2.34203 1.02896 0.0223694 2.49942 -0.295616 -1.53008
15.411 -nan -6.94029 1.24066 0 -2.96603 1.4189 0.398575 2.47643 -0.261559 -1.50854
15.9817 -nan 5.8186 -0.460396 0 5.15099 -1.52039 0.731499 2.41203 -0.229614 -1.49019
16.5525 -nan 3.76814 -2.04896 0 -0.0501022 0.0413284 0.998428 2.30161 -0.196671 -1.46897
17.1233 -nan -5.51545 -3.11471 0 -3.90635 1.78297 1.18546 2.14928 -0.162331 -1.44569
17.6941 -nan 6.6155 -3.38344 0 4.34035 -0.563469 1.28493 1.95932 -0.12574 -1.42095
18.2648 -nan 1.70522 -2.78703 0 0.108719 -1.05666 1.292 1.73842 -0.0905228 -1.39745
18.8356 -nan -2.8956 -1.47453 0 -5.14442 1.67421 1.20426 1.49065 -0.0578613 -1.37331
19.4064 -nan 6.97273 0.209061 0 3.24944 0.533752 1.02686 1.21974 -0.0236664 -1.34729
19.9772 -nan -0.866768 1.83413 0 1.27499 -1.75017 0.767418 0.931313 0.0116425 -1.31963
20.5479 -nan -0.088562 2.99781 0 -4.65884 1.10288 0.444397 0.63533 0.044693 -1.29619
21.1187 -nan 6.91451 3.40028 0 2.37648 1.3666 0.0724869 0.332001 0.0778809 -1.26966
21.6895 -nan -3.69428 2.94184 0 3.47598 -1.57748 -0.316528 0.0285568 0.109894 -1.2428
22.2603 -nan 2.35247 1.7425 0 -5.27935 0.142319 -0.69178 -0.276192 0.146576 -1.21227
22.8311 -nan 6.43273 0.0979538 0 2.0857 1.77003 -1.00436 -0.569931 0.179703 -1.18379
23.4018 -nan -6.09016 -1.575 0 3.56347 -0.663406 -1.21733 -0.851669 0.211906 -1.15519
23.9726 -nan 4.25468 -2.84662 0 -4.09866 -0.965988 -1.29771 -1.11701 0.242561 -1.12392
24.5434 -nan 5.50055 -3.39059 0 -0.512367 1.7014 -1.23827 -1.36656 0.274826 -1.09206
25.1142 -nan -6.99682 -3.06718 0 4.51455 0.441338 -1.04828 -1.59596 0.306145 -1.06211
25.6849 -nan 5.6237 -1.95628 0 -4.5121 -1.7229 -0.753059 -1.80167 0.335381 -1.03236
26.2557 -nan 4.08282 -0.346336 0 -1.2927 1.16971 -0.390327 -1.98243 0.363571 -1.00119
26.8265 -nan -5.89668 1.3448 0 4.8684 1.30716 0.00165558 -2.1405 0.395004 -0.966713
27.3973 -nan 6.50565 2.69585 0 -2.62408 -1.63262 0.380318 -2.27107 0.424355 -0.9338
27.968 -nan 2.12293 3.36573 0 -1.89223 0.239555 0.716362 -2.37346 0.452019 -0.901459
28.5388 -nan -3.4119 3.18068 0 5.23363 1.75169 0.985779 -2.44363 0.476685 -0.866669
29.1096 -nan 6.93874 2.19422 0 -1.52388 -0.760628 1.17739 -2.48669 0.502625 -0.831062
29.6804 -nan -0.366676 0.652458 0 -4.13497 -0.871155 1.28139 -2.50181 0.528145 -0.796333
30.2511 -nan -0.583458 -1.06071 0 4.6844 1.72824 1.29284 -2.48794 0.551163 -0.763496
30.8219 -nan 6.95515 -2.50504 0 -0.882187 0.350723 1.21 -2.44325 0.572624 -0.728897
31.3927 -nan -3.18328 -3.30916 0 -4.37635 -1.68412 1.03708 -2.36976 0.595634 -0.69175
31.9635 -nan 1.94563 -3.26749 0 3.97654 1.23853 0.782875 -2.26885 0.618217 -0.655281
32.5342 -nan 6.55445 -2.38796 0 1.36237 1.24677 0.460648 -2.14069 0.639328 -0.61969
33.105 -nan -5.73075 -0.897247 0 -4.78486 -1.67703 0.0895309 -1.98222 0.65596 -0.582588
33.6758 -nan 3.9491 0.815712 0 3.18141 0.335289 -0.301239 -1.79822 0.673149 -0.544334
34.2466 -nan 5.70576 2.31957 0 2.45547 1.72978 -0.675545 -1.59058 0.69059 -0.505875
34.8174 -nan -6.98145 3.23739 0 -5.08342 -0.856949 -0.989883 -1.36343 0.705605 -0.470673
35.3881 -nan 5.41022 3.33313 0 2.33379 -0.778267 -1.20665 -1.11463 0.718323 -0.434174
35.9589 -nan 4.37981 2.58716 0 3.01814 1.74852 -1.297 -0.845879 0.731773 -0.394882
36.5297 -nan -6.23323 1.18736 0 -4.76094 0.252892 -1.24671 -0.562637 0.745407 -0.355797
37.1005 -nan 6.38012 -0.517967 0 0.00843811 -1.64236 -1.06353 -0.269196 0.758446 -0.318245
37.6712 -nan 2.52237 -2.09372 0 4.20235 1.29979 -0.768791 0.0331345 0.765976 -0.279053
38.242 -nan -3.92168 -3.13681 0 -4.60809 1.17982 -0.406143 0.339073 0.774025 -0.239594
38.8128 -nan 6.89212 -3.37684 0 -0.381897 -1.7162 -0.0140762 0.645744 0.781479 -0.198006
39.3836 -nan 0.125854 -2.75105 0 5.13152 0.428856 0.362366 0.941322 0.787674 -0.16185
39.9543 -nan -1.09258 -1.42085 0 -2.68124 1.7059 0.699928 1.22727 0.791817 -0.123192
40.5251 -nan 6.98163 0.267952 0 -1.69434 -0.94854 0.973206 1.49588 0.793709 -0.0842056
41.0959 -nan -2.66199 1.88461 0 4.82109 -0.678352 1.17207 1.74634 0.798729 -0.0433502
41.6667 -nan 1.51776 3.02533 0 -2.18428 1.76889 1.28095 1.96706 0.801048 -0.00442505
42.2374 -nan 6.65939 3.39937 0 -3.90006 0.157646 1.29601 2.15401 0.800644 0.0342789
42.8082 -nan -5.32607 2.91344 0 4.86411 -1.58781 1.21627 2.30373 0.797661 0.0752335
43.379 -nan 3.62465 1.69365 0 -1.42895 1.3604 1.04748 2.41384 0.795029 0.116508
43.9498 -nan 5.89691 0.0397034 0 -3.77086 1.11107 0.79882 2.47978 0.791939 0.15419
44.5205 -nan -6.89315 -1.62653 0 4.02406 -1.74728 0.480431 2.4995 0.786339 0.192154
45.0913 -nan 5.18005 -2.87776 0 1.28857 0.519493 0.112404 2.47211 0.778038 0.230652
45.6621 -nan 4.66195 -3.39612 0 -5.1474 1.6773 -0.278374 2.4036 0.772514 0.271164
46.2329 -nan -6.51778 -3.04221 0 4.01955 -1.04276 -0.654175 2.29056 0.764732 0.309883
46.8037 -nan 6.23592 -1.90786 0 2.00406 -0.581718 -0.97464 2.13734 0.755821 0.347466
47.3744 -nan 2.90475 -0.291306 0 -4.7403 1.78104 -1.19962 1.94348 0.742188 0.388023
47.9452 -nan -4.41669 1.39617 0 1.7946 0.0558472 -1.29761 1.71957 0.729668 0.428093
48.516 -nan 6.83115 2.72971 0 3.05963 -1.53053 -1.25334 1.4699 0.716957 0.466568
49.0868 -nan 0.605202 3.37109 0 -5.26651 1.41386 -1.07286 1.19914 0.702301 0.502762
49.6575 -nan -1.61228 3.15807 0 0.317078 1.03867 -0.782394 0.910973 0.685081 0.539909
50.2283 -nan 6.99757 2.14997 0 4.25829 -1.77168 -0.421936 0.612305 0.669128 0.579048
50.7991 -nan -2.13427 0.594292 0 -4.02757 0.610802 -0.0328369 0.30941 0.65284 0.616455
51.3699 -nan 1.06805 -1.11724 0 -0.0829315 1.64719 0.346703 0.00674438 0.635269 0.652298
51.9406 -nan 6.74994 -2.54372 0 5.08749 -1.13055 0.68856 -0.295143 0.613083 0.690338
52.5114 -nan -4.88317 -3.32277 0 -2.89931 -0.477242 0.967667 -0.589005 0.591034 0.728828
53.0822 -nan 3.27738 -3.25172 0 -2.48172 1.79286 1.16737 -0.869339 0.569595 0.765503
53.653 -nan 6.07178 -2.34404 0 4.68652 -0.0414963 1.27715 -1.13254 0.546684 0.799698
54.2237 -nan -6.73285 -0.840057 0 -2.35976 -1.46523 1.29394 -1.37807 0.521248 0.834068
54.7945 -nan 4.93373 0.872459 0 -3.70506 1.46551 1.22086 -1.60555 0.496445 0.870277
55.3653 -nan 4.9281 2.36343 0 4.90034 0.964973 1.05819 -1.8101 0.471588 0.905312
55.9361 -nan -6.74236 3.25605 0 -0.499733 -1.7898 0.814056 -1.98917 0.44725 0.938049
56.5069 -nan 6.07648 3.32211 0 -3.79719 0.697899 0.495575 -2.14353 0.417351 0.972839
57.0776 -nan 3.27097 2.55132 0 3.93675 1.60857 0.127815 -2.27176 0.388031 1.00735
57.6484 -nan -4.89383 1.1352 0 1.45004 -1.2178 -0.263466 -2.3737 0.358551 1.04233
58.2192 -nan 6.75295 -0.574516 0 -5.27048 -0.378059 -0.638565 -2.44288 0.329552 1.07208
58.79 -nan 1.07056 -2.13788 0 3.57098 1.79639 -0.961784 -2.48441 0.298454 1.10323
59.3607 -nan -2.1404 -3.15694 0 1.75534 -0.143257 -1.19158 -2.4977 0.266182 1.1351
59.9315 -nan 6.99863 -3.37025 0 -4.74265 -1.39799 -1.29661 -2.48448 0.236252 1.16638
60.5023 -nan -1.60313 -2.71578 0 1.1181 1.51347 -1.25884 -2.44096 0.206184 1.19533
61.0731 -nan 0.601547 -1.36813 0 3.65453 0.887398 -1.08308 -2.36694 0.172417 1.2252
61.6438 -nan 6.82734 0.324326 0 -5.16898 -1.79815 -0.796516 -2.26529 0.1381 1.25549
62.2146 -nan -4.40774 1.93286 0 0.714867 0.785088 -0.437546 -2.13757 0.103905 1.28641
62.7854 -nan 2.90732 3.05034 0 4.68795 1.56924 -0.048996 -1.98094 0.0716019 1.31174
63.3562 -nan 6.23041 3.395 0 -3.41232 -1.29544 0.332703 -1.79868 0.0373383 1.33854
63.9269 -nan -6.50683 2.88192 0 -0.924446 -0.274094 0.675499 -1.59104 0.00177765 1.36498
64.4977 -nan 4.66646 1.64081 0 4.91865 1.80012 0.955742 -1.36586 -0.0307159 1.39165
65.0685 -nan 5.17861 -0.0198898 0 -2.96571 -0.242088 1.15807 -1.11835 -0.0640411 1.41636
65.6393 -nan -6.89749 -1.67802 0 -3.39713 -1.32382 1.27267 -0.852486 -0.0974808 1.43973
66.21 -nan 5.90184 -2.90942 0 4.85439 1.55919 1.29716 -0.569122 -0.134285 1.46577
66.7808 -nan 3.62059 -3.40025 0 -1.82095 0.805794 1.22849 -0.275681 -0.169273 1.49049
67.3516 -nan -5.34194 -3.01641 0 -3.48042 -1.80096 1.06817 0.0245209 -0.202156 1.51185
67.9224 -nan 6.66019 -1.86011 0 4.54974 0.864983 0.823341 0.329514 -0.235611 1.53194
68.4931 -nan 1.51931 -0.234901 0 0.753906 1.52296 0.507698 0.634842 -0.270271 1.5528
69.0639 -nan -2.67651 1.44997 0 -4.7314 -1.37202 0.144135 0.932213 -0.30262 1.57359
69.6347 -nan 6.98445 2.76505 0 3.97114 -0.175728 -0.24408 1.21804 -0.333824 1.59221
70.2055 -nan -1.07734 3.37757 0 1.5884 1.79762 -0.621773 1.48734 -0.364563 1.6093
70.7763 -nan 0.116531 3.1385 0 -5.05743 -0.344604 -0.951248 1.73814 -0.398232 1.62875
71.347 -nan 6.89253 2.10603 0 2.34729 -1.24483 -1.18754 1.96096 -0.430267 1.64735
71.9178 -nan -3.90352 0.536888 0 2.83344 1.6009 -1.29629 2.14922 -0.459465 1.66292
72.4886 -nan 2.51772 -1.16954 0 -5.09587 0.722092 -1.26157 2.29946 -0.487579 1.67638
73.0594 -nan 6.37354 -2.57919 0 0.464668 -1.79179 -1.08985 2.41 -0.516518 1.69032
73.6301 -nan -6.21801 -3.3344 0 4.24033 0.944679 -0.809692 2.47849 -0.543633 1.70468
74.2009 -nan 4.37871 -3.23228 0 -4.42482 1.47846 -0.454773 2.50065 -0.56868 1.71684
74.7717 -nan 5.41143 -2.29929 0 -0.0736847 -1.44041 -0.0676117 2.4759 -0.591583 1.7268
75.3425 -nan -6.98389 -0.784508 0 4.99617 -0.0735626 0.316902 2.40798 -0.617744 1.73949
75.9132 -nan 5.70948 0.929298 0 -2.60376 1.79459 0.662445 2.29692 -0.641571 1.75095
76.484 -nan 3.95422 2.40672 0 -2.28592 -0.445213 0.946014 2.14506 -0.662865 1.76057
77.0548 -nan -5.75163 3.27055 0 4.82714 -1.16058 1.15115 1.953 -0.681244 1.76667
77.6256 -nan 6.55246 3.30903 0 -2.40935 1.63651 1.27007 1.72912 -0.699913 1.77348
78.1963 -nan 1.95555 2.51294 0 -3.83884 0.635101 1.29781 1.48085 -0.717529 1.78074
78.7671 -nan -3.21196 1.07757 0 4.52316 -1.77929 1.23189 1.21117 -0.732246 1.78588
79.3379 -nan 6.95361 -0.632904 0 -0.393608 1.01767 1.07453 0.924316 -0.744118 1.78849
79.9087 -nan -0.560356 -2.18314 0 -3.92833 1.42674 0.834549 0.625069 -0.758675 1.79389
80.4794 -nan -0.387772 -3.18037 0 3.99038 -1.50856 0.523262 0.321404 -0.770462 1.79761
81.0502 -nan 6.94265 -3.36405 0 1.88399 0.0257034 0.160484 0.018158 -0.781342 1.80142
81.621 -nan -3.38123 -2.68102 0 -5.36884 1.78357 -0.230621 -0.283745 -0.786346 1.79951
82.1918 -nan 2.1072 -1.3166 0 3.13941 -0.547142 -0.610901 -0.576752 -0.792274 1.79958
82.7626 -nan 6.50486 0.380119 0 2.21745 -1.07206 -0.941856 -0.85907 -0.797234 1.79942
83.3333 -nan -5.86834 1.98091 0 -4.66558 1.66954 -1.17793 -1.1217 -0.798706 1.79712
83.9041 -nan 4.0696 3.07454 0 0.538452 0.547806 -1.29136 -1.36879 -0.798172 1.79329
84.4749 -nan 5.62748 3.39105 0 4.35 -1.75633 -1.2649 -1.59721 -0.79702 1.78961
85.0457 -nan -6.99622 2.85261 0 -4.97201 1.09338 -1.10332 -1.8041 -0.796272 1.78724
85.6164 -nan 5.49762 1.58949 0 -0.0446396 1.37525 -0.828186 -1.98532 -0.792847 1.78306
86.1872 -nan 4.26684 -0.0769196 0 4.60684 -1.56797 -0.473167 -2.14003 -0.784302 1.77456
86.758 -nan -6.11685 -1.72601 0 -2.81681 0.127335 -0.084259 -2.26924 -0.775688 1.76685
87.3288 -nan 6.43047 -2.93864 0 -1.85605 1.77139 0.300476 -2.37148 -0.766396 1.75932
87.8995 -nan 2.37492 -3.39964 0 5.3366 -0.645241 0.64492 -2.4426 -0.754967 1.75008
88.4703 -nan -3.74043 -2.98642 0 -2.17969 -0.982796 0.931038 -2.48521 -0.740936 1.73906
89.0411 -nan 6.91074 -1.81059 0 -3.8298 1.69817 1.1418 -2.49966 -0.725761 1.72774
89.6119 -nan -0.0504074 -0.175194 0 4.33237 0.456955 1.26793 -2.48763 -0.711998 1.71852
90.1826 -nan -0.909592 1.50423 0 -0.826385 -1.73038 1.30036 -2.44473 -0.695503 1.70693
90.7534 -nan 6.97491 2.79842 0 -4.43265 1.16227 1.23737 -2.37071 -0.675072 1.6921
91.3242 -nan -2.84668 3.3843 0 4.01902 1.31408 1.08338 -2.26852 -0.65332 1.67686
91.895 -nan 1.67599 3.11762 0 2.14128 -1.62333 0.84613 -2.13985 -0.631805 1.66237
92.4658 -nan 6.62024 2.05883 0 -4.69919 0.224129 0.5382 -1.9843 -0.609421 1.64645
93.0365 -nan -5.46786 0.478676 0 2.91096 1.75325 0.176247 -1.80197 -0.584541 1.62871
93.6073 -nan 3.7414 -1.22336 0 2.73737 -0.743546 -0.212921 -1.59493 -0.55809 1.61012
94.1781 -nan 5.83047 -2.61992 0 -5.12447 -0.890617 -0.594025 -1.3683 -0.533821 1.59436
94.7489 -nan -6.93162 -3.34695 0 0.504021 1.72613 -0.926201 -1.12053 -0.507645 1.57626
95.3196 -nan 5.26603 -3.21333 0 3.7556 0.364487 -1.16946 -0.852661 -0.478264 1.55526
95.8904 -nan 4.56319 -2.25924 0 -4.28471 -1.6917 -1.29061 -0.568069 -0.4468 1.53314
96.4612 -nan -6.43015 -0.730232 0 -0.758736 1.23102 -1.27143 -0.27314 -0.416313 1.51218
97.032 -nan 6.28835 0.984398 0 5.18668 1.2535 -1.11311 0.0270844 -0.386261 1.48998
97.6027 -nan 2.77478 2.44421 0 -3.32999 -1.66772 -0.840187 0.332504 -0.354126 1.46615
98.1735 -nan -4.25578 3.28329 0 -1.739 0.320656 -0.488693 0.63752 -0.32045 1.44077
98.7443 -nan 6.85452 3.29677 0 4.91847 1.73463 -0.103539 0.936172 -0.289856 1.41965
99.3151 -nan 0.448181 2.47266 0 -1.18014 -0.840225 0.280724 1.22298 -0.25708 1.39481
99.8858 -nan -1.44397 1.0211 0 -4.00398 -0.795624 0.629509 1.49239 -0.224274 1.36924
100.457 -nan 6.99498 -0.687668 0 4.97585 1.74806 0.922989 1.74344 -0.186989 1.34059
101.027 -nan -2.30503 -2.22791 0 -0.653877 0.267403 1.13781 1.96442 -0.152992 1.31397
101.598 -nan 1.21922 -3.20112 0 -4.69203 -1.6493 1.26521 2.15165 -0.11956 1.28672
102.169 -nan 6.71826 -3.35073 0 2.97704 1.29065 1.29852 2.29988 -0.0850601 1.25655
102.74 -nan -5.02348 -2.6436 0 1.83168 1.18692 1.24059 2.40958 -0.04953 1.22636
103.311 -nan 3.39175 -1.26176 0 -4.97937 -1.70894 1.09473 2.47757 -0.0162125 1.19878
103.881 -nan 6.01569 0.441025 0 2.78405 0.414497 0.86338 2.4986 0.0169449 1.16956
104.452 -nan -6.78947 2.02851 0 3.58928 1.7095 0.558868 2.47274 0.0502472 1.1388
105.023 -nan 5.01888 3.0994 0 -4.4859 -0.936172 0.196609 2.4021 0.0875244 1.10526
105.594 -nan 4.84366 3.38949 0 0.73156 -0.695839 -0.191124 2.28844 0.120872 1.07401
106.164 -nan -6.68207 2.82184 0 3.88857 1.76751 -0.573456 2.13407 0.153603 1.0423
106.735 -nan 6.12906 1.53793 0 -4.23197 0.170944 -0.908279 1.93973 0.185577 1.00756
107.306 -nan 3.15685 -0.133804 0 -1.76408 -1.59705 -1.15874 1.71593 0.218658 0.973854
107.877 -nan -4.75504 -1.77634 0 5.21712 1.35139 -1.2881 1.46611 0.250587 0.940811
108.447 -nan 6.77949 -2.96954 0 -3.11906 1.12234 -1.27682 1.19607 0.280052 0.908737
109.018 -nan 0.932816 -3.39967 0 -2.28716 -1.74125 -1.12522 0.907402 0.310699 0.873497
109.589 -nan -1.98508 -2.96028 0 4.84874 0.508171 -0.856148 0.606712 0.343292 0.836716
110.16 -nan 7.00142 -1.76344 0 -0.497177 1.68214 -0.507118 0.302322 0.373878 0.801338
110.731 -nan -1.75973 -0.117004 0 -4.51101 -1.02767 -0.120033 -0.00120544 0.401917 0.766312
111.301 -nan 0.742516 1.55378 0 4.78663 -0.596031 0.266357 -0.301277 0.428696 0.728737
111.872 -nan 6.80311 2.82858 0 0.447968 1.77885 0.619148 -0.59388 0.456825 0.691071
112.443 -nan -4.54314 3.38933 0 -4.70836 0.0727539 0.912338 -0.873085 0.483376 0.655182
113.014 -nan 3.01723 3.09116 0 2.68994 -1.54269 1.12869 -1.13525 0.507118 0.620277
113.584 -nan 6.18406 2.01055 0 2.36292 1.40544 1.25958 -1.3811 0.531227 0.58239
114.155 -nan -6.57698 0.422432 0 -5.33945 1.04942 1.30044 -1.6091 0.557098 0.542831
114.726 -nan 4.74935 -1.27801 0 1.47958 -1.76962 1.24799 -1.81353 0.580994 0.504906
115.297 -nan 5.10693 -2.6571 0 3.94366 0.598709 1.1037 -1.99233 0.602325 0.467346
115.868 -nan -6.86115 -3.35397 0 -4.19865 1.64749 0.871735 -2.14368 0.621094 0.427292
116.438 -nan 5.95477 -3.19382 0 0.258957 -1.1154 0.569565 -2.271 0.641266 0.388191
117.009 -nan 3.5215 -2.21575 0 4.84559 -0.494507 0.212288 -2.37098 0.660454 0.349297
117.58 -nan -5.22697 -0.669098 0 -3.30171 1.79017 -0.171326 -2.44128 0.675911 0.313805
118.151 -nan 6.68831 1.04089 0 -2.5882 -0.0249863 -0.555649 -2.48358 0.692261 0.273521
118.721 -nan 1.3995 2.48473 0 4.68191 -1.47894 -0.896378 -2.49776 0.708168 0.233406
119.292 -nan -2.53566 3.30209 0 -2.39645 1.46152 -1.15346 -2.48501 0.724686 0.193771
119.863 -nan 6.99105 3.28212 0 -3.61124 0.97612 -1.28685 -2.44032 0.736519 0.155113
120.434 -nan -1.21719 2.43195 0 4.70904 -1.7854 -1.27827 -2.3654 0.746521 0.114685
121.005 -nan 0.247864 0.968773 0 0.605164 0.687004 -1.13149 -2.2643 0.757454 0.074173
121.575 -nan 6.87402 -0.743889 0 -4.15077 1.61263 -0.867409 -2.13691 0.767639 0.0348816
122.146 -nan -4.03011 -2.27285 0 3.78452 -1.19877 -0.523544 -1.98388 0.77459 -0.0010376
122.717 -nan 2.62241 -3.21904 0 1.9137 -0.395271 -0.136009 -1.80285 0.781509 -0.0414124
123.288 -nan 6.33683 -3.34188 0 -5.36703 1.79662 0.251266 -1.59828 0.787613 -0.0813293
123.858 -nan -6.29718 -2.60998 0 1.86908 -0.126556 0.606613 -1.37328 0.795502 -0.120934
124.429 -nan 4.45758 -1.20734 0 2.75694 -1.41199 0.901436 -1.12564 0.797066 -0.15937
125 -nan 5.35045 0.497414 0 -4.54577 1.50806 1.1216 -0.85955 0.797867 -0.198746
125.571 -nan -6.96911 2.07122 0 -0.0490799 0.895782 1.2565 -0.577072 0.798042 -0.239708
126.142 -nan 5.7615 3.12263 0 5.00106 -1.79714 1.30042 -0.286476 0.798531 -0.277245
126.712 -nan 3.86993 3.38183 0 -4.11455 0.769875 1.25052 0.0119171 0.79628 -0.31385
127.283 -nan -5.65843 2.78534 0 -0.817909 1.5732 1.10941 0.316139 0.792458 -0.352173
127.854 -nan 6.58247 1.48647 0 4.78598 -1.28098 0.883965 0.621552 0.789238 -0.392181
128.425 -nan 1.85154 -0.192879 0 -1.7299 -0.293159 0.585945 0.920525 0.786407 -0.430664
128.995 -nan -3.08815 -1.82728 0 -3.57574 1.80101 0.230049 1.20718 0.778816 -0.467659
129.566 -nan 6.96449 -2.99615 0 5.23906 -0.227402 -0.157898 1.47865 0.769562 -0.505867
130.137 -nan -0.683281 -3.39914 0 -1.22007 -1.33566 -0.54435 1.72953 0.759567 -0.545273
130.708 -nan -0.268524 -2.93118 0 -4.48024 1.5539 -0.885536 1.95112 0.750549 -0.580948
131.279 -nan 6.92852 -1.71042 0 3.28357 0.818176 -1.14257 2.1396 0.738907 -0.615929
131.849 -nan -3.49719 -0.0576172 0 1.4502 -1.79809 -1.28086 2.29185 0.725166 -0.652039
132.42 -nan 2.20486 1.60566 0 -5.04008 0.853317 -1.28149 2.40626 0.712273 -0.689758
132.991 -nan 6.47652 2.8638 0 2.97728 1.53276 -1.14275 2.47765 0.699722 -0.726051
133.562 -nan -5.94923 3.39449 0 3.5407 -1.35813 -0.881691 2.50047 0.682999 -0.760796
134.132 -nan 4.14548 3.0672 0 -4.479 -0.190735 -0.5364 2.47715 0.664482 -0.796272
134.703 -nan 5.5764 1.96762 0 0.827568 1.79867 -0.148415 2.40888 0.644913 -0.833168
135.274 -nan -6.99969 0.365036 0 3.96097 -0.328636 0.236824 2.29851 0.627281 -0.865837
135.845 -nan 5.5473 -1.33216 0 -4.26012 -1.25903 0.590927 2.1461 0.607056 -0.898224
136.416 -nan 4.19625 -2.69044 0 -1.93102 1.59258 0.888222 1.95584 0.584717 -0.930626
136.986 -nan -6.04646 -3.36408 0 5.05409 0.734451 1.11426 1.73499 0.56311 -0.965347
137.557 -nan 6.46057 -3.17532 0 -2.87178 -1.79693 1.25457 1.48761 0.541611 -0.998268
138.128 -nan 2.28657 -2.16999 0 -2.50292 0.93277 1.30123 1.21636 0.517044 -1.02937
138.699 -nan -3.63334 -0.614456 0 4.93726 1.4839 1.25426 0.927299 0.490173 -1.06126
139.269 -nan 6.92436 1.09286 0 -0.162857 -1.43147 1.11607 0.626541 0.462204 -1.09464
139.84 -nan -0.155174 2.52452 0 -4.61893 -0.0891724 0.894562 0.324837 0.437157 -1.12335
140.411 -nan -0.801826 3.31385 0 4.40952 1.79389 0.597588 0.0209351 0.409615 -1.15244
140.982 -nan 6.96568 3.26284 0 0.951347 -0.427948 0.242966 -0.279167 0.379967 -1.18015
141.553 -nan -2.95155 2.3919 0 -4.9609 -1.17702 -0.143753 -0.572563 0.3517 -1.21163
142.123 -nan 1.76263 0.910995 0 2.29285 1.63303 -0.528969 -0.852623 0.322472 -1.23968
142.694 -nan 6.59825 -0.804436 0 3.04607 0.650932 -0.873215 -1.11715 0.293114 -1.26664
143.265 -nan -5.54754 -2.314 0 -5.18363 -1.78207 -1.13627 -1.36658 0.258636 -1.29471
143.836 -nan 3.813 -3.2374 0 0.618446 1.01106 -1.28082 -1.59502 0.226158 -1.32236
144.406 -nan 5.7888 -3.33193 0 4.36169 1.4338 -1.2854 -1.79973 0.19471 -1.34807
144.977 -nan -6.94676 -2.56886 0 -3.9117 -1.49515 -1.14861 -1.9784 0.162979 -1.37106
145.548 -nan 5.31364 -1.15235 0 -0.803833 0.01091 -0.892212 -2.13316 0.129234 -1.39508
146.119 -nan 4.50571 0.554214 0 5.13574 1.78542 -0.552986 -2.26434 0.0958939 -1.42117
146.689 -nan -6.38089 2.1202 0 -2.19843 -0.529297 -0.169983 -2.36642 0.0633392 -1.44469
147.26 -nan 6.31804 3.14707 0 -3.25732 -1.09158 0.216827 -2.43929 0.0305252 -1.46642
147.831 -nan 2.70003 3.37638 0 4.69169 1.6665 0.576973 -2.48368 -0.00650787 -1.48935
148.402 -nan -4.16787 2.75521 0 -1.36637 0.55941 0.879486 -2.50013 -0.0413361 -1.51154
148.973 -nan 6.86786 1.43477 0 -4.44261 -1.7631 1.10725 -2.48721 -0.0748825 -1.53198
149.543 -nan 0.359764 -0.251724 0 3.71143 1.08187 1.24736 -2.44285 -0.107475 -1.54896
150.114 -nan -1.34779 -1.87382 0 1.71983 1.37843 1.2985 -2.3713 -0.14241 -1.56799
150.685 -nan 6.99165 -3.02295 0 -4.62553 -1.55693 1.25835 -2.27386 -0.176903 -1.58799
151.256 -nan -2.39368 -3.39865 0 2.98987 0.110046 1.12648 -2.14899 -0.209686 -1.60609
151.826 -nan 1.29737 -2.89974 0 3.28606 1.77335 0.907013 -1.99544 -0.242607 -1.62223
152.397 -nan 6.70181 -1.66245 0 -4.88673 -0.629906 0.609833 -1.81423 -0.278648 -1.63946
152.968 -nan -5.09946 -0.00230408 0 0.208626 -0.9991 0.256935 -1.61111 -0.312225 -1.65597
153.539 -nan 3.45592 1.65672 0 3.85756 1.69813 -0.128571 -1.3857 -0.344185 -1.67079
154.11 -nan 5.98129 2.89181 0 -3.99921 0.469635 -0.512871 -1.13867 -0.373665 -1.68168
154.68 -nan -6.81505 3.39523 0 -1.79213 -1.73306 -0.860054 -0.873276 -0.405342 -1.69497
155.251 -nan 5.06244 3.04211 0 5.3894 1.15337 -1.12729 -0.593803 -0.436394 -1.70882
155.822 -nan 4.79854 1.91713 0 -2.33682 1.32438 -1.27746 -0.303375 -0.465118 -1.72088
156.393 -nan -6.64881 0.304672 0 -2.55762 -1.61118 -1.28804 -0.00296783 -0.493057 -1.73082
156.963 -nan 6.15972 -1.38456 0 4.54279 0.210159 -1.15765 0.305176 -0.523354 -1.74177
157.534 -nan 3.09685 -2.72713 0 0.131439 1.75713 -0.906937 0.610008 -0.550697 -1.75185
158.105 -nan -4.68581 -3.37369 0 -5.00416 -0.728508 -0.569496 0.90892 -0.576355 -1.76076
158.676 -nan 6.79124 -3.15028 0 4.15575 -0.905533 -0.18573 1.19537 -0.597832 -1.76474
159.247 -nan 0.857986 -2.12454 0 0.939644 1.72161 0.203064 1.46869 -0.622391 -1.77277
159.817 -nan -1.90623 -0.557205 0 -4.74115 0.376648 0.562737 1.71972 -0.645111 -1.77965
160.388 -nan 7.00092 1.1526 0 1.49494 -1.70099 0.866058 1.9423 -0.665382 -1.7858
160.959 -nan -1.83407 2.56358 0 3.7604 1.21924 1.09797 2.13348 -0.684662 -1.7894
161.53 -nan 0.813042 3.32621 0 -5.18023 1.26163 1.2457 2.2888 -0.703812 -1.7935
162.1 -nan 6.79327 3.25085 0 0.750458 -1.66237 1.30274 2.40404 -0.722198 -1.79797
162.671 -nan -4.60802 2.35067 0 4.61534 0.30658 1.26419 2.47288 -0.736137 -1.79916
163.242 -nan 3.0736 0.855484 0 -2.93787 1.73447 1.13248 2.49464 -0.747353 -1.79779
163.813 -nan 6.15738 -0.856964 0 -1.96047 -0.823853 0.91745 2.47317 -0.760033 -1.79871
164.384 -nan -6.6071 -2.35648 0 5.25183 -0.810028 0.627853 2.40669 -0.771431 -1.79944
164.954 -nan 4.78694 -3.25637 0 -2.28674 1.74511 0.281555 2.29688 -0.780228 -1.79906
165.525 -nan 5.06905 -3.31855 0 -4.06036 0.283119 -0.104263 2.14291 -0.78698 -1.7962
166.096 -nan -6.84499 -2.53181 0 4.08761 -1.65748 -0.491898 1.95277 -0.792877 -1.79365
166.667 -nan 5.98405 -1.10014 0 0.00191498 1.28651 -0.844727 1.73084 -0.798935 -1.79215
167.237 -nan 3.47522 0.612129 0 -4.5644 1.1979 -1.11473 1.48039 -0.79863 -1.78576
167.808 -nan -5.17223 2.16298 0 3.56469 -1.7008 -1.27111 1.20731 -0.797379 -1.77903
168.379 -nan 6.70218 3.16514 0 2.9464 0.402039 -1.28996 0.917603 -0.795502 -1.77251
168.95 -nan 1.34248 3.36904 0 -4.83846 1.71252 -1.1694 0.620384 -0.793945 -1.76758
169.521 -nan -2.47392 2.71799 0 1.84325 -0.916656 -0.92466 0.317726 -0.789101 -1.76028
170.091 -nan 6.99178 1.38019 0 3.4838 -0.713745 -0.587906 0.0113068 -0.781624 -1.75103
170.662 -nan -1.27929 -0.308395 0 -4.4989 1.7643 -0.20327 -0.291084 -0.773735 -1.74235
171.233 -nan 0.304878 -1.92418 0 -1.31431 0.185608 0.187607 -0.584122 -0.76535 -1.73412
171.804 -nan 6.86646 -3.05004 0 4.98054 -1.60876 0.548813 -0.863098 -0.751884 -1.72163
172.374 -nan -4.08522 -3.39402 0 -3.3928 1.34306 0.856163 -1.12801 -0.736778 -1.70834
172.945 -nan 2.6707 -2.86927 0 -2.28665 1.12859 1.09118 -1.37544 -0.721619 -1.69585
173.516 -nan 6.31929 -1.60994 0 4.98228 -1.7366 1.24155 -1.60107 -0.7071 -1.68456
174.087 -nan -6.32304 0.0597076 0 -0.584084 0.49189 1.30003 -1.80315 -0.689667 -1.6709
174.658 -nan 4.49123 1.70749 0 -4.31936 1.68413 1.26571 -1.98357 -0.669266 -1.65534
175.228 -nan 5.32253 2.92279 0 4.5191 -1.01076 1.1405 -2.13923 -0.648766 -1.64043
175.799 -nan -6.96591 3.40102 0 1.04714 -0.613686 0.92981 -2.26842 -0.628227 -1.62598
176.37 -nan 5.78399 3.01529 0 -4.94948 1.77821 0.640686 -2.36589 -0.603165 -1.60693
176.941 -nan 3.83157 1.86967 0 2.41346 0.0874252 0.292694 -2.43733 -0.577614 -1.58825
177.511 -nan -5.62135 0.250862 0 2.90332 -1.55115 -0.0914383 -2.48102 -0.551018 -1.5692
178.082 -nan 6.59569 -1.43945 0 -5.14337 1.40005 -0.476013 -2.4972 -0.527435 -1.55281
178.653 -nan 1.8096 -2.76227 0 0.248367 1.06035 -0.827942 -2.48292 -0.499794 -1.53275
179.224 -nan -3.03966 -3.37857 0 4.4544 -1.76285 -1.10474 -2.44016 -0.470238 -1.51143
179.795 -nan 6.9695 -3.13155 0 -3.82011 0.585846 -1.27009 -2.37114 -0.440567 -1.49107
180.365 -nan -0.72757 -2.08029 0 -1.09406 1.65515 -1.29576 -2.2737 -0.411217 -1.47031
180.936 -nan -0.224266 -0.498978 0 5.2463 -1.09922 -1.17616 -2.14587 -0.378914 -1.44582
181.507 -nan 6.92281 1.20321 0 -1.61691 -0.511444 -0.932671 -1.99242 -0.345665 -1.42117
182.078 -nan -3.54137 2.59895 0 -3.57577 1.78898 -0.598793 -1.81448 -0.312393 -1.39679
182.648 -nan 2.24036 3.33818 0 4.58507 -0.00910187 -0.219894 -1.61607 -0.282913 -1.37501
183.219 -nan 6.46199 3.23037 0 -0.675491 -1.49158 0.170898 -1.39172 -0.249016 -1.34912
183.79 -nan -5.97305 2.30617 0 -4.8775 1.45164 0.534447 -1.14703 -0.214813 -1.32262
184.361 -nan 4.17522 0.800392 0 2.99215 0.986275 0.847733 -0.884422 -0.179939 -1.29743
184.932 -nan 5.55962 -0.91494 0 2.36129 -1.7849 1.08445 -0.607132 -0.146339 -1.27048
185.502 -nan -7.00001 -2.39886 0 -4.72569 0.673035 1.23692 -0.316986 -0.111847 -1.24213
186.073 -nan 5.56719 -3.26983 0 2.11247 1.61594 1.29824 -0.0162888 -0.0751495 -1.21135
186.644 -nan 4.1702 -3.30595 0 4.13478 -1.18569 1.26879 0.286316 -0.0413513 -1.1838
187.215 -nan -6.02618 -2.49152 0 -4.22219 -0.412201 1.14758 0.587288 -0.00926971 -1.15625
187.785 -nan 6.46862 -1.04066 0 -0.836105 1.7953 0.938957 0.884911 0.0244675 -1.12613
188.356 -nan 2.25532 0.669594 0 4.39651 -0.110001 0.653587 1.17461 0.0598526 -1.09491
188.927 -nan -3.60357 2.20972 0 -3.17171 -1.42559 0.308357 1.4497 0.0946808 -1.06503
189.498 -nan 6.92876 3.18903 0 -3.10699 1.50329 -0.0738525 1.70071 0.127342 -1.03381
190.068 -nan -0.186172 3.36018 0 5.09409 0.908485 -0.462234 1.92558 0.160736 -1.00066
190.639 -nan -0.768127 2.6841 0 -0.90181 -1.7946 -0.818306 2.1199 0.195419 -0.965889
191.21 -nan 6.96558 1.32874 0 -3.71085 0.759674 -1.09806 2.27792 0.22699 -0.934486
191.781 -nan -2.97755 -0.368004 0 3.9103 1.5792 -1.26434 2.39435 0.256676 -0.902809
192.352 -nan 1.7879 -1.97121 0 1.86051 -1.26512 -1.29358 2.46768 0.287682 -0.868469
192.922 -nan 6.58787 -3.07442 0 -5.39124 -0.309227 -1.18196 2.49767 0.319885 -0.833595
193.493 -nan -5.56656 -3.39388 0 2.64347 1.80216 -0.945908 2.48309 0.351105 -0.800148
194.064 -nan 3.83163 -2.83873 0 2.7277 -0.210785 -0.614906 2.41903 0.379608 -0.765015
194.635 -nan 5.7758 -1.55893 0 -4.42203 -1.35115 -0.23275 2.31044 0.40818 -0.728485
195.205 -nan -6.95075 0.112953 0 -0.480652 1.54859 0.159943 2.16035 0.437675 -0.690453
195.776 -nan 5.32987 1.75739 0 5.00066 0.828873 0.523125 1.97582 0.463638 -0.656441
196.347 -nan 4.49043 2.95252 0 -4.07957 -1.79956 0.833725 1.75702 0.488182 -0.621239
196.918 -nan -6.3692 3.3984 0 -1.52218 0.840141 1.0735 1.50912 0.512703 -0.584251
197.489 -nan 6.32658 2.98821 0 4.74718 1.53652 1.23257 1.23885 0.53933 -0.546326
198.059 -nan 2.68437 1.8213 0 -0.911469 -1.34538 1.3009 0.953049 0.563835 -0.510086
198.63 -nan -4.15526 0.189827 0 -3.9998 -0.208 1.27293 0.654434 0.58503 -0.472572
199.201 -nan 6.86979 -1.49026 0 4.95318 1.79873 1.15276 0.348587 0.606339 -0.43335
199.772 -nan 0.339516 -2.79331 0 0.214645 -0.313774 0.945717 0.0410538 0.628067 -0.393181
200.342 -nan -1.33265 -3.38522 0 -4.86303 -1.27424 0.665565 -0.257599 0.645905 -0.357956
200.913 -nan 6.99066 -3.10609 0 2.24059 1.58917 0.322029 -0.550583 0.663322 -0.319954
201.484 -nan -2.40651 -2.03042 0 2.62718 0.74614 -0.0595093 -0.831573 0.678818 -0.281372
202.055 -nan 1.31307 -0.442055 0 -5.23681 -1.79787 -0.450249 -1.10093 0.698486 -0.241768
202.626 -nan 6.69936 1.25948 0 1.06256 0.922203 -0.80706 -1.34939 0.713112 -0.203629
203.196 -nan -5.10394 2.63903 0 4.70618 1.49155 -1.09013 -1.57747 0.726234 -0.165146
203.767 -nan 3.46626 3.3474 0 -3.43205 -1.41735 -1.26118 -1.78455 0.738235 -0.123268
204.338 -nan 5.97469 3.21341 0 -1.15175 -0.104012 -1.2963 -1.96765 0.750481 -0.0836563
204.909 -nan -6.81789 2.26488 0 5.03371 1.79495 -1.18925 -2.12358 0.760155 -0.0463028
205.479 -nan 5.06876 0.740982 0 -2.21129 -0.411217 -0.95536 -2.25253 0.76767 -0.00788879
206.05 -nan 4.78796 -0.970695 0 -4.17313 -1.19093 -0.628082 -2.35536 0.775063 0.0320053
206.621 -nan -6.64872 -2.44072 0 4.40508 1.62921 -0.249428 -2.43373 0.784866 0.0720062
207.192 -nan 6.16477 -3.28855 0 -0.306274 0.662201 0.140991 -2.48053 0.790253 0.110863
207.763 -nan 3.09217 -3.29176 0 -4.49796 -1.78629 0.507233 -2.49787 0.793579 0.149849
208.333 -nan -4.6831 -2.45277 0 3.20529 1.00029 0.823936 -2.48579 0.795555 0.191978
208.904 -nan 6.79601 -0.988548 0 3.17653 1.4399 1.06821 -2.44731 0.798157 0.231071
209.475 -nan 0.855354 0.72654 0 -5.04375 -1.48458 1.22796 -2.37968 0.798347 0.2687
210.046 -nan -1.90702 2.25233 0 1.70808 -0.00584412 1.29642 -2.28275 0.795784 0.306358
210.616 -nan 6.99885 3.20641 0 3.79223 1.78539 1.27424 -2.15977 0.794365 0.346634
211.187 -nan -1.83443 3.3526 0 -3.99875 -0.512581 1.16144 -2.01225 0.793587 0.385849
211.758 -nan 0.811928 2.64838 0 -1.79145 -1.10713 0.95961 -1.83783 0.789375 0.423492
212.329 -nan 6.79108 1.27396 0 5.20865 1.66245 0.678207 -1.63717 0.782326 0.462219
212.9 -nan -4.60291 -0.422432 0 -2.98106 0.571205 0.333389 -1.4128 0.77433 0.502861
213.47 -nan 3.07567 -2.01806 0 -3.02788 -1.76709 -0.0468674 -1.17125 0.767014 0.540123
214.041 -nan 6.15759 -3.09948 0 4.53268 1.07287 -0.434418 -0.911354 0.757454 0.576187
214.612 -nan -6.59991 -3.38452 0 0.234482 1.38593 -0.791618 -0.634674 0.745193 0.612488
215.183 -nan 4.78808 -2.80447 0 -4.81808 -1.54575 -1.07993 -0.344688 0.734337 0.651245
215.753 -nan 5.06984 -1.50665 0 4.01748 0.0945282 -1.25837 -0.0470886 0.723709 0.688492
216.324 -nan -6.84972 0.174644 0 2.21861 1.77548 -1.29881 0.255692 0.709602 0.724396
216.895 -nan 5.98137 1.80698 0 -4.76334 -0.612 -1.19608 0.560455 0.693108 0.761269
217.466 -nan 3.47564 2.97954 0 1.2654 -1.01361 -0.965446 0.862679 0.675591 0.799911
218.037 -nan -5.1858 3.4006 0 3.94609 1.69358 -0.642807 1.1507 0.659584 0.833801
218.607 -nan 6.70293 2.96009 0 -4.75199 0.483215 -0.265121 1.42458 0.641281 0.868088
219.178 -nan 1.35141 1.76929 0 -1.32617 -1.73828 0.125282 1.67677 0.620193 0.901245
219.749 -nan -2.48819 0.132431 0 4.72517 1.14437 0.494835 1.9075 0.601494 0.937851
220.32 -nan 6.99332 -1.5442 0 -2.55006 1.33176 0.812561 2.10455 0.580887 0.971642
220.89 -nan -1.26096 -2.83012 0 -2.77075 -1.60259 1.05952 2.26482 0.559113 1.0041
221.461 -nan 0.291206 -3.38961 0 5.18795 0.194702 1.22385 2.38503 0.532562 1.03843
222.032 -nan 6.86658 -3.08366 0 0.299339 1.75845 1.29849 2.46318 0.507553 1.07239
222.603 -nan -4.06623 -1.98611 0 -4.4595 -0.710617 1.27925 2.4949 0.483269 1.10327
223.174 -nan 2.65785 -0.382965 0 3.53237 -0.922684 1.16699 2.47901 0.456863 1.13296
223.744 -nan 6.31929 1.31151 0 1.51417 1.71741 0.967545 2.41724 0.428528 1.16343
224.315 -nan -6.3102 2.67427 0 -5.3446 0.391014 0.693413 2.3151 0.402039 1.19587
224.886 -nan 4.48425 3.35937 0 0.85527 -1.70821 0.355446 2.16889 0.374123 1.22533
225.457 -nan 5.33063 3.19344 0 3.97193 1.21095 -0.0227356 1.98411 0.345337 1.25362
226.027 -nan -6.96712 2.22231 0 -4.21049 1.26849 -0.414886 1.76213 0.311508 1.28394
226.598 -nan 5.7799 0.686615 0 -0.340401 -1.65306 -0.775749 1.51536 0.28138 1.31197
227.169 -nan 3.84468 -1.02648 0 5.25617 0.291496 -1.06728 1.24546 0.25074 1.3388
227.74 -nan -5.64516 -2.47921 0 -2.07282 1.73711 -1.24835 0.957619 0.219231 1.36235
228.311 -nan 6.59086 -3.29997 0 -3.23698 -0.806511 -1.29833 0.657593 0.186104 1.38926
228.881 -nan 1.82879 -3.27677 0 4.61955 -0.827637 -1.20667 0.3526 0.153954 1.41592
229.452 -nan -3.07276 -2.411 0 -0.676537 1.74343 -0.984962 0.0472336 0.122154 1.44024
230.023 -nan 6.96716 -0.930504 0 -4.93702 0.297714 -0.662987 -0.256126 0.0879898 1.46344
230.594 -nan -0.70005 0.781151 0 3.21982 -1.66539 -0.282471 -0.55365 0.0513992 1.48816
231.164 -nan -0.251961 2.29517 0 2.24764 1.27735 0.110085 -0.836334 0.0177917 1.51096
231.735 -nan 6.92607 3.22646 0 -4.78915 1.2066 0.479729 -1.1023 -0.0148926 1.53128
232.306 -nan -3.50395 3.33871 0 1.54209 -1.69269 0.798843 -1.34995 -0.0484161 1.54977
232.877 -nan 2.21786 2.61053 0 4.39603 0.386787 1.0509 -1.58017 -0.0837173 1.57134
233.447 -nan 6.46906 1.21999 0 -4.17657 1.71665 1.21999 -1.78714 -0.117256 1.592
234.018 -nan -5.94691 -0.484055 0 -1.01584 -0.90062 1.2974 -1.96851 -0.150261 1.60989
234.589 -nan 4.15511 -2.06587 0 4.73612 -0.730217 1.28087 -2.12496 -0.18528 1.62717
235.16 -nan 5.56898 -3.12281 0 -2.31779 1.76262 1.17246 -2.25661 -0.221909 1.64569
235.731 -nan -6.99986 -3.38216 0 -3.66364 0.200508 0.977821 -2.35873 -0.254227 1.66145
236.301 -nan 5.5547 -2.77138 0 4.84406 -1.61829 0.704514 -2.432 -0.286224 1.6754
236.872 -nan 4.18903 -1.45242 0 -0.350296 1.33424 0.367332 -2.47566 -0.31813 1.68744
237.443 -nan -6.05544 0.23188 0 -4.46974 1.13894 -0.00979614 -2.4958 -0.351624 1.70346
238.014 -nan 6.46322 1.8569 0 3.034 -1.73113 -0.398209 -2.48577 -0.383049 1.71677
238.584 -nan 2.28806 3.00982 0 2.80091 0.477997 -0.760208 -2.4466 -0.412834 1.72814
239.155 -nan -3.64788 3.39886 0 -5.13858 1.68767 -1.05708 -2.37749 -0.444923 1.73888
239.726 -nan 6.92561 2.93269 0 1.67561 -0.996353 -1.24716 -2.28252 -0.47596 1.75014
240.297 -nan -0.144402 1.72235 0 3.99045 -0.630165 -1.30138 -2.16064 -0.503578 1.75906
240.868 -nan -0.816238 0.0740967 0 -3.70004 1.77606 -1.21138 -2.01125 -0.529411 1.76553
241.438 -nan 6.9653 -1.59309 0 -1.84908 0.102913 -0.991028 -1.83606 -0.555244 1.77137
242.009 -nan -2.92905 -2.86045 0 5.04321 -1.56439 -0.675156 -1.64095 -0.582458 1.7807
242.58 -nan 1.75088 -3.39526 0 -2.79683 1.39333 -0.299271 -1.42192 -0.606483 1.78651
243.151 -nan 6.59766 -3.05714 0 -3.35027 1.07127 0.0923767 -1.1826 -0.628418 1.79065
243.721 -nan -5.52372 -1.93948 0 4.29634 -1.75986 0.468262 -0.920502 -0.65229 1.79446
244.292 -nan 3.80386 -0.326691 0 0.853928 0.572868 0.791161 -0.646706 -0.673035 1.79787
244.863 -nan 5.79263 1.36647 0 -4.64587 1.65807 1.04422 -0.360588 -0.691872 1.79996
245.434 -nan -6.93912 2.70835 0 3.63723 -1.08193 1.21187 -0.0653381 -0.706337 1.79784
246.005 -nan 5.30856 3.36517 0 2.61785 -0.528618 1.29346 0.236824 -0.723495 1.7985
246.575 -nan 4.5163 3.17285 0 -4.80721 1.78869 1.28321 0.538605 -0.739555 1.79951
247.146 -nan -6.4044 2.17553 0 0.176704 0.00740814 1.18026 0.835495 -0.752563 1.7984
247.717 -nan 6.31339 0.627365 0 4.06554 -1.504 0.987495 1.12542 -0.763519 1.79476
248.288 -nan 2.72087 -1.08044 0 -4.20261 1.44814 0.71521 1.4032 -0.774651 1.79139
248.858 -nan -4.21301 -2.51965 0 -1.85332 0.995247 0.381165 1.65858 -0.783447 1.78767
249.429 -nan 6.86485 -3.31532 0 5.1781 -1.78069 0.00508118 1.88745 -0.789085 1.7817
250 -nan 0.396416 -3.25797 0 -1.21575 0.659348 -0.383698 2.08485 -0.791214 1.77267
250.571 -nan -1.39407 -2.36936 0 -3.36752 1.62133 -0.749199 2.25066 -0.795959 1.76694
251.142 -nan 6.99319 -0.874786 0 4.51707 -1.1702 -1.0483 2.37661 -0.798828 1.76054
251.712 -nan -2.34155 0.841492 0 1.06367 -0.43058 -1.2414 2.45862 -0.798615 1.752
252.283 -nan 1.25976 2.33836 0 -5.33001 1.79561 -1.30059 2.49519 -0.795639 1.74085
252.854 -nan 6.7076 3.24445 0 2.26411 -0.0963287 -1.21711 2.48711 -0.792763 1.73066
253.425 -nan -5.04656 3.33094 0 2.56879 -1.43741 -1.00236 2.43219 -0.78756 1.71957
253.995 -nan 3.42392 2.57283 0 -4.66344 1.49619 -0.686623 2.33117 -0.779053 1.706
254.566 -nan 5.99277 1.16477 0 -0.247147 0.917747 -0.310753 2.187 -0.767921 1.69046
255.137 -nan -6.79449 -0.539787 0 5.22585 -1.79388 0.0810928 2.00828 -0.759506 1.67838
255.708 -nan 5.04076 -2.11273 0 -3.27228 0.746017 0.453377 1.79483 -0.748604 1.66466
256.279 -nan 4.82237 -3.14686 0 -1.70976 1.58538 0.777367 1.5512 -0.734734 1.6487
256.849 -nan -6.6781 -3.37438 0 4.71549 -1.25276 1.03519 1.28101 -0.718002 1.6305
257.42 -nan 6.14682 -2.73953 0 -0.557304 -0.324692 1.21087 0.994377 -0.701714 1.61351
257.991 -nan 3.13799 -1.40131 0 -4.883 1.80039 1.29428 0.697098 -0.683662 1.59535
258.562 -nan -4.75404 0.290237 0 4.14719 -0.193893 1.28398 0.392021 -0.662682 1.5748
259.132 -nan 6.784 1.90232 0 0.837234 -1.3625 1.18158 0.0842361 -0.639915 1.5531
259.703 -nan 0.920677 3.03558 0 -4.71801 1.54309 0.995895 -0.218132 -0.620605 1.53544
260.274 -nan -1.98634 3.3979 0 1.31776 0.841331 0.728516 -0.513306 -0.597534 1.51433
260.845 -nan 6.99995 2.90018 0 4.32437 -1.7997 0.396492 -0.796745 -0.573013 1.49212
261.416 -nan -1.75698 1.67289 0 -4.80971 0.832314 0.0166702 -1.07018 -0.54493 1.46749
261.986 -nan 0.744308 0.0166016 0 0.00602722 1.54218 -0.372772 -1.32146 -0.518677 1.44444
262.557 -nan 6.80162 -1.64655 0 4.68513 -1.33152 -0.739006 -1.55249 -0.491234 1.42044
263.128 -nan -4.52345 -2.88908 0 -2.00583 -0.22422 -1.0382 -1.75938 -0.46035 1.39275
263.699 -nan 3.02022 -3.39587 0 -3.58748 1.7983 -1.23646 -1.94581 -0.430786 1.36748
264.269 -nan 6.1797 -3.03153 0 5.21179 -0.294746 -1.30183 -2.10634 -0.401848 1.34282
264.84 -nan -6.562 -1.88844 0 -0.796715 -1.28983 -1.22341 -2.23923 -0.371887 1.31681
265.411 -nan 4.74828 -0.2668 0 -4.6113 1.58431 -1.01198 -2.3453 -0.338585 1.28777
265.982 -nan 5.1041 1.4183 0 2.6321 0.756645 -0.698692 -2.42554 -0.304184 1.25846
266.553 -nan -6.87429 2.74506 0 2.71836 -1.79921 -0.326111 -2.47541 -0.272034 1.23029
267.123 -nan 5.95559 3.37486 0 -5.33229 0.911034 0.0655441 -2.49577 -0.239014 1.20069
267.694 -nan 3.53039 3.14935 0 1.52946 1.49419 0.439491 -2.48587 -0.203911 1.16834
268.265 -nan -5.26216 2.13155 0 4.46043 -1.40435 0.767242 -2.45222 -0.170403 1.13894
268.836 -nan 6.68919 0.570343 0 -3.20446 -0.123352 1.02634 -2.38946 -0.137451 1.10909
269.406 -nan 1.42797 -1.13939 0 -1.78183 1.7958 1.20332 -2.29799 -0.104431 1.07815
269.977 -nan -2.5821 -2.55814 0 5.20181 -0.395317 1.29205 -2.1777 -0.0672455 1.04335
270.548 -nan 6.99067 -3.32803 0 -2.18956 -1.20609 1.28825 -2.03273 -0.031517 1.01003
271.119 -nan -1.17042 -3.24411 0 -4.20787 1.62462 1.19081 -1.86264 0.00179291 0.977493
271.689 -nan 0.20369 -2.32658 0 3.74094 0.672913 1.00348 -1.66677 0.0356598 0.942848
272.26 -nan 6.87384 -0.819122 0 0.839005 -1.78595 0.736496 -1.44793 0.0707321 0.906898
272.831 -nan -3.97187 0.895393 0 -4.91158 0.989174 0.407509 -1.21204 0.103783 0.8741
273.402 -nan 2.58876 2.38181 0 2.78028 1.44801 0.0336304 -0.956963 0.135986 0.840393
273.973 -nan 6.34542 3.26164 0 3.85448 -1.47165 -0.356003 -0.684692 0.168442 0.804977
274.543 -nan -6.25098 3.31809 0 -4.24779 -0.0203552 -0.727013 -0.396454 0.204033 0.766754
275.114 -nan 4.43463 2.53687 0 0.0563431 1.78926 -1.03265 -0.101028 0.236771 0.730789
275.685 -nan 5.36914 1.11041 0 4.54053 -0.495888 -1.23288 0.19886 0.267021 0.694969
276.256 -nan -6.97859 -0.597389 0 -3.27551 -1.12004 -1.30029 0.501129 0.297539 0.657265
276.827 -nan 5.74334 -2.1549 0 -3.39857 1.65717 -1.22599 0.801147 0.328857 0.618996
277.397 -nan 3.90524 -3.16862 0 4.69563 0.587128 -1.02322 1.09122 0.358017 0.584236
277.968 -nan -5.72771 -3.36683 0 -0.902275 -1.77152 -0.714661 1.36797 0.386574 0.546936
278.539 -nan 6.57159 -2.70122 0 -4.1285 1.06185 -0.342964 1.62576 0.414711 0.508789
279.11 -nan 1.90921 -1.34954 0 3.67856 1.39387 0.0525742 1.86269 0.446053 0.467888
279.68 -nan -3.18022 0.347542 0 2.82642 -1.5369 0.427612 2.06549 0.472076 0.430489
280.251 -nan 6.96149 1.95247 0 -5.05036 0.07901 0.756371 2.23299 0.497002 0.392426
280.822 -nan -0.593437 3.05811 0 1.71973 1.77359 1.0171 2.3602 0.520973 0.352463
281.393 -nan -0.356857 3.39398 0 3.70791 -0.595558 1.19939 2.44874 0.546425 0.313698
281.963 -nan 6.93488 2.87047 0 -3.99017 -1.03275 1.2918 2.49168 0.569267 0.27652
282.534 -nan -3.39219 1.61857 0 -2.17064 1.68877 1.29024 2.4868 0.590416 0.238121
283.105 -nan 2.13239 -0.0428085 0 5.26794 0.496788 1.196 2.43568 0.612526 0.197144
283.676 -nan 6.49244 -1.69647 0 -2.48947 -1.74728 1.01415 2.34086 0.635353 0.155914
284.247 -nan -5.86636 -2.92235 0 -3.31503 1.13563 0.752533 2.20187 0.652672 0.118065
284.817 -nan 4.09114 -3.3988 0 4.22529 1.33736 0.424583 2.02293 0.669495 0.0787659
285.388 -nan 5.60945 -3.00271 0 1.49042 -1.59083 0.0506363 1.80738 0.685204 0.0378342
285.959 -nan -6.99486 -1.84041 0 -5.31236 0.177841 -0.336838 1.56745 0.702477 -5.34058e-05
286.53 -nan 5.51019 -0.208366 0 3.17159 1.76119 -0.705765 1.30043 0.716675 -0.0388794
287.1 -nan 4.25607 1.47389 0 2.95263 -0.691757 -1.01355 1.01483 0.728912 -0.0772095
287.671 -nan -6.13438 2.77782 0 -4.38918 -0.938683 -1.2244 0.712814 0.74324 -0.119949
288.242 -nan 6.43803 3.38228 0 -0.825462 1.71833 -1.30293 0.406525 0.755157 -0.159172
288.813 -nan 2.37518 3.12971 0 5.16325 0.404739 -1.23694 0.0988388 0.763954 -0.197258
289.384 -nan -3.7693 2.08527 0 -3.7272 -1.71225 -1.03592 -0.206757 0.77063 -0.236214
289.954 -nan 6.91342 0.514687 0 -2.60612 1.20267 -0.730865 -0.505356 0.778297 -0.275864
290.525 -nan -0.0283051 -1.19257 0 4.49774 1.27887 -0.363083 -0.79055 0.786194 -0.313095
291.096 -nan -0.940605 -2.59839 0 0.178177 -1.64289 0.0294952 -1.06099 0.790741 -0.350433
291.667 -nan 6.97379 -3.33902 0 -4.83591 0.274872 0.408539 -1.31481 0.793991 -0.389183
292.237 -nan -2.80222 -3.22648 0 4.16975 1.74213 0.744507 -1.55064 0.798149 -0.429932
292.808 -nan 1.64973 -2.28552 0 2.2363 -0.791672 1.01054 -1.76107 0.799873 -0.467422
293.379 -nan 6.6198 -0.76091 0 -4.58436 -0.844101 1.19324 -1.94533 0.798096 -0.503685
293.95 -nan -5.41722 0.951004 0 0.464394 1.73824 1.28696 -2.10495 0.795303 -0.541336
294.521 -nan 3.72472 2.42013 0 4.37666 0.310303 1.28988 -2.23977 0.793846 -0.579292
295.091 -nan 5.83688 3.27809 0 -4.50931 -1.67529 1.20167 -2.34663 0.792076 -0.614403
295.662 -nan -6.91447 3.30341 0 -1.82896 1.26651 1.02241 -2.42416 0.786446 -0.650543
296.233 -nan 5.25369 2.49557 0 4.66453 1.21448 0.762642 -2.47414 0.780022 -0.687943
296.804 -nan 4.58317 1.05774 0 -1.09211 -1.68964 0.43634 -2.49762 0.774414 -0.726593
297.374 -nan -6.47603 -0.654808 0 -3.85236 0.372406 0.0662842 -2.48901 0.765213 -0.760124
297.945 -nan 6.27908 -2.20145 0 4.75979 1.718 -0.322128 -2.4518 0.754265 -0.794434
298.516 -nan 2.81559 -3.18616 0 1.3926 -0.885971 -0.693001 -2.38593 0.741455 -0.829636
299.087 -nan -4.34464 -3.35847 0 -4.74673 -0.747543 -1.00504 -2.29686 0.731995 -0.863861
299.658 -nan 6.84918 -2.66571 0 1.69276 1.75964 -1.21764 -2.17925 0.719673 -0.896347
300.228 -nan 0.521873 -1.2923 0 3.32305 0.217201 -1.30069 -2.03365 0.704353 -0.92984
300.799 -nan -1.53459 0.405556 0 -4.9385 -1.62749 -1.24119 -1.86299 0.688347 -0.96489
301.37 -nan 6.99767 1.99997 0 -0.962738 1.3308 -1.04752 -1.67017 0.67305 -0.999039
301.941 -nan -2.19948 3.08531 0 4.83145 1.1481 -0.744987 -1.45385 0.654144 -1.02849
302.511 -nan 1.13896 3.3894 0 -2.24208 -1.72333 -0.375374 -1.21658 0.634338 -1.06002
303.082 -nan 6.72778 2.83788 0 -2.83668 0.467018 0.0188141 -0.960732 0.613419 -1.09158
303.653 -nan -4.91846 1.5677 0 5.05328 1.69285 0.395897 -0.693695 0.596359 -1.12151
304.224 -nan 3.32926 -0.102135 0 0.554649 -0.977615 0.730789 -0.410088 0.574104 -1.15101
304.795 -nan 6.03941 -1.74809 0 -4.91003 -0.648247 0.999405 -0.116447 0.550583 -1.18037
305.365 -nan -6.74458 -2.95153 0 2.7504 1.77702 1.19 0.185249 0.526245 -1.21237
305.936 -nan 4.97486 -3.40152 0 2.38673 0.118774 1.28802 0.485161 0.502205 -1.23981
306.507 -nan 4.89046 -2.97609 0 -5.10762 -1.57401 1.29196 0.782043 0.475967 -1.2657
307.078 -nan -6.73565 -1.79077 0 -0.15834 1.38532 1.20365 1.07243 0.447906 -1.29242
307.648 -nan 6.10152 -0.151817 0 4.95393 1.07788 1.02944 1.35003 0.421349 -1.31985
308.219 -nan 3.23946 1.52645 0 -3.21986 -1.75457 0.776253 1.60744 0.395943 -1.34493
308.79 -nan -4.89304 2.81215 0 -1.96301 0.556877 0.452583 1.84206 0.366135 -1.36977
309.361 -nan 6.76424 3.38652 0 5.09435 1.66086 0.081337 2.04866 0.335228 -1.39532
309.932 -nan 1.05048 3.10822 0 -0.240181 -1.07066 -0.309662 2.22279 0.304314 -1.42192
310.502 -nan -2.14273 2.03951 0 -4.93474 -0.547737 -0.680428 2.35391 0.274086 -1.44315
311.073 -nan 6.99784 0.455498 0 3.67048 1.786 -0.994324 2.44357 0.241959 -1.46457
311.644 -nan -1.59933 -1.24453 0 1.56811 0.0195618 -1.21114 2.48969 0.208649 -1.48673
312.215 -nan 0.603149 -2.63445 0 -5.0392 -1.51524 -1.30064 2.49237 0.177933 -1.50911
312.785 -nan 6.82195 -3.35027 0 0.627861 1.43904 -1.2461 2.44727 0.146873 -1.52884
313.356 -nan -4.37511 -3.20551 0 4.84428 1.00597 -1.0547 2.35567 0.112206 -1.54887
313.927 -nan 2.91058 -2.24182 0 -4.08716 -1.77763 -0.75547 2.22208 0.0770798 -1.56976
314.498 -nan 6.22461 -0.705765 0 -1.22248 0.649162 -0.388481 2.04969 0.0432816 -1.58963
315.068 -nan -6.48198 1.00825 0 4.95891 1.62671 0.00377655 1.83952 0.0103989 -1.60463
315.639 -nan 4.6674 2.46086 0 -0.965118 -1.15464 0.384186 1.59871 -0.0244598 -1.62085
316.21 -nan 5.17488 3.29123 0 -4.68304 -0.444603 0.721107 1.33417 -0.0591125 -1.63783
316.781 -nan -6.91368 3.28999 0 4.43893 1.79568 0.99157 1.05272 -0.0914001 -1.6539
317.352 -nan 5.90038 2.45438 0 0.927696 -0.0761185 1.18172 0.755592 -0.124771 -1.66776
317.922 -nan 3.63493 0.999786 0 -4.86464 -1.44915 1.28436 0.447777 -0.161064 -1.68245
318.493 -nan -5.40171 -0.711105 0 1.24911 1.49194 1.29471 0.138435 -0.196411 -1.69721
319.064 -nan 6.66168 -2.24639 0 4.4356 0.930305 1.21173 -0.16713 -0.229805 -1.71004
319.635 -nan 1.5629 -3.20649 0 -4.72015 -1.79022 1.03679 -0.465202 -0.261749 -1.71834
320.205 -nan -2.75423 -3.3475 0 -0.649994 0.734863 0.783623 -0.753906 -0.295601 -1.72993
320.776 -nan 6.98351 -2.6301 0 4.77094 1.58801 0.462807 -1.02779 -0.328667 -1.7408
321.347 -nan -1.00012 -1.23753 0 -1.4995 -1.23683 0.0973358 -1.28133 -0.358177 -1.7505
321.918 -nan 0.0424042 0.464973 0 -4.11278 -0.344475 -0.293884 -1.51828 -0.390984 -1.75854
322.489 -nan 6.89395 2.0469 0 4.9394 1.7995 -0.668877 -1.73262 -0.422745 -1.76667
323.059 -nan -3.8037 3.11115 0 0.364212 -0.179962 -0.989044 -1.92438 -0.454971 -1.77586
323.63 -nan 2.4604 3.3857 0 -4.70343 -1.37851 -1.20737 -2.08556 -0.481628 -1.77953
324.201 -nan 6.38596 2.80466 0 1.74828 1.53555 -1.29833 -2.22171 -0.509308 -1.7833
324.772 -nan -6.13981 1.51665 0 3.75389 0.849785 -1.24815 -2.33239 -0.537537 -1.78844
325.342 -nan 4.33704 -0.15947 0 -5.10199 -1.79955 -1.06379 -2.41544 -0.563889 -1.79359
325.913 -nan 5.44194 -1.79968 0 -0.0762863 0.816589 -0.770149 -2.46873 -0.587624 -1.7963
326.484 -nan -6.9943 -2.97945 0 4.66698 1.54698 -0.402725 -2.4938 -0.613213 -1.79817
327.055 -nan 5.68028 -3.40083 0 -1.98714 -1.31843 -0.00962067 -2.49117 -0.637283 -1.80047
327.626 -nan 4.01022 -2.95002 0 -3.39934 -0.240891 0.371597 -2.46033 -0.659569 -1.80216
328.196 -nan -5.86004 -1.74046 0 5.20383 1.79861 0.708138 -2.39726 -0.676544 -1.79866
328.767 -nan 6.53382 -0.0934067 0 -0.174179 -0.278923 0.982086 -2.30885 -0.695389 -1.79715
329.338 -nan 2.05289 1.57544 0 -4.66164 -1.30162 1.17686 -2.19486 -0.713562 -1.79622
329.909 -nan -3.36819 2.84576 0 2.20369 1.5796 1.28309 -2.05605 -0.729393 -1.79485
330.479 -nan 6.94916 3.3914 0 3.07617 0.771332 1.29561 -1.88887 -0.743019 -1.79034
331.05 -nan -0.416481 3.08209 0 -5.26113 -1.79897 1.21561 -1.69711 -0.756889 -1.78596
331.621 -nan -0.537262 1.9941 0 0.37233 0.901909 1.04692 -1.48442 -0.769371 -1.78189
332.192 -nan 6.94862 0.397743 0 4.68462 1.50253 0.796196 -1.25118 -0.777977 -1.77542
332.763 -nan -3.20409 -1.29978 0 -2.40195 -1.38955 0.475632 -0.997505 -0.783066 -1.76577
333.333 -nan 1.9841 -2.66946 0 -2.78095 -0.138435 0.10762 -0.728828 -0.7901 -1.75881
333.904 -nan 6.53277 -3.35948 0 5.29021 1.79645 -0.280754 -0.448166 -0.795845 -1.75199
334.475 -nan -5.7249 -3.18549 0 -0.517242 -0.377167 -0.654366 -0.158234 -0.798622 -1.74352
335.046 -nan 3.97895 -2.19584 0 -4.73167 -1.22201 -0.976067 0.142181 -0.799004 -1.73231
335.616 -nan 5.68322 -0.648712 0 2.57965 1.62034 -1.20294 0.445 -0.799339 -1.72208
336.187 -nan -6.97986 1.06293 0 2.50837 0.685188 -1.30066 0.743408 -0.797333 -1.71116
336.758 -nan 5.4327 2.5018 0 -5.28509 -1.79065 -1.254 1.03354 -0.79158 -1.69767
337.329 -nan 4.35944 3.30382 0 0.636459 0.977425 -1.07025 1.3122 -0.783127 -1.6821
337.9 -nan -6.25758 3.27484 0 4.78745 1.45323 -0.780792 1.57465 -0.777901 -1.6707
338.47 -nan 6.3894 2.41508 0 -2.7549 -1.4606 -0.418755 1.81258 -0.769188 -1.65692
339.041 -nan 2.52411 0.941414 0 -2.24708 -0.0401535 -0.0282669 2.02103 -0.758163 -1.64182
339.612 -nan -3.96635 -0.768707 0 5.24342 1.78901 0.357559 2.19938 -0.744385 -1.62424
340.183 -nan 6.89701 -2.28973 0 -0.73761 -0.480217 0.698936 2.3383 -0.730713 -1.60801
340.753 -nan 0.156532 -3.22817 0 -4.84027 -1.13725 0.975304 2.43474 -0.715263 -1.59087
341.324 -nan -1.13847 -3.33565 0 2.92651 1.65241 1.16998 2.48389 -0.695282 -1.56997
341.895 -nan 6.98108 -2.59112 0 2.01701 0.597893 1.27926 2.49033 -0.676277 -1.55067
342.466 -nan -2.59491 -1.1844 0 -5.17597 -1.77515 1.29749 2.45228 -0.658447 -1.53326
343.037 -nan 1.47782 0.52343 0 0.813293 1.0526 1.2216 2.36705 -0.637825 -1.51363
343.607 -nan 6.65786 2.0938 0 4.89196 1.40118 1.05519 2.23695 -0.61422 -1.49163
344.178 -nan -5.25046 3.13281 0 -3.10043 -1.52593 0.806389 2.06662 -0.58918 -1.46905
344.749 -nan 3.59586 3.38134 0 -1.83218 0.0641022 0.491104 1.86118 -0.564964 -1.44741
345.32 -nan 5.90595 2.77348 0 5.09874 1.77823 0.126152 1.62363 -0.538834 -1.42424
345.89 -nan -6.86179 1.46362 0 -0.845673 -0.57859 -0.261627 1.3578 -0.509094 -1.39764
346.461 -nan 5.16216 -0.217133 0 -4.94039 -1.04848 -0.637383 1.0756 -0.482803 -1.37538
347.032 -nan 4.6914 -1.84797 0 3.25323 1.6861 -0.960495 0.778389 -0.454788 -1.35134
347.603 -nan -6.58044 -3.00912 0 1.69872 0.512253 -1.19067 0.472733 -0.425835 -1.32632
348.174 -nan 6.2217 -3.39884 0 -5.01161 -1.7511 -1.29681 0.159584 -0.392357 -1.29765
348.744 -nan 2.9658 -2.91978 0 0.827721 1.12687 -1.26109 -0.149597 -0.360558 -1.27077
349.315 -nan -4.54686 -1.69103 0 4.97179 1.34518 -1.08699 -0.450157 -0.329086 -1.24358
349.886 -nan 6.82107 -0.0340195 0 -3.38177 -1.58099 -0.799446 -0.739906 -0.295891 -1.21427
350.457 -nan 0.71093 1.62611 0 -1.58656 0.163292 -0.437935 -1.01642 -0.261612 -1.18431
351.027 -nan -1.75462 2.87615 0 4.92044 1.76325 -0.0469971 -1.27522 -0.229721 -1.15739
351.598 -nan 6.9997 3.39586 0 -0.791939 -0.67643 0.336609 -1.5125 -0.196983 -1.12859
352.169 -nan -1.97887 3.05573 0 -4.97693 -0.957054 0.681168 -1.72777 -0.162361 -1.0975
352.74 -nan 0.948944 1.94669 0 3.49572 1.71465 0.964706 -1.92154 -0.125313 -1.06476
353.31 -nan 6.76494 0.341049 0 1.47945 0.41803 1.16644 -2.08726 -0.0912476 -1.03406
353.881 -nan -4.71988 -1.35458 0 -4.83884 -1.72019 1.27734 -2.22363 -0.0580139 -1.00252
354.452 -nan 3.18061 -2.70512 0 0.749626 1.19283 1.29567 -2.33287 -0.02314 -0.968956
355.023 -nan 6.10568 -3.36686 0 4.9733 1.28466 1.22339 -2.41624 0.0117569 -0.936096
355.594 -nan -6.65487 -3.16559 0 -3.58942 -1.63441 1.06386 -2.47175 0.0439148 -0.905708
356.164 -nan 4.86517 -2.15022 0 -1.39834 0.259979 0.819176 -2.49597 0.0777283 -0.871681
356.735 -nan 4.99644 -0.589325 0 4.77902 1.74369 0.504524 -2.49172 0.112648 -0.836174
357.306 -nan -6.81643 1.11729 0 -0.704163 -0.776703 0.138741 -2.46046 0.14872 -0.800049
357.877 -nan 6.03202 2.54135 0 -4.98093 -0.861992 -0.246567 -2.39934 0.179543 -0.766548
358.447 -nan 3.38763 3.31829 0 3.6604 1.73629 -0.622108 -2.30971 0.211281 -0.73098
359.018 -nan -5.09187 3.25633 0 1.37308 0.324272 -0.948044 -2.19301 0.24411 -0.69381
359.589 -nan 6.72881 2.37364 0 -4.73823 -1.68237 -1.18465 -2.05409 0.275726 -0.659332
360.16 -nan 1.25014 0.885956 0 0.634415 1.25819 -1.29607 -1.88919 0.30529 -0.624794
360.731 -nan -2.37955 -0.826675 0 4.99575 1.22323 -1.26451 -1.69727 0.336563 -0.586418
361.301 -nan 6.99593 -2.33205 0 -3.70232 -1.68002 -1.09515 -1.4836 0.368004 -0.547844
361.872 -nan -1.36903 -3.2464 0 -1.41267 0.359795 -0.812256 -1.2506 0.39846 -0.510178
362.443 -nan 0.388855 -3.32539 0 4.71205 1.72083 -0.453873 -1.00003 0.423386 -0.474174
363.014 -nan 6.8494 -2.55293 0 -0.542618 -0.869278 -0.0613785 -0.732063 0.451096 -0.435699
363.584 -nan -4.15179 -1.12962 0 -5.00166 -0.763191 0.324371 -0.450813 0.478157 -0.396896
364.155 -nan 2.73822 0.581581 0 3.73716 1.75867 0.669746 -0.162834 0.50386 -0.361511
364.726 -nan 6.28866 2.14032 0 1.49013 0.232124 0.952995 0.13475 0.528297 -0.322449
365.297 -nan -6.35375 3.15476 0 -4.70293 -1.63656 1.15775 0.435402 0.552704 -0.282494
365.868 -nan 4.54585 3.3743 0 0.433846 1.32274 1.27575 0.735329 0.578117 -0.241653
366.438 -nan 5.28037 2.73927 0 4.99227 1.1574 1.29865 1.02424 0.598534 -0.204323
367.009 -nan -6.95605 1.41014 0 -3.75951 -1.71617 1.22762 1.30129 0.617424 -0.165718
367.58 -nan 5.81712 -0.275047 0 -1.60459 0.45237 1.06853 1.56294 0.637497 -0.125862
368.151 -nan 3.78477 -1.89545 0 4.71342 1.69498 0.829193 1.80267 0.657616 -0.0869675
368.721 -nan -5.59903 -3.03681 0 -0.297661 -0.961639 0.52063 2.01331 0.675247 -0.0497055
369.292 -nan 6.61378 -3.39693 0 -4.98054 -0.66568 0.156685 2.19096 0.691406 -0.00891113
369.863 -nan 1.76177 -2.88851 0 3.74068 1.77417 -0.231995 2.33228 0.707741 0.0319443
370.434 -nan -3.00581 -1.64163 0 1.74763 0.132202 -0.611374 2.43298 0.723404 0.0720825
371.005 -nan 6.97213 0.0252151 0 -4.73114 -1.58465 -0.937561 2.48602 0.733612 0.108925
371.575 -nan -0.760353 1.6785 0 0.148621 1.37721 -1.1761 2.49471 0.744499 0.148361
372.146 -nan -0.192184 2.9053 0 4.96338 1.08726 -1.29282 2.45912 0.756271 0.188446
372.717 -nan 6.91879 3.39902 0 -3.67776 -1.75005 -1.26913 2.37965 0.76738 0.22654
373.288 -nan -3.55305 3.0301 0 -1.92619 0.542923 -1.10466 2.25412 0.775055 0.264755
373.858 -nan 2.26882 1.89735 0 4.74844 1.66442 -0.82254 2.08591 0.78196 0.306328
374.429 -nan 6.44784 0.283127 0 0.0196686 -1.05442 -0.464996 1.88322 0.788864 0.346275
375 -nan -5.97371 -1.40762 0 -4.94231 -0.564476 -0.0740585 1.64929 0.793724 0.384399
375.571 -nan 4.19216 -2.74062 0 3.58277 1.78407 0.309959 1.38787 0.794258 0.420921
376.142 -nan 5.54034 -3.37376 0 2.13725 0.0359573 0.65834 1.10559 0.79689 0.460419
376.712 -nan -7.00002 -3.14352 0 -4.77023 -1.52679 0.944954 0.809807 0.799881 0.4991
377.283 -nan 5.58106 -2.10508 0 -0.20163 1.43324 1.15246 0.505562 0.800522 0.535873
377.854 -nan 4.15892 -0.531334 0 4.9139 1.01672 1.27158 0.194824 0.797836 0.574089
378.425 -nan -6.04012 1.17224 0 -3.47579 -1.77365 1.29899 -0.116341 0.794991 0.61438
378.995 -nan 6.47878 2.57962 0 -2.37643 0.63607 1.23371 -0.41761 0.791679 0.650955
379.566 -nan 2.25483 3.33177 0 4.80047 1.63121 1.07806 -0.708008 0.785942 0.686485
380.137 -nan -3.62784 3.23851 0 0.41703 -1.13759 0.838448 -0.984367 0.776878 0.721764
380.708 -nan 6.92995 2.33149 0 -4.88043 -0.463074 0.531113 -1.24628 0.771843 0.759666
381.279 -nan -0.16674 0.830437 0 3.33424 1.79538 0.171043 -1.48642 0.763878 0.795235
381.849 -nan -0.799126 -0.885147 0 2.63408 -0.0608978 -0.214928 -1.70364 0.754524 0.82962
382.42 -nan 6.96436 -2.37402 0 -4.82408 -1.4614 -0.597252 -1.89881 0.740753 0.866997
382.991 -nan -2.9394 -3.26211 0 -0.671188 1.48513 -0.929588 -2.06764 0.728889 0.902245
383.562 -nan 1.76899 -3.31414 0 4.83428 0.940323 -1.17259 -2.20889 0.715836 0.936035
384.132 -nan 6.58647 -2.51273 0 -3.14108 -1.78773 -1.29036 -2.31995 0.699615 0.967354
384.703 -nan -5.51817 -1.07378 0 -2.88046 0.721245 -1.26953 -2.40608 0.683533 1.00163
385.274 -nan 3.81648 0.637085 0 4.82247 1.59453 -1.11191 -2.46581 0.669052 1.03596
385.845 -nan 5.78261 2.18533 0 0.955849 -1.22343 -0.836479 -2.49442 0.651787 1.06784
386.416 -nan -6.93893 3.177 0 -4.78701 -0.361572 -0.481125 -2.49329 0.631912 1.09949
386.986 -nan 5.32025 3.36584 0 2.88785 1.79928 -0.0872421 -2.46383 0.609703 1.13343
387.557 -nan 4.50728 2.70479 0 3.13109 -0.163269 0.297798 -2.40734 0.589966 1.16349
388.128 -nan -6.41395 1.35709 0 -4.77708 -1.39216 0.64608 -2.3221 0.568108 1.19257
388.699 -nan 6.31659 -0.334862 0 -1.26758 1.52885 0.932503 -2.20834 0.543816 1.22051
389.269 -nan 2.72241 -1.94414 0 4.74676 0.862648 1.14563 -2.07184 0.520882 1.25201
389.84 -nan -4.23664 -3.06219 0 -2.5894 -1.7998 1.27016 -1.90987 0.497368 1.28107
390.411 -nan 6.86674 -3.39433 0 -3.37794 0.805923 1.30087 -1.72239 0.471634 1.30817
390.982 -nan 0.409859 -2.85603 0 4.68769 1.55164 1.23734 -1.5099 0.442352 1.33614
391.553 -nan -1.41654 -1.58999 0 1.58666 -1.30434 1.08501 -1.27847 0.414116 1.36436
392.123 -nan 6.99243 0.083107 0 -4.71577 -0.258156 0.850616 -1.03077 0.387444 1.38866
392.694 -nan -2.31076 1.72962 0 2.2672 1.79855 0.544144 -0.765366 0.35836 1.41238
393.265 -nan 1.23904 2.93472 0 3.62997 -0.262466 0.184059 -0.48539 0.327705 1.43722
393.836 -nan 6.70895 3.40105 0 -4.55291 -1.31847 -0.202705 -0.196342 0.298668 1.46354
394.406 -nan -5.00692 3.0042 0 -1.92043 1.57525 -0.582756 0.0993729 0.268349 1.48604
394.977 -nan 3.40864 1.8479 0 4.68792 0.78154 -0.917381 0.399567 0.235443 1.50787
395.548 -nan 5.99767 0.22525 0 -1.92553 -1.79929 -1.16551 0.699623 0.201027 1.53062
396.119 -nan -6.77687 -1.46046 0 -3.8763 0.88974 -1.2909 0.9907 0.169304 1.55171
396.69 -nan 5.02876 -2.77596 0 4.37983 1.50751 -1.2739 1.26807 0.138397 1.56934
397.26 -nan 4.83247 -3.38055 0 2.26724 -1.3765 -1.11855 1.53192 0.104355 1.58861
397.831 -nan -6.70289 -3.11978 0 -4.65505 -0.155518 -0.846878 1.77458 0.0702209 1.60832
398.402 -nan 6.13924 -2.05956 0 1.56144 1.79936 -0.496948 1.99023 0.0379562 1.62809
398.973 -nan 3.16611 -0.473541 0 4.1102 -0.362595 -0.105515 2.17085 0.00315857 1.6433
399.543 -nan -4.81385 1.2281 0 -4.15879 -1.23624 0.283089 2.31587 -0.0322113 1.65937
400.114 -nan 6.78273 2.61639 0 -2.63651 1.6156 0.636322 2.42106 -0.0680695 1.67581
400.685 -nan 0.969955 3.34269 0 4.61015 0.69857 0.924759 2.48041 -0.0993271 1.68866
401.256 -nan -2.05411 3.22133 0 -1.16055 -1.79138 1.13765 2.49425 -0.132935 1.70094
401.826 -nan 6.99871 2.28769 0 -4.32598 0.966812 1.26521 2.46339 -0.168053 1.71437
402.397 -nan -1.68401 0.774353 0 3.88139 1.46071 1.30209 2.38873 -0.202492 1.72852
402.968 -nan 0.681831 -0.940468 0 3.01421 -1.4483 1.244 2.26839 -0.235382 1.73959
403.539 -nan 6.80586 -2.41562 0 -4.54237 -0.0525589 1.09221 2.10338 -0.269958 1.74799
404.11 -nan -4.44688 -3.27757 0 0.731491 1.7894 0.859482 1.90362 -0.303856 1.7577
404.68 -nan 2.97424 -3.30058 0 4.5138 -0.46418 0.556076 1.67207 -0.336647 1.76681
405.251 -nan 6.19465 -2.47263 0 -3.53361 -1.15364 0.201813 1.41422 -0.36483 1.77183
405.822 -nan -6.5153 -1.01782 0 -3.38351 1.6495 -0.184608 1.13228 -0.397873 1.77914
406.393 -nan 4.71465 0.694252 0 4.42938 0.611305 -0.565384 0.835396 -0.429276 1.78554
406.963 -nan 5.13775 2.23064 0 -0.287849 -1.78123 -0.902901 0.530151 -0.459862 1.79287
407.534 -nan -6.8988 3.19684 0 -4.67358 1.04271 -1.15348 0.217537 -0.488136 1.79409
408.105 -nan 5.93222 3.35595 0 3.12241 1.40634 -1.28559 -0.0941467 -0.51696 1.7964
408.676 -nan 3.58265 2.66894 0 3.73092 -1.51372 -1.27857 -0.399368 -0.545006 1.79907
409.247 -nan -5.35354 1.30305 0 -4.2646 0.0464859 -1.13206 -0.691345 -0.569084 1.79976
409.817 -nan 6.67394 -0.393822 0 -0.143913 1.77774 -0.866005 -0.970543 -0.592461 1.79845
410.388 -nan 1.50569 -1.9918 0 4.79913 -0.562477 -0.51683 -1.2358 -0.618469 1.79911
410.959 -nan -2.69607 -3.08716 0 -2.67339 -1.06554 -0.12764 -1.4797 -0.642258 1.79906
411.53 -nan 6.98846 -3.39111 0 -4.05814 1.68318 0.261093 -1.69962 -0.662964 1.79656
412.1 -nan -1.06126 -2.82337 0 4.04291 0.521957 0.617188 -1.89536 -0.681908 1.7904
412.671 -nan 0.101379 -1.53721 0 0.573372 -1.75539 0.913239 -2.06631 -0.701225 1.78627
413.242 -nan 6.88573 0.141228 0 -4.89432 1.11585 1.13103 -2.209 -0.71804 1.78179
413.813 -nan -3.84762 1.78035 0 2.18945 1.35265 1.26044 -2.32224 -0.731712 1.77467
414.384 -nan 2.50519 2.96411 0 4.38034 -1.5704 1.29906 -2.40884 -0.745888 1.76712
414.954 -nan 6.37051 3.40146 0 -3.75934 0.148186 1.24666 -2.4692 -0.761185 1.76151
415.525 -nan -6.1674 2.97703 0 -1.02634 1.76639 1.10177 -2.49789 -0.77211 1.75309
416.096 -nan 4.37112 1.79871 0 4.94965 -0.660286 0.871635 -2.49589 -0.779991 1.74191
416.667 -nan 5.41158 0.167107 0 -1.66904 -0.970612 0.567902 -2.46456 -0.78656 1.7291
417.237 -nan -6.99245 -1.5137 0 -4.68954 1.71087 0.214767 -2.4081 -0.793358 1.71924
417.808 -nan 5.70145 -2.81029 0 3.40547 0.43306 -0.167961 -2.32246 -0.796967 1.70702
418.379 -nan 3.97807 -3.38613 0 1.51926 -1.72569 -0.547577 -2.2085 -0.797768 1.6926
418.95 -nan -5.83788 -3.09674 0 -4.9454 1.1851 -0.889328 -2.06992 -0.800522 1.67963
419.521 -nan 6.54951 -2.01271 0 1.0925 1.29486 -1.1466 -1.90665 -0.800804 1.66611
420.091 -nan 2.02026 -0.415207 0 4.95476 -1.62511 -1.28376 -1.71767 -0.796814 1.64946
420.662 -nan -3.33427 1.28159 0 -2.96955 0.246803 -1.28075 -1.50457 -0.790207 1.63056
421.233 -nan 6.9528 2.65226 0 -2.02979 1.7449 -1.1387 -1.27241 -0.783821 1.61279
421.804 -nan -0.446571 3.35305 0 4.87005 -0.75708 -0.879364 -1.02587 -0.777115 1.59672
422.374 -nan -0.508713 3.20309 0 -0.481956 -0.87928 -0.532806 -0.760162 -0.766754 1.57719
422.945 -nan 6.94309 2.24377 0 -5.15381 1.73347 -0.143791 -0.48085 -0.7547 1.55671
423.516 -nan -3.23069 0.718399 0 2.46522 0.339066 0.248184 -0.190651 -0.744522 1.5384
424.087 -nan 2.00922 -0.995644 0 2.52845 -1.69105 0.604202 0.104431 -0.728912 1.51634
424.658 -nan 6.52271 -2.45744 0 -4.72571 1.25018 0.901596 0.402946 -0.711494 1.49306
425.228 -nan -5.73641 -3.29174 0 -0.152107 1.22923 1.12314 0.701584 -0.69162 1.46781
425.799 -nan 3.99895 -3.28526 0 5.28548 -1.67158 1.25813 0.990829 -0.674698 1.44646
426.37 -nan 5.67031 -2.4328 0 -1.87929 0.341347 1.30006 1.26834 -0.654739 1.42278
426.941 -nan -6.97809 -0.960403 0 -3.01598 1.72342 1.24887 1.53119 -0.632057 1.39681
427.511 -nan 5.44703 0.751671 0 4.51209 -0.853462 1.1084 1.77461 -0.609138 1.37111
428.082 -nan 4.34696 2.27367 0 0.789658 -0.782166 0.884293 1.9899 -0.586197 1.34604
428.653 -nan -6.25428 3.21587 0 -5.35368 1.755 0.584999 2.16966 -0.558914 1.31711
429.224 -nan 6.39621 3.3455 0 1.22391 0.243561 0.230865 2.31474 -0.531006 1.28799
429.795 -nan 2.5067 2.63163 0 3.49059 -1.6447 -0.153549 2.42041 -0.503052 1.25928
430.365 -nan -3.96574 1.24839 0 -4.21942 1.31175 -0.532852 2.48251 -0.477646 1.23331
430.936 -nan 6.89787 -0.451859 0 -1.41743 1.16664 -0.874763 2.49853 -0.447594 1.20304
431.507 -nan 0.150085 -2.03892 0 5.33593 -1.71099 -1.13669 2.46941 -0.41629 1.17197
432.078 -nan -1.1352 -3.11143 0 -0.514549 0.439224 -1.28264 2.39645 -0.385674 1.14205
432.648 -nan 6.98302 -3.38561 0 -3.94391 1.69941 -1.28569 2.27676 -0.354279 1.11095
433.219 -nan -2.5927 -2.78992 0 3.83833 -0.946121 -1.14632 2.11407 -0.320145 1.07706
433.79 -nan 1.48313 -1.48426 0 2.0378 -0.680748 -0.887825 1.91639 -0.286652 1.0443
434.361 -nan 6.65488 0.199783 0 -5.20584 1.77222 -0.545219 1.68789 -0.254982 1.01327
434.931 -nan -5.23718 1.83141 0 -0.221306 0.151146 -0.15947 1.43172 -0.223282 0.981628
435.502 -nan 3.59602 2.99339 0 4.33604 -1.59511 0.232803 1.15047 -0.187286 0.946098
436.073 -nan 5.90263 3.40096 0 -3.38177 1.37271 0.592842 0.854118 -0.152008 0.911415
436.644 -nan -6.86089 2.94834 0 -2.63234 1.09861 0.89325 0.548698 -0.118149 0.877495
437.215 -nan 5.16302 1.74797 0 4.96008 -1.74306 1.11569 0.237846 -0.0834503 0.841385
437.785 -nan 4.68737 0.107422 0 0.96225 0.531555 1.25291 -0.0734634 -0.0474243 0.804108
438.356 -nan -6.5892 -1.56577 0 -4.64085 1.6684 1.30033 -0.377197 -0.0139389 0.769722
438.927 -nan 6.222 -2.84317 0 2.8597 -1.03558 1.2539 -0.67038 0.0187531 0.735092
439.498 -nan 2.97376 -3.39136 0 3.19944 -0.583252 1.11591 -0.950699 0.0524139 0.698563
440.068 -nan -4.56924 -3.07315 0 -4.60965 1.78588 0.893097 -1.21844 0.0897827 0.659142
440.639 -nan 6.82384 -1.96553 0 -1.71541 0.0506287 0.598312 -1.4621 0.122688 0.622742
441.21 -nan 0.728958 -0.357674 0 4.84107 -1.53928 0.246994 -1.68349 0.155434 0.585663
441.781 -nan -1.77905 1.33513 0 -2.26824 1.42524 -0.137367 -1.87925 0.188599 0.54583
442.352 -nan 6.99873 2.69002 0 -3.71619 1.02515 -0.520401 -2.05235 0.221024 0.508873
442.922 -nan -1.9509 3.36267 0 4.16113 -1.76949 -0.864517 -2.19728 0.252167 0.471756
443.493 -nan 0.923088 3.18298 0 2.47285 0.618683 -1.12807 -2.31328 0.281761 0.434891
444.064 -nan 6.76522 2.201 0 -4.91685 1.63519 -1.27776 -2.40303 0.315178 0.393677
444.635 -nan -4.68858 0.661049 0 1.58636 -1.1264 -1.28835 -2.46445 0.347054 0.35405
445.206 -nan 3.16448 -1.05138 0 4.16168 -0.480286 -1.15582 -2.49435 0.375237 0.3162
445.776 -nan 6.11105 -2.49681 0 -3.58811 1.79257 -0.900124 -2.49431 0.40313 0.276993
446.347 -nan -6.63338 -3.30536 0 -3.2044 -0.0488052 -0.557236 -2.46632 0.431831 0.236542
446.918 -nan 4.85352 -3.2698 0 4.83503 -1.47575 -0.173248 -2.41393 0.45887 0.199631
447.489 -nan 5.00982 -2.39195 0 -0.82547 1.47719 0.21682 -2.3306 0.484535 0.161079
448.059 -nan -6.83058 -0.904488 0 -4.50923 0.952003 0.576874 -2.21941 0.509995 0.121368
448.63 -nan 6.02518 0.807655 0 2.89859 -1.78854 0.883018 -2.08231 0.537918 0.0791016
449.201 -nan 3.41037 2.31591 0 3.85338 0.710243 1.11002 -1.92063 0.560684 0.0408783
449.772 -nan -5.13871 3.23429 0 -4.575 1.59809 1.25005 -1.73376 0.581734 0.00222778
450.342 -nan 6.72187 3.33376 0 0.0322113 -1.20718 1.29845 -1.52352 0.602715 -0.0378723
450.913 -nan 1.28602 2.59391 0 4.74248 -0.376938 1.25715 -1.29549 0.62471 -0.0771103
451.484 -nan -2.43616 1.19425 0 -2.11399 1.79958 1.12489 -1.04974 0.643967 -0.114502
452.055 -nan 6.99487 -0.509407 0 -4.39915 -0.145241 0.905045 -0.784584 0.662003 -0.15416
452.626 -nan -1.31363 -2.08529 0 4.13136 -1.40542 0.610558 -0.504715 0.680756 -0.195427
453.196 -nan 0.342049 -3.13412 0 0.766304 1.52816 0.25985 -0.215607 0.698753 -0.235542
453.767 -nan 6.8548 -3.37811 0 -4.86089 0.873299 -0.121414 0.0777359 0.711121 -0.272064
454.338 -nan -4.09065 -2.75518 0 1.27316 -1.79581 -0.505325 0.376183 0.723961 -0.310852
454.909 -nan 2.70005 -1.43021 0 4.84454 0.794388 -0.852615 0.673935 0.737473 -0.350174
455.479 -nan 6.30112 0.259521 0 -3.5152 1.55924 -1.12155 0.964195 0.750397 -0.387222
456.05 -nan -6.31326 1.88046 0 -1.56541 -1.28775 -1.27461 1.24387 0.760109 -0.424538
456.621 -nan 4.51503 3.0204 0 4.85133 -0.27459 -1.28919 1.51006 0.769524 -0.464714
457.192 -nan 5.30239 3.39932 0 -0.392761 1.80067 -1.1629 1.75439 0.778664 -0.50354
457.763 -nan -6.96938 2.91853 0 -5.1747 -0.247383 -0.913345 1.97054 0.785576 -0.540199
458.333 -nan 5.79664 1.69646 0 2.72964 -1.33013 -0.57386 2.15208 0.787781 -0.575073
458.904 -nan 3.82148 0.0479126 0 2.36832 1.5686 -0.188026 2.30225 0.793427 -0.613113
459.475 -nan -5.65814 -1.61808 0 -4.6876 0.792854 0.202927 2.41216 0.79789 -0.649849
460.046 -nan 6.60313 -2.87654 0 -0.52002 -1.80125 0.563248 2.47861 0.800804 -0.684364
460.616 -nan 1.81997 -3.39529 0 5.34814 0.876823 0.870186 2.49785 0.800117 -0.721642
461.187 -nan -3.08825 -3.04694 0 -1.80413 1.51289 1.10278 2.47259 0.80014 -0.758911
461.758 -nan 6.97049 -1.9175 0 -3.12991 -1.366 1.24826 2.40185 0.799004 -0.793732
462.329 -nan -0.682007 -0.298622 0 4.35694 -0.172493 1.29986 2.28518 0.794319 -0.826233
462.9 -nan -0.271294 1.38956 0 1.43611 1.79505 1.25865 2.12677 0.788506 -0.860199
463.47 -nan 6.92366 2.72608 0 -5.33084 -0.346313 1.13036 1.93438 0.785805 -0.895523
464.041 -nan -3.46573 3.37177 0 0.781204 -1.25343 0.915359 1.70741 0.779823 -0.928513
464.612 -nan 2.20329 3.16307 0 3.7971 1.60968 0.62558 1.45165 0.77169 -0.960701
465.183 -nan 6.46377 2.15765 0 -3.86312 0.707535 0.273895 1.1692 0.760689 -0.996117
465.753 -nan -5.9063 0.602806 0 -2.33197 -1.79521 -0.106277 0.875114 0.751236 -1.02751
466.324 -nan 4.14619 -1.10735 0 5.12273 0.956673 -0.489334 0.569397 0.739792 -1.05842
466.895 -nan 5.57149 -2.53608 0 0.300621 1.464 -0.834915 0.258324 0.72464 -1.08694
467.466 -nan -6.99625 -3.32047 0 -4.31857 -1.43531 -1.10925 -0.0540009 0.712578 -1.11985
468.036 -nan 5.54846 -3.2534 0 3.21579 -0.0710144 -1.26979 -0.360062 0.699104 -1.15033
468.607 -nan 4.21018 -2.34997 0 3.15345 1.79196 -1.29281 -0.656288 0.683403 -1.17913
469.178 -nan -6.1103 -0.850006 0 -4.73322 -0.447029 -1.17249 -0.941711 0.663773 -1.20899
469.749 -nan 6.45894 0.863556 0 -1.38807 -1.16699 -0.92897 -1.20966 0.645439 -1.23885
470.32 -nan 2.32818 2.3579 0 4.65839 1.64624 -0.595779 -1.45443 0.627167 -1.26509
470.89 -nan -3.73777 3.25124 0 -2.4211 0.624115 -0.212265 -1.67695 0.606369 -1.29057
471.461 -nan 6.92056 3.32239 0 -3.86984 -1.78022 0.180328 -1.87685 0.584389 -1.3173
472.032 -nan -0.0666122 2.55662 0 4.15472 1.03332 0.546043 -2.05308 0.56443 -1.34559
472.603 -nan -0.907227 1.13976 0 2.44154 1.41622 0.855537 -2.19909 0.541542 -1.37023
473.174 -nan 6.96991 -0.566284 0 -4.78251 -1.5012 1.09111 -2.31653 0.515625 -1.39436
473.744 -nan -2.82346 -2.13052 0 1.4847 0.033371 1.24167 -2.40644 0.488663 -1.41959
474.315 -nan 1.67867 -3.15585 0 4.44789 1.7809 1.29987 -2.46692 0.463852 -1.44283
474.886 -nan 6.60708 -3.37003 0 -3.38242 -0.543594 1.26308 -2.49596 0.437881 -1.46295
475.457 -nan -5.42017 -2.72015 0 -3.38718 -1.08009 1.13573 -2.49722 0.409325 -1.48521
476.027 -nan 3.74698 -1.37647 0 4.646 1.67883 0.924225 -2.47099 0.381065 -1.50816
476.598 -nan 5.82151 0.318192 0 -0.452232 0.537392 0.639091 -2.41697 0.353806 -1.53013
477.169 -nan -6.91267 1.92697 0 -4.85883 -1.7612 0.291817 -2.32969 0.321892 -1.54839
477.74 -nan 5.27009 3.04621 0 2.43522 1.10643 -0.0895309 -2.21669 0.289986 -1.56785
478.311 -nan 4.56705 3.39637 0 4.16814 1.35841 -0.474304 -2.07827 0.258385 -1.58731
478.881 -nan -6.48417 2.88578 0 -4.22556 -1.56048 -0.821709 -1.91551 0.229263 -1.60304
479.452 -nan 6.28661 1.64542 0 -0.613304 0.129944 -1.09731 -1.72696 0.196785 -1.61925
480.023 -nan 2.81067 -0.0106506 0 5.07667 1.76633 -1.26434 -1.51643 0.163086 -1.63746
480.594 -nan -4.36679 -1.67015 0 -1.38029 -0.644501 -1.29543 -1.28659 0.130707 -1.65461
481.164 -nan 6.85344 -2.90646 0 -4.7464 -0.99057 -1.18288 -1.03728 0.0978928 -1.66866
481.735 -nan 0.528946 -3.39697 0 3.54292 1.70656 -0.941315 -0.768539 0.0615082 -1.68143
482.306 -nan -1.55736 -3.01996 0 1.65285 0.44416 -0.610619 -0.490334 0.0280762 -1.69564
482.877 -nan 6.99564 -1.86791 0 -5.07735 -1.73326 -0.228371 -0.202438 -0.00491333 -1.70824
483.447 -nan -2.16656 -0.238068 0 0.265884 1.17287 0.162003 0.0905457 -0.0364685 -1.71744
484.018 -nan 1.11907 1.44413 0 5.09926 1.30141 0.531258 0.391212 -0.0730438 -1.7306
484.589 -nan 6.72971 2.76144 0 -2.62334 -1.61677 0.844574 0.688263 -0.107361 -1.74188
485.16 -nan -4.87654 3.37969 0 -2.63788 0.229988 1.08408 0.978409 -0.140747 -1.75179
485.731 -nan 3.31591 3.14002 0 4.83646 1.74752 1.23581 1.25783 -0.175591 -1.75769
486.301 -nan 6.03989 2.11082 0 0.877518 -0.741982 1.29797 1.52187 -0.210434 -1.7658
486.872 -nan -6.71947 0.544601 0 -5.19753 -0.894966 1.26749 1.76306 -0.242836 -1.77341
487.443 -nan 4.9614 -1.16368 0 1.51534 1.73087 1.14488 1.97636 -0.274025 -1.77847
488.014 -nan 4.90196 -2.57561 0 3.51624 0.353958 0.936058 2.15993 -0.307411 -1.78338
488.584 -nan -6.76491 -3.33424 0 -4.34334 -1.69878 0.652695 2.31071 -0.34256 -1.79092
489.155 -nan 6.09538 -3.23635 0 -2.01726 1.24288 0.310211 2.41779 -0.37355 -1.79443
489.726 -nan 3.26691 -2.30763 0 5.01591 1.23978 -0.0693207 2.48117 -0.404205 -1.79614
490.297 -nan -4.95813 -0.793846 0 -0.277504 -1.66254 -0.455978 2.49895 -0.435783 -1.79654
490.868 -nan 6.76011 0.921837 0 -4.20622 0.32798 -0.808418 2.47437 -0.464966 -1.7995
491.438 -nan 1.10764 2.40071 0 3.6025 1.7272 -1.08842 2.40283 -0.492561 -1.79987
492.009 -nan -2.22483 3.26814 0 3.09787 -0.834846 -1.25871 2.28642 -0.519676 -1.79858
492.58 -nan 6.99928 3.31192 0 -4.56305 -0.79818 -1.29606 2.12993 -0.549507 -1.79916
493.151 -nan -1.51684 2.51813 0 -1.00375 1.75512 -1.19024 1.93626 -0.576279 -1.79865
493.721 -nan 0.530472 1.08457 0 4.61743 0.259018 -0.954575 1.70728 -0.599327 -1.79405
494.292 -nan 6.8258 -0.622887 0 -2.64099 -1.65327 -0.623955 1.44971 -0.622437 -1.78891
494.863 -nan -4.28215 -2.17603 0 -4.02508 1.30518 -0.241646 1.17138 -0.645592 -1.78516
495.434 -nan 2.85151 -3.17809 0 3.87566 1.17623 0.14859 0.879707 -0.665634 -1.78147
496.005 -nan 6.24065 -3.36224 0 2.21935 -1.70335 0.516365 0.573906 -0.684555 -1.77469
496.575 -nan -6.42241 -2.68609 0 -4.69897 0.423561 0.832916 0.261414 -0.704163 -1.76814
497.146 -nan 4.62873 -1.32386 0 1.48756 1.70312 1.077 -0.0501938 -0.723007 -1.76232
497.717 -nan 5.21142 0.37574 0 4.73669 -0.930412 1.2331 -0.355133 -0.737099 -1.75336
498.288 -nan -6.93626 1.97347 0 -2.97031 -0.698006 1.29634 -0.651604 -0.74855 -1.74136
498.858 -nan 5.87357 3.07162 0 -3.28586 1.7695 1.26962 -0.935013 -0.761635 -1.73222
499.429 -nan 3.69576 3.39297 0 4.42664 0.163948 1.15193 -1.20054 -0.772766 -1.72279
