0 -nan 6.99998 3.4 0 5.09979 1.8 -1.3 -2.5 -0.800003 -1.8
1 -nan 0.861595 1.79296 0 -6.04387 -1.30884 -1.02512 -2.44167 -0.796532 -1.79845
2 -nan -4.67588 -1.51979 0 3.95873 0.792526 -0.349609 -2.2659 -0.783478 -1.79099
3 -nan 6.14885 -3.38971 0 -1.7357 0.875763 0.414024 -1.98596 -0.770157 -1.78675
4 -nan 4.81741 -2.00806 0 -0.41758 -1.3876 1.01079 -1.59616 -0.744225 -1.77412
5 -nan -6.81409 1.29019 0 2.80308 1.79634 1.28511 -1.12237 -0.713463 -1.75803
6 -nan 3.4292 3.35529 0 -4.33027 -1.23007 1.19982 -0.575928 -0.679749 -1.74314
7 -nan 6.71319 2.23991 0 5.38319 0.709343 0.757629 0.0187302 -0.636459 -1.7207
9 -nan -2.36489 -1.00222 0 -5.53484 0.955894 0.0555573 0.627754 -0.589394 -1.69662
10 -nan -1.38446 -3.29462 0 3.59522 -1.45412 -0.703957 1.21114 -0.538139 -1.66887
11 -nan 6.85946 -2.42931 0 -1.3224 1.79436 -1.22426 1.73296 -0.484444 -1.64153
12 -nan 2.74764 0.756264 0 -0.111702 -1.14304 -1.2329 2.14378 -0.421097 -1.60457
13 -nan -6.39987 3.21797 0 1.43845 0.623627 -0.73484 2.40729 -0.361565 -1.57002
14 -nan 5.27995 2.62878 0 -3.55252 1.03197 0.0233231 2.50304 -0.296158 -1.5327
15 -nan 5.8217 -0.45755 0 5.27242 -1.52001 0.731499 2.41065 -0.228516 -1.48875
17 -nan -5.50331 -3.11337 0 -4.87533 1.78259 1.18563 2.14862 -0.16143 -1.44498
18 -nan 1.69629 -2.78608 0 5.0041 -1.05725 1.29109 1.739 -0.092308 -1.39778
19 -nan 6.97613 0.206635 0 -5.57458 0.533623 1.02864 1.22049 -0.0230637 -1.34894
20 -nan -0.0742874 2.9955 0 3.46078 1.10289 0.443336 0.634361 0.0452805 -1.29485
21 -nan -3.71018 2.94283 0 -1.92942 -1.57772 -0.316353 0.0287933 0.109657 -1.24313
22 -nan 6.43011 0.100098 0 0.61058 1.77022 -1.00475 -0.570244 0.179993 -1.18382
23 -nan 4.26195 -2.84443 0 2.57748 -0.964783 -1.29654 -1.11678 0.2425 -1.12294
25 -nan -6.99734 -3.06831 0 -3.411 0.443222 -1.05043 -1.59529 0.304825 -1.06444
26 -nan 4.07217 -0.350929 0 4.67236 1.17229 -0.387886 -1.98447 0.36618 -0.999237
27 -nan 6.50748 2.69429 0 -6.60911 -1.6316 0.379433 -2.2699 0.423264 -0.93383
28 -nan -3.39032 3.17996 0 3.85687 1.74998 0.98481 -2.44214 0.476013 -0.865585
29 -nan -0.382973 0.651756 0 -1.85489 -0.87429 1.28266 -2.50359 0.527092 -0.799782
30 -nan 6.95493 -2.50172 0 -0.175339 0.346375 1.20956 -2.44353 0.576553 -0.725418
31 -nan 1.95932 -3.26451 0 3.23403 1.2354 0.782158 -2.26659 0.614746 -0.655556
33 -nan -5.74992 -0.899002 0 -3.77959 -1.67773 0.0898209 -1.98293 0.656387 -0.583084
34 -nan 5.6997 2.31908 0 4.91021 1.73032 -0.675072 -1.59146 0.690514 -0.50679
35 -nan 5.4201 3.33448 0 -6.42458 -0.776413 -1.20795 -1.11311 0.719719 -0.432396
36 -nan -6.21486 1.18785 0 4.56438 0.253189 -1.24557 -0.563103 0.743782 -0.356331
37 -nan 2.50404 -2.09234 0 -3.02689 1.30031 -0.768852 0.033287 0.766319 -0.278984
38 -nan 6.89411 -3.37699 0 2.82278 -1.7162 -0.0143433 0.64547 0.78138 -0.198303
39 -nan -1.06359 -1.42217 0 -0.764023 1.70564 0.699532 1.22688 0.791481 -0.123482
41 -nan -2.69518 1.88415 0 -1.5036 -0.678772 1.17397 1.74785 0.800819 -0.0433578
42 -nan 6.65224 3.39733 0 2.95081 0.155037 1.29364 2.15321 0.798409 0.0363312
43 -nan 3.64026 1.69241 0 -4.09771 1.35845 1.04959 2.41309 0.795509 0.113098
44 -nan -6.90334 -1.6244 0 4.9834 -1.74869 0.479752 2.50056 0.787193 0.193375
45 -nan 4.64706 -3.3973 0 -5.7327 1.67836 -0.27874 2.4048 0.773727 0.271423
46 -nan 6.24319 -1.91003 0 4.95181 -0.578705 -0.974495 2.13445 0.753159 0.349136
47 -nan -4.38085 1.39806 0 -3.1967 0.0595474 -1.29717 1.72234 0.731125 0.424126
49 -nan 0.568085 3.37289 0 1.16938 1.41709 -1.07363 1.19849 0.7034 0.505325
50 -nan 6.99583 2.15075 0 1.86146 -1.77051 -0.421341 0.611816 0.667969 0.578773
51 -nan 1.10432 -1.11519 0 -3.31886 1.6468 0.346832 0.00655365 0.634995 0.652374
52 -nan -4.92549 -3.32259 0 4.76474 -0.477516 0.967354 -0.588455 0.591515 0.72831
53 -nan 6.05988 -2.34592 0 -5.998 -0.042305 1.27741 -1.13306 0.546463 0.800194
54 -nan 4.9535 0.870972 0 4.27193 1.46567 1.22117 -1.60546 0.496834 0.870094
55 -nan -6.72158 3.25523 0 -2.77442 -1.78976 0.813545 -1.98938 0.446747 0.938408
57 -nan 3.23836 2.55374 0 0.769997 1.60849 0.12677 -2.27276 0.387383 1.00857
58 -nan 6.75716 -0.572777 0 1.71214 -0.377762 -0.636917 -2.44041 0.329071 1.0702
59 -nan -2.08532 -3.15978 0 -2.30103 -0.141983 -1.1937 -2.50079 0.268982 1.13561
60 -nan -1.66512 -2.71838 0 4.09674 1.51483 -1.25718 -2.43943 0.202637 1.19739
61 -nan 6.82058 0.323433 0 -6.21959 -1.79739 -0.796913 -2.26508 0.139053 1.25419
62 -nan 2.94698 3.04874 0 4.92002 1.5684 -0.0491638 -1.98032 0.0717545 1.31089
63 -nan -6.54193 2.88413 0 -4.4686 -0.275566 0.675484 -1.59364 0.00327301 1.36579
65 -nan 5.15049 -0.0150146 0 5.23412 -0.245247 1.15887 -1.11545 -0.0669098 1.41769
66 -nan 5.91909 -2.90821 0 -2.8162 1.55719 1.29591 -0.570625 -0.132195 1.46356
67 -nan -5.28108 -3.01801 0 0.701675 -1.80164 1.06862 0.0247192 -0.202484 1.51251
68 -nan 1.46149 -0.236786 0 0.578049 1.52288 0.507736 0.634834 -0.270241 1.55281
69 -nan 6.98645 2.76408 0 -3.17973 -0.175995 -0.243446 1.21739 -0.333145 1.59169
70 -nan 0.187134 3.14018 0 4.32451 -0.345474 -0.952194 1.73906 -0.399002 1.62973
71 -nan -3.98291 0.53894 0 -5.07008 1.59965 -1.29456 2.14793 -0.458794 1.66145
73 -nan 6.35685 -2.57889 0 6.04482 -1.79234 -1.09076 2.41025 -0.516129 1.69048
74 -nan 4.41923 -3.23235 0 -3.24893 1.47865 -0.455574 2.50039 -0.56781 1.7163
75 -nan -6.97664 -0.788361 0 0.871628 -0.0719681 0.318909 2.41018 -0.620674 1.74242
76 -nan 3.90179 2.40143 0 1.25938 -0.445938 0.944038 2.14079 -0.660294 1.75687
77 -nan 6.5691 3.3103 0 -3.7366 1.63667 1.27099 1.73288 -0.699654 1.77455
78 -nan -3.11342 1.08156 0 4.60478 -1.77969 1.23198 1.20978 -0.733765 1.7869
79 -nan -0.653946 -2.18185 0 -5.37231 1.42698 0.834755 0.624878 -0.759575 1.79473
81 -nan 6.93387 -3.3624 0 5.54325 0.0268173 0.159393 0.0173035 -0.779488 1.79936
82 -nan 2.18082 -1.31631 0 -4.18235 -0.545197 -0.609039 -0.574356 -0.793053 1.80077
83 -nan -5.94723 1.97817 0 2.52905 1.67121 -1.17959 -1.1239 -0.799667 1.79788
84 -nan 5.59052 3.39074 0 -1.16772 -1.75589 -1.26454 -1.59678 -0.796616 1.78922
85 -nan 5.53693 1.59124 0 -0.0730362 1.37505 -0.82814 -1.98534 -0.792839 1.78305
86 -nan -6.03921 -1.72411 0 2.40072 0.127975 -0.083931 -2.26951 -0.775757 1.76694
87 -nan 2.29098 -3.39858 0 -4.58427 -0.644417 0.643692 -2.44139 -0.754242 1.74925
89 -nan 6.92194 -1.81329 0 4.32401 1.70017 1.14359 -2.50172 -0.727676 1.72974
90 -nan -0.788589 1.50032 0 -4.99725 -1.72835 1.29875 -2.44288 -0.693367 1.70496
91 -nan -2.97504 3.38407 0 6.20518 1.31401 1.08345 -2.26856 -0.653412 1.6769
92 -nan 6.59712 2.05846 0 -4.08038 0.222969 0.538719 -1.98386 -0.609077 1.64558
93 -nan 3.81875 -1.22324 0 2.17139 -0.744995 -0.213112 -1.59765 -0.56105 1.61366
94 -nan -6.95378 -3.34302 0 -0.37056 1.72453 -0.926872 -1.11572 -0.502777 1.57181
95 -nan 4.49807 -2.25802 0 -3.05846 -1.69221 -1.28976 -0.571098 -0.449211 1.53444
97 -nan 6.32239 0.982185 0 3.93904 1.25339 -1.11337 0.0276031 -0.386154 1.49023
98 -nan -4.11543 3.28415 0 -4.84999 0.321014 -0.489357 0.637703 -0.321182 1.44197
99 -nan 0.313583 2.47453 0 6.32207 -0.841843 0.282616 1.22424 -0.254501 1.39226
