0 -nan 6.99998 3.4 0 5.09979 1.8 -1.3 -2.5 -0.800003 -1.8
1.14155 -nan 0.859833 1.79296 0 -6.02488 -1.30885 -1.02514 -2.4417 -0.796562 -1.79848
2.28311 -nan -4.67299 -1.51987 0 3.84563 0.792511 -0.349594 -2.26586 -0.783432 -1.79094
3.42466 -nan 6.15152 -3.38975 0 -1.4205 0.875732 0.413986 -1.98602 -0.770195 -1.78679
4.56621 -nan 4.81171 -2.00787 0 -1.0151 -1.38758 1.01077 -1.59619 -0.744247 -1.77413
5.70776 -nan -6.81703 1.29039 0 3.52363 1.79649 1.28528 -1.12233 -0.713547 -1.75816
6.84932 -nan 3.44019 3.35493 0 -4.69357 -1.22973 1.1994 -0.575745 -0.679352 -1.74271
7.99087 -nan 6.70906 2.23946 0 5.06895 0.709824 0.758102 0.0183105 -0.636894 -1.72104
9.13242 -nan -2.38458 -1.00223 0 -4.9395 0.956398 0.055069 0.628273 -0.589188 -1.69662
10.274 -nan -1.36024 -3.29441 0 2.40648 -1.45373 -0.703629 1.21082 -0.537994 -1.66857
11.4155 -nan 6.86418 -2.42891 0 0.343124 1.79443 -1.22429 1.73294 -0.484558 -1.64164
12.5571 -nan 2.72061 0.756989 0 -2.06731 -1.1432 -1.23304 2.14381 -0.421242 -1.60471
13.6986 -nan -6.38277 3.21819 0 3.41998 0.623299 -0.734589 2.40753 -0.361267 -1.56995
14.8402 -nan 5.30214 2.62756 0 -4.80226 1.03131 0.0230484 2.50227 -0.296112 -1.53217
15.9817 -nan 5.8011 -0.459015 0 5.82355 -1.52047 0.731544 2.41168 -0.229317 -1.48981
17.1233 -nan -5.53852 -3.11304 0 -4.99728 1.78222 1.18591 2.14784 -0.16024 -1.44411
18.2648 -nan 1.74726 -2.78429 0 3.68584 -1.05764 1.29041 1.7392 -0.0932693 -1.39781
19.4064 -nan 6.97297 0.207626 0 -1.89658 0.533943 1.02951 1.22101 -0.0230637 -1.34976
20.5479 -nan -0.139481 2.99563 0 -1.34605 1.10303 0.442909 0.633942 0.045639 -1.29444
21.6895 -nan -3.64169 2.94225 0 2.70568 -1.57767 -0.316536 0.0285568 0.109863 -1.24284
22.8311 -nan 6.4539 0.0977631 0 -4.69395 1.76952 -1.00332 -0.568932 0.17868 -1.18406
23.9726 -nan 4.20666 -2.84782 0 5.84576 -0.966606 -1.29967 -1.11806 0.243317 -1.12502
25.1142 -nan -6.99802 -3.06703 0 -3.37325 0.440392 -1.0474 -1.59592 0.306328 -1.0613
26.2557 -nan 4.14162 -0.34642 0 0.411461 1.16954 -0.390755 -1.98214 0.363129 -1.00159
27.3973 -nan 6.47878 2.69582 0 2.90668 -1.63326 0.3806 -2.27155 0.424698 -0.933929
28.5388 -nan -3.49949 3.18016 0 -5.62885 1.7506 0.98542 -2.44283 0.476532 -0.865761
29.6804 -nan -0.265388 0.651466 0 5.01723 -0.872459 1.28172 -2.5024 0.527397 -0.797951
30.8219 -nan 6.96477 -2.50436 0 -4.592 0.349243 1.21002 -2.44351 0.573936 -0.727921
31.9635 -nan 1.84353 -3.26797 0 3.94205 1.23911 0.782921 -2.2691 0.618614 -0.655243
33.105 -nan -5.64627 -0.89782 0 -0.940636 -1.67533 0.0882568 -1.97965 0.654617 -0.580795
34.2466 -nan 5.76965 2.32281 0 -0.774338 1.73181 -0.673294 -1.59396 0.689919 -0.509483
35.3881 -nan 5.34104 3.33537 0 3.22587 -0.775566 -1.20941 -1.11225 0.72126 -0.431236
36.5297 -nan -6.30983 1.18668 0 -6.26359 0.252769 -1.24583 -0.562698 0.744354 -0.355911
37.6712 -nan 2.64883 -2.09203 0 4.92458 1.29935 -0.767021 0.0340347 0.764587 -0.277908
38.8128 -nan 6.86937 -3.37737 0 -3.24108 -1.71615 -0.0176468 0.642548 0.781662 -0.201683
39.9543 -nan -1.25959 -1.42499 0 0.580948 1.70696 0.704353 1.23168 0.794724 -0.119698
41.0959 -nan -2.4835 1.88406 0 3.95331 -0.677605 1.17017 1.74476 0.796753 -0.0436249
42.2374 -nan 6.70187 3.3987 0 -4.71648 0.156784 1.2953 2.15371 0.799973 0.0347672
43.379 -nan 3.47715 1.69115 0 4.5637 1.35915 1.04932 2.41354 0.795677 0.113922
44.5205 -nan -6.84628 -1.62576 0 -3.37286 -1.74976 0.478828 2.50134 0.787735 0.194756
45.6621 -nan 4.79136 -3.39474 0 -0.318695 1.67596 -0.277946 2.4023 0.771202 0.270798
46.8037 -nan 6.15479 -1.90733 0 1.91743 -0.581329 -0.974655 2.13723 0.755737 0.347519
47.9452 -nan -4.62327 1.39756 0 -4.14399 0.0562515 -1.29772 1.72015 0.730087 0.427452
49.0868 -nan 0.835518 3.37119 0 6.50601 1.41437 -1.07259 1.19869 0.702103 0.503273
50.2283 -nan 6.99934 2.14897 0 -4.68384 -1.77161 -0.422165 0.612556 0.669235 0.578728
51.3699 -nan 0.822136 -1.11787 0 2.69147 1.64691 0.347 0.00642395 0.63504 0.652557
52.5114 -nan -4.64813 -3.32309 0 -0.267815 -0.476265 0.968399 -0.589844 0.590714 0.729637
53.653 -nan 6.17666 -2.34158 0 -4.61418 -0.0410614 1.27534 -1.13116 0.546013 0.798309
54.7945 -nan 4.76218 0.87455 0 4.84846 1.46626 1.22224 -1.60585 0.497726 0.870285
55.9361 -nan -6.83643 3.25592 0 -3.66499 -1.78967 0.813194 -1.98949 0.446388 0.938637
57.0776 -nan 3.50788 2.55174 0 0.665672 1.60851 0.126625 -2.27289 0.387283 1.00874
58.2192 -nan 6.68198 -0.576027 0 3.46626 -0.377769 -0.637001 -2.4405 0.329048 1.07028
59.3607 -nan -2.48723 -3.16031 0 -4.23516 -0.142174 -1.19319 -2.50012 0.268478 1.13541
60.5023 -nan -1.24686 -2.71577 0 4.96249 1.5144 -1.25795 -2.44015 0.204109 1.19662
61.6438 -nan 6.8817 0.325409 0 -5.12125 -1.79854 -0.796234 -2.26534 0.137581 1.25614
62.7854 -nan 2.60437 3.04889 0 1.64246 1.567 -0.0493622 -1.97907 0.0718536 1.30941
63.9269 -nan -6.31145 2.88242 0 0.838272 -0.276634 0.675179 -1.59489 0.00416565 1.36588
65.0685 -nan 5.38259 -0.0186844 0 -3.63032 -0.245407 1.15919 -1.1154 -0.0671158 1.41801
66.21 -nan 5.7261 -2.91042 0 6.68927 1.5593 1.29713 -0.569077 -0.1343 1.46577
67.3516 -nan -5.66213 -3.01265 0 -3.73669 -1.79779 1.06555 0.0245209 -0.20137 1.50919
68.4931 -nan 1.91193 -0.229607 0 -0.161926 1.52735 0.512047 0.632385 -0.268127 1.55384
69.6347 -nan 6.9554 2.7646 0 4.07498 -0.172241 -0.247314 1.22096 -0.33683 1.59386
70.7763 -nan -0.341095 3.13766 0 -6.33926 -0.344925 -0.951324 1.73821 -0.398277 1.6288
71.9178 -nan -3.43475 0.534302 0 3.91985 1.5985 -1.29338 2.14684 -0.457985 1.6603
73.0594 -nan 6.51832 -2.58443 0 -1.69629 -1.79426 -1.09332 2.4114 -0.515717 1.69144
74.2009 -nan 4.05262 -3.23304 0 -1.44155 1.47701 -0.451965 2.50123 -0.571335 1.71835
75.3425 -nan -6.99635 -0.781631 0 5.00784 -0.0735092 0.316589 2.40764 -0.617264 1.73901
76.484 -nan 4.30603 2.40685 0 -4.92181 -0.445526 0.944969 2.14307 -0.661537 1.75876
77.6256 -nan 6.4006 3.30934 0 3.98717 1.63689 1.27109 1.73236 -0.699951 1.77463
78.7671 -nan -3.76608 1.07849 0 -0.821709 -1.77982 1.23183 1.20866 -0.734665 1.78741
79.9087 -nan 0.0156479 -2.18529 0 -4.75716 1.42635 0.834389 0.625175 -0.758087 1.79334
81.0502 -nan 6.98337 -3.36191 0 5.23886 0.0266418 0.159546 0.0174179 -0.779755 1.79966
82.1918 -nan 1.57449 -1.31127 0 -3.28429 -0.544785 -0.608742 -0.573997 -0.793083 1.80087
83.3333 -nan -5.40817 1.98232 0 -0.607857 1.67162 -1.18004 -1.12437 -0.800018 1.7982
84.4749 -nan 5.9007 3.3907 0 3.87359 -1.75614 -1.26478 -1.59712 -0.79689 1.78949
85.6164 -nan 5.17168 1.58651 0 -4.91686 1.3737 -0.826813 -1.98476 -0.791504 1.78171
86.758 -nan -6.49171 -1.73145 0 4.83005 0.125221 -0.0866928 -2.26881 -0.776886 1.76795
87.8995 -nan 2.92853 -3.40075 0 -2.81418 -0.647568 0.647041 -2.44404 -0.755409 1.75071
89.0411 -nan 6.81339 -1.807 0 -1.72234 1.69755 1.14114 -2.49899 -0.72522 1.72714
90.1826 -nan -1.64438 1.50667 0 4.52048 -1.7293 1.29947 -2.44376 -0.694466 1.70592
91.3242 -nan -2.08585 3.38517 0 -4.42092 1.31583 1.08497 -2.26981 -0.654961 1.67802
92.4658 -nan 6.77684 2.05772 0 0.33844 0.225983 0.537437 -1.98453 -0.609573 1.64716
93.6073 -nan 3.18277 -1.22707 0 3.4314 -0.743752 -0.212929 -1.59484 -0.558022 1.61002
94.7489 -nan -6.70677 -3.34642 0 -5.71273 1.72547 -0.926239 -1.11903 -0.506096 1.57477
95.8904 -nan 5.02503 -2.25462 0 4.67068 -1.69228 -1.29041 -0.569969 -0.448441 1.53419
97.032 -nan 6.00216 0.987823 0 -1.76318 1.25338 -1.1135 0.0281677 -0.385902 1.49032
98.1735 -nan -5.01511 3.28455 0 -1.31839 0.320854 -0.48877 0.63752 -0.320557 1.4409
99.3151 -nan 1.25531 2.4696 0 4.71038 -0.840736 0.281197 1.22324 -0.256386 1.39405
100.457 -nan 6.99161 -0.694054 0 -4.77914 1.74729 0.921364 1.74178 -0.188843 1.34167
101.598 -nan 0.379684 -3.20377 0 1.01163 -1.65015 1.26679 2.1533 -0.118988 1.28717
102.74 -nan -4.19106 -2.64073 0 3.71268 1.18696 1.2408 2.40977 -0.0496292 1.22655
103.881 -nan 6.33342 0.444328 0 -6.49822 0.415894 0.861809 2.49783 0.0183105 1.16801
105.023 -nan 4.47145 3.10158 0 3.44586 -0.934052 0.198669 2.40189 0.0852051 1.10651
106.164 -nan -6.95363 2.81979 0 0.0337524 1.76828 -0.574104 2.13445 0.154083 1.0424
107.306 -nan 3.86935 -0.139091 0 -2.89572 -1.59724 -1.15897 1.71622 0.218605 0.974136
108.447 -nan 6.56647 -2.97092 0 6.36564 1.12074 -1.27602 1.19456 0.281174 0.907257
109.589 -nan -3.04452 -2.95589 0 -4.3045 0.506371 -0.85685 0.608215 0.341232 0.837875
110.731 -nan -0.681259 -0.111847 0 -0.0695801 -1.02872 -0.119881 -0.00145721 0.402664 0.766579
111.872 -nan 6.94001 2.8322 0 4.43448 1.77929 0.619141 -0.593727 0.456848 0.691521
113.014 -nan 2.14388 3.08974 0 -5.67506 -1.5408 1.12986 -1.13768 0.50914 0.617485
114.155 -nan -5.93854 0.414948 0 0.558807 1.0498 1.29912 -1.60699 0.55497 0.543999
115.297 -nan 5.65215 -2.66103 0 2.37021 0.599121 1.10403 -1.99273 0.602692 0.467407
116.438 -nan 5.46498 -3.1925 0 -4.85304 -1.11553 0.5709 -2.27161 0.641563 0.389381
117.58 -nan -6.09387 -0.665871 0 5.82505 1.79054 -0.174011 -2.44193 0.677406 0.311188
118.721 -nan 2.43132 2.48864 0 -1.57752 -1.47822 -0.894226 -2.49609 0.706032 0.234596
119.863 -nan 6.8957 3.28082 0 -2.59583 0.976189 -1.28722 -2.44069 0.736847 0.155182
121.005 -nan -0.98584 0.961121 0 4.90205 0.685814 -1.13364 -2.26635 0.758057 0.0762558
122.146 -nan -2.76393 -2.27548 0 -1.29945 -1.20229 -0.520515 -1.98235 0.776337 -0.00469208
123.288 -nan 6.66667 -3.33897 0 -3.4922 1.79501 0.250092 -1.59797 0.785904 -0.0803299
124.429 -nan 3.60455 -1.20106 0 5.36018 -1.41074 0.900894 -1.12483 0.795967 -0.159576
125.571 -nan -6.90594 2.07957 0 -4.44672 0.898697 1.2571 -0.580063 0.799355 -0.237129
126.712 -nan 4.71289 3.38294 0 0.962051 0.773682 1.25101 0.015274 0.797516 -0.317375
127.854 -nan 6.18837 1.47927 0 3.32917 -1.27995 0.88343 0.620827 0.788063 -0.391457
128.995 -nan -4.45688 -1.83168 0 -5.87433 1.79955 0.22892 1.20724 0.777184 -0.468094
130.137 -nan 0.715828 -3.39998 0 1.86481 -1.33924 -0.54081 1.72709 0.761932 -0.541382
131.279 -nan 7.00114 -1.70748 0 3.35832 0.816391 -1.14553 2.14262 0.739594 -0.619156
132.42 -nan 0.912888 1.61223 0 -4.88871 0.853729 -1.28184 2.40664 0.71257 -0.689964
133.562 -nan -4.75157 3.39247 0 4.0849 -1.3577 -0.878716 2.4981 0.680023 -0.761429
134.703 -nan 6.17266 1.95812 0 0.839439 1.79909 -0.152679 2.41029 0.647644 -0.829498
135.845 -nan 4.77195 -1.33842 0 -3.9216 -1.25883 0.592987 2.1466 0.607231 -0.900284
136.986 -nan -6.81326 -3.3661 0 4.69201 0.734673 1.11504 1.73562 0.563766 -0.965813
138.128 -nan 3.50845 -2.16467 0 -1.4181 0.934296 1.29844 1.21212 0.512741 -1.03046
139.269 -nan 6.67381 1.10366 0 -5.62711 -1.42906 1.11752 0.629898 0.464867 -1.09149
140.411 -nan -2.4824 3.31577 0 4.33503 1.79402 0.597542 0.020813 0.409615 -1.15261
141.553 -nan -1.22857 2.38723 0 -0.945122 -1.1785 -0.143616 -0.572655 0.352989 -1.21272
142.694 -nan 6.89244 -0.809105 0 -3.27613 0.647255 -0.874313 -1.11912 0.289604 -1.26756
143.836 -nan 2.54665 -3.23987 0 6.32619 1.00939 -1.27988 -1.59326 0.227638 -1.32069
144.977 -nan -6.28392 -2.56297 0 -3.82053 -1.49498 -1.14845 -1.9781 0.163101 -1.37074
146.119 -nan 5.44612 0.564194 0 -1.02448 1.78801 -0.555008 -2.26615 0.0973053 -1.42247
147.26 -nan 5.66446 3.14922 0 4.98732 -1.08955 0.218681 -2.43923 0.0285797 -1.46714
148.402 -nan -5.7346 2.75002 0 -1.80515 0.559196 0.879517 -2.50011 -0.0413742 -1.51154
149.543 -nan 2.03748 -0.260635 0 -2.8304 1.08175 1.24695 -2.44241 -0.107422 -1.54858
150.685 -nan 6.93832 -3.02798 0 5.66532 -1.55726 1.25915 -2.27474 -0.176346 -1.58823
151.826 -nan -0.510223 -2.89529 0 -4.34278 1.77356 0.907021 -1.99551 -0.242905 -1.62258
152.968 -nan -3.26282 0.00695038 0 -0.100388 -0.998878 0.256882 -1.61106 -0.312233 -1.65595
154.11 -nan 6.57552 2.89672 0 4.48956 0.469238 -0.513191 -1.13847 -0.373955 -1.68189
155.251 -nan 3.89346 3.03689 0 -5.06688 1.15315 -1.12643 -0.592705 -0.436256 -1.70769
156.393 -nan -6.98241 0.29451 0 -2.60716 -1.61115 -1.28825 -0.00354004 -0.492668 -1.73079
157.534 -nan 4.47289 -2.73306 0 4.79855 1.7565 -0.907249 0.608513 -0.549095 -1.75066
158.676 -nan 6.31288 -3.14911 0 -3.59179 -0.906319 -0.185699 1.19695 -0.599991 -1.76734
159.817 -nan -4.0271 -0.548378 0 0.534729 0.374855 0.563225 1.71955 -0.644562 -1.77821
160.959 -nan 0.309082 2.56989 0 5.40363 1.2197 1.09824 2.13374 -0.684914 -1.78946
162.1 -nan 6.99435 3.24483 0 -4.61651 -1.65939 1.30025 2.40112 -0.719063 -1.79539
163.242 -nan 1.27864 0.845963 0 -0.913223 1.73846 1.13623 2.49865 -0.750908 -1.80179
164.384 -nan -5.13167 -2.36342 0 5.08315 -0.809227 0.627228 2.40623 -0.77124 -1.7991
165.525 -nan 6.04651 -3.3175 0 -3.25822 0.280167 -0.107254 2.14194 -0.788109 -1.79663
166.667 -nan 4.96423 -1.08694 0 -1.25789 1.28269 -0.840927 1.72993 -0.795326 -1.78896
167.808 -nan -6.66367 2.17326 0 4.62381 -1.70283 -1.27322 1.20897 -0.799675 -1.78139
168.95 -nan 3.24984 3.36797 0 -4.5098 1.71335 -1.17036 0.621506 -0.794624 -1.76834
170.091 -nan 6.74017 1.37392 0 -1.12856 -0.710968 -0.585442 0.00779724 -0.782448 -1.75171
171.233 -nan -2.09328 -1.9326 0 5.02791 0.185783 0.186729 -0.583069 -0.76339 -1.73215
172.374 -nan -1.61321 -3.3932 0 -3.03491 1.34304 0.85611 -1.12801 -0.736549 -1.70811
173.516 -nan 6.85397 -1.59871 0 -3.36024 -1.73647 1.24131 -1.60008 -0.70797 -1.68529
174.658 -nan 2.80785 1.71707 0 4.90697 1.68462 1.2664 -1.98493 -0.66954 -1.65582
175.799 -nan -6.48895 3.40102 0 -3.08201 -0.613258 0.929466 -2.2682 -0.627884 -1.62563
176.941 -nan 5.29588 1.85992 0 -1.863 0.0869827 0.292351 -2.43716 -0.577263 -1.58791
178.082 -nan 5.78652 -1.44899 0 6.2953 1.40044 -0.476868 -2.49674 -0.526329 -1.55187
179.224 -nan -5.46956 -3.37936 0 0.00147247 -1.76205 -1.10365 -2.43976 -0.470741 -1.5115
180.365 -nan 1.76904 -2.07014 0 -4.07442 1.65442 -1.29498 -2.27301 -0.410889 -1.46973
181.507 -nan 6.96073 1.21684 0 4.85636 -0.513359 -0.935181 -1.99495 -0.347969 -1.42371
182.648 -nan -0.203545 3.33981 0 -1.2963 -0.0123444 -0.21682 -1.61364 -0.280006 -1.37292
183.79 -nan -3.58118 2.29662 0 -4.57822 1.45135 0.534096 -1.1472 -0.215073 -1.3227
184.932 -nan 6.51163 -0.926025 0 5.02087 -1.78164 1.08176 -0.606125 -0.145531 -1.26801
186.073 -nan 4.06601 -3.27668 0 2.81043 1.61967 1.30071 -0.0195923 -0.0787201 -1.21555
187.215 -nan -6.99968 -2.48372 0 -5.00586 -0.410995 1.14729 0.588478 -0.00814819 -1.15558
188.356 -nan 4.31695 0.681602 0 2.43366 -0.111397 0.653542 1.17651 0.0610809 -1.09518
189.498 -nan 6.37921 3.19006 0 1.51286 1.50115 -0.0747604 1.69924 0.127907 -1.031
190.639 -nan -3.7569 2.67539 0 -6.61678 -1.79532 -0.817299 2.11956 0.193642 -0.968063
191.781 -nan 0.0566635 -0.382515 0 1.51052 1.57937 -1.26362 2.39356 0.255318 -0.903702
192.922 -nan 6.98918 -3.08112 0 4.46886 -0.309036 -1.18292 2.49886 0.320557 -0.833939
194.064 -nan 1.49003 -2.83118 0 -3.78048 -0.211349 -0.614334 2.4186 0.379845 -0.764488
195.205 -nan -5.3504 0.126572 0 -1.12829 1.54861 0.160042 2.16022 0.437691 -0.690346
196.347 -nan 5.97252 2.95911 0 5.54575 -1.79981 0.834671 1.75647 0.489128 -0.620392
197.489 -nan 5.06887 2.97977 0 -4.46875 1.5355 1.23086 1.23868 0.537743 -0.546547
198.63 -nan -6.55737 0.175323 0 -2.50594 -0.208366 1.27383 0.655037 0.585342 -0.473198
199.772 -nan 3.09698 -2.80362 0 4.5843 -0.311195 0.948151 0.0439301 0.626747 -0.396141
200.913 -nan 6.77169 -3.10354 0 0.538231 1.59268 0.31945 -0.554207 0.666962 -0.3172
202.055 -nan -1.87775 -0.427345 0 -4.42003 -1.79651 -0.449661 -1.10021 0.697227 -0.241753
203.196 -nan -1.82699 2.64622 0 5.7935 1.48951 -1.08956 -1.57751 0.725403 -0.163742
204.338 -nan 6.83114 3.20715 0 0.711784 -0.10836 -1.29678 -1.96495 0.748962 -0.0881653
205.479 -nan 2.93835 0.727676 0 -4.85591 -0.412674 -0.955574 -2.25415 0.769196 -0.0068512
206.621 -nan -6.58502 -2.45222 0 0.867393 1.63035 -0.249763 -2.43494 0.786087 0.0719299
207.763 -nan 5.22269 -3.28739 0 4.58513 -1.78503 0.508522 -2.49689 0.792801 0.151558
208.904 -nan 5.84224 -0.973251 0 -5.0675 1.43989 1.06757 -2.44705 0.797745 0.230431
210.046 -nan -5.3274 2.26387 0 -0.167061 -0.0056839 1.2965 -2.28281 0.795868 0.306381
211.187 -nan 1.63744 3.34934 0 5.1517 -0.512444 1.16099 -2.01186 0.793045 0.385605
212.329 -nan 6.96913 1.25829 0 -1.49765 1.66312 0.680389 -1.63937 0.784027 0.460907
213.47 -nan -0.0660934 -2.03107 0 -4.33936 -1.76705 -0.0465851 -1.17147 0.767036 0.53981
214.612 -nan -3.73261 -3.38604 0 3.82608 1.38715 -0.794487 -0.63401 0.747368 0.614784
215.753 -nan 6.48493 -1.49177 0 -0.199692 0.0956573 -1.25555 -0.0458374 0.720299 0.688316
216.895 -nan 4.13391 1.82153 0 -6.20171 -0.611511 -1.19667 0.559784 0.693771 0.760689
218.037 -nan -6.9979 3.39884 0 2.46852 1.69096 -0.644966 1.14699 0.660164 0.830063
219.178 -nan 4.25697 1.75745 0 4.39758 -1.741 0.126404 1.67943 0.622124 0.903465
220.32 -nan 6.40374 -1.55846 0 -3.7076 1.33109 0.812614 2.10439 0.580276 0.971725
221.461 -nan -3.64697 -3.39062 0 -1.7718 0.19632 1.22422 2.38533 0.531342 1.03957
222.603 -nan -0.0393677 -1.9715 0 5.6667 -0.709991 1.2786 2.49413 0.483208 1.1024
223.744 -nan 6.98345 1.32745 0 -2.88525 1.71721 0.967598 2.41715 0.42868 1.16311
224.886 -nan 1.55566 3.36139 0 -5.42449 -1.70753 0.354973 2.16824 0.373589 1.22518
226.027 -nan -5.42146 2.20709 0 2.57143 1.27084 -0.412209 1.7645 0.314407 1.28212
227.169 -nan 5.95507 -1.04243 0 2.7552 0.29274 -1.06849 1.24494 0.250031 1.34003
228.311 -nan 5.0936 -3.30604 0 -4.82694 -0.807564 -1.30025 0.658005 0.186508 1.3908
229.452 -nan -6.51894 -2.39851 0 1.96026 1.74133 -0.980621 0.0440216 0.118584 1.43968
230.594 -nan 3.06473 0.800522 0 6.3993 -1.66586 -0.284447 -0.551544 0.0534897 1.48674
231.735 -nan 6.77132 3.23092 0 -1.43262 1.20627 0.478104 -1.10059 -0.0137482 1.5293
232.877 -nan -1.83427 2.60013 0 -4.25734 0.38665 1.05239 -1.58109 -0.083168 1.57305
234.018 -nan -1.86634 -0.501045 0 4.63853 -0.901566 1.29713 -1.96894 -0.151329 1.61007
235.16 -nan 6.82991 -3.13001 0 0.793289 1.76286 1.17233 -2.25695 -0.222427 1.64601
236.301 -nan 2.94744 -2.76171 0 -5.10696 -1.61861 0.704254 -2.43298 -0.287254 1.67645
237.443 -nan -6.5937 0.250198 0 -0.520805 1.13765 -0.0101089 -2.49425 -0.351227 1.70208
238.584 -nan 5.22755 3.01753 0 6.56726 0.479095 -0.760864 -2.44582 -0.413574 1.72793
239.726 -nan 5.83385 2.91992 0 -2.5936 -0.992691 -1.24478 -2.28265 -0.472206 1.74792
240.868 -nan -5.32363 0.0558395 0 -2.41644 1.77878 -1.21344 -2.01279 -0.531792 1.76824
242.009 -nan 1.64991 -2.87216 0 4.44586 -1.56558 -0.676201 -1.64212 -0.582878 1.78175
243.151 -nan 6.96511 -3.04955 0 2.97332 1.06773 0.0961304 -1.17889 -0.630211 1.79029
244.292 -nan -0.0884476 -0.306107 0 -4.63401 0.571808 0.789925 -0.647377 -0.671814 1.79697
245.434 -nan -3.70898 2.72017 0 -0.0705338 -1.08189 1.21169 -0.065361 -0.706154 1.79765
246.575 -nan 6.50098 3.16546 0 5.48859 1.7886 1.28322 0.538284 -0.73938 1.79948
247.717 -nan 4.10028 0.606491 0 -2.80772 -1.50498 0.98864 1.12457 -0.763603 1.79533
248.858 -nan -6.99995 -2.53325 0 -4.43973 0.995438 0.381638 1.65767 -0.782707 1.78716
250 -nan 4.29659 -3.25571 0 2.32588 0.660858 -0.384926 2.08801 -0.794914 1.77632
251.142 -nan 6.38113 -0.856339 0 3.42661 -1.17056 -1.04794 2.37544 -0.79702 1.75831
252.283 -nan -3.70656 2.35249 0 -5.92142 1.79573 -1.30058 2.49528 -0.795593 1.74058
253.425 -nan 0.032608 3.32314 0 -1.46114 -1.43639 -1.00162 2.42976 -0.784912 1.71739
254.566 -nan 6.98869 1.14507 0 5.56046 0.918777 -0.311462 2.18842 -0.769371 1.69191
255.708 -nan 1.47911 -2.12978 0 1.73592 0.745766 0.453064 1.79533 -0.749008 1.66508
256.849 -nan -5.35529 -3.37196 0 -5.05233 -1.25286 1.03529 1.28139 -0.718414 1.63091
257.991 -nan 5.99577 -1.38268 0 1.93455 1.80104 1.29498 0.696571 -0.683846 1.59558
259.132 -nan 5.035 1.92075 0 4.1948 -1.36313 1.18234 0.0845032 -0.640663 1.55386
260.274 -nan -6.56564 3.39513 0 -1.79622 0.836853 0.724091 -0.516777 -0.593422 1.51048
261.416 -nan 3.1551 1.65186 0 -5.76552 0.830376 0.0184708 -1.06821 -0.545715 1.46793
262.557 -nan 6.74858 -1.6657 0 3.73104 -1.33003 -0.737617 -1.55104 -0.490761 1.41961
263.699 -nan -1.96103 -3.39991 0 1.76836 1.80146 -1.23896 -1.94726 -0.433838 1.37088
264.84 -nan -1.72978 -1.87029 0 -4.53192 -1.2893 -1.2232 -2.23956 -0.371323 1.31638
265.982 -nan 6.85237 1.43858 0 -3.08502 0.756454 -0.698563 -2.42578 -0.304039 1.25842
267.123 -nan 2.83488 3.37849 0 4.09507 0.912071 0.0662079 -2.49675 -0.23877 1.2009
268.265 -nan -6.52702 2.11355 0 0.33712 -1.40395 0.767067 -2.45113 -0.169685 1.13792
269.406 -nan 5.30824 -1.15886 0 -6.58219 1.79534 1.20385 -2.29685 -0.102257 1.07623
270.548 -nan 5.76445 -3.33088 0 -0.278305 -1.20686 1.28619 -2.03262 -0.0349197 1.01151
271.689 -nan -5.45396 -2.3102 0 5.30003 0.673264 1.00428 -1.66747 0.0356903 0.943405
272.831 -nan 1.80709 0.920128 0 -0.379982 0.988739 0.409676 -1.2144 0.102257 0.876472
273.973 -nan 6.95145 3.26806 0 -4.85731 -1.47321 -0.358086 -0.682838 0.170494 0.803352
275.114 -nan -0.268761 2.52097 0 2.42109 1.78902 -1.03258 -0.100861 0.236832 0.730591
276.256 -nan -3.51808 -0.620918 0 4.84978 -1.12033 -1.30102 0.501411 0.297897 0.657425
277.397 -nan 6.55106 -3.17479 0 -1.43929 0.584381 -1.02037 1.09241 0.359184 0.581558
278.539 -nan 3.96648 -2.68652 0 -5.78347 1.06197 -0.342911 1.62588 0.414803 0.508766
279.68 -nan -6.99447 0.373543 0 3.67458 -1.53348 0.424774 2.06201 0.468773 0.431808
280.822 -nan 4.43396 3.0723 0 3.3525 1.77724 1.01933 2.36326 0.522522 0.354073
281.963 -nan 6.31484 2.85713 0 -2.31284 -1.03362 1.29223 2.49216 0.569061 0.27739
283.105 -nan -3.92922 -0.0667038 0 -4.42324 0.495995 1.19622 2.43613 0.613678 0.196243
284.247 -nan 0.263962 -2.93486 0 3.53864 1.1358 0.75219 2.20159 0.652725 0.117767
285.388 -nan 6.99416 -2.99081 0 2.2675 -1.59085 0.0508575 1.8076 0.68515 0.0380859
286.53 -nan 1.26337 -0.186409 0 -4.67745 1.75906 -0.707832 1.29674 0.716919 -0.0422363
287.671 -nan -5.14144 2.79272 0 -5.34396 -0.939758 -1.22277 0.714394 0.741516 -0.117882
288.813 -nan 6.08997 3.11768 0 3.81687 0.404823 -1.23538 0.0992966 0.762047 -0.196487
289.954 -nan 4.89503 0.48764 0 1.80476 1.20318 -0.734009 -0.504074 0.780624 -0.274429
291.096 -nan -6.68491 -2.61479 0 -4.53078 -1.6434 0.0303116 -1.06179 0.791023 -0.351227
292.237 -nan 3.36324 -3.21848 0 -3.60856 1.74238 0.744911 -1.55106 0.798492 -0.430244
293.379 -nan 6.69592 -0.735977 0 3.19286 -0.844429 1.19493 -1.94689 0.799728 -0.504578
294.521 -nan -2.25389 2.438 0 2.33133 0.309868 1.28923 -2.23936 0.793213 -0.579346
295.662 -nan -1.4205 3.29755 0 -6.10555 1.26855 1.02032 -2.42471 0.785774 -0.653305
296.804 -nan 6.89017 1.02861 0 -4.17809 -1.68588 0.438019 -2.49454 0.772171 -0.722778
297.945 -nan 2.59486 -2.22172 0 3.61083 1.71764 -0.322067 -2.45142 0.753914 -0.794266
299.087 -nan -6.364 -3.35484 0 3.27614 -0.749107 -1.00495 -2.29826 0.733406 -0.863136
300.228 -nan 5.46254 -1.26746 0 -4.78551 0.216919 -1.30118 -2.03385 0.704643 -0.930344
301.37 -nan 5.63337 2.02209 0 -2.67828 1.33083 -1.04738 -1.67002 0.672935 -0.999077
302.511 -nan -5.71099 3.39066 0 2.84627 -1.7265 -0.376938 -1.21883 0.637527 -1.06156
303.653 -nan 2.0995 1.54413 0 4.04411 1.69113 0.397415 -0.691498 0.594238 -1.12231
304.795 -nan 6.92005 -1.77079 0 -4.99177 -0.64669 1.00093 -0.114655 0.549652 -1.18204
305.936 -nan -0.615509 -3.39854 0 -3.83403 0.119949 1.28476 0.483208 0.501312 -1.23664
307.078 -nan -3.14818 -1.76644 0 3.33718 1.38519 1.20377 1.07224 0.448135 -1.29226
308.219 -nan 6.63755 1.55128 0 5.63135 -1.75441 0.775719 1.60763 0.395424 -1.34501
309.361 -nan 3.72329 3.38865 0 -3.32576 1.66118 0.0833435 2.04707 0.336868 -1.39362
310.502 -nan -6.96177 2.01669 0 -3.32226 -0.547668 -0.680824 2.35439 0.274086 -1.44359
311.644 -nan 4.6618 -1.27489 0 2.14104 0.0217361 -1.21366 2.49303 0.211708 -1.48843
312.785 -nan 6.19483 -3.35431 0 5.08914 1.44036 -1.24491 2.44635 0.144142 -1.52993
313.927 -nan -4.30656 -2.22033 0 -1.47306 -1.77805 -0.755127 2.22207 0.0765076 -1.57033
315.068 -nan 0.654961 1.03601 0 -4.94058 1.62608 0.00398254 1.83892 0.0102005 -1.60416
316.21 -nan 6.9971 3.29723 0 1.53377 -0.443764 0.720863 1.33305 -0.0595474 -1.63692
317.352 -nan 0.891708 2.43493 0 6.62403 -0.0781326 1.1824 0.753609 -0.126724 -1.66835
318.493 -nan -4.76459 -0.742805 0 0.785255 1.48808 1.29234 0.141113 -0.192993 -1.6937
319.635 -nan 6.23224 -3.21753 0 -4.82277 -1.79131 1.03779 -0.46521 -0.261879 -1.71934
320.776 -nan 4.66085 -2.61051 0 0.0054245 1.59042 0.465302 -1.02656 -0.32737 -1.74184
321.918 -nan -6.83634 0.494843 0 4.4626 -0.344032 -0.294441 -1.51888 -0.391548 -1.75899
323.059 -nan 3.68018 3.12321 0 2.67948 -0.179909 -0.988815 -1.92414 -0.454781 -1.77556
324.201 -nan 6.60142 2.78928 0 -4.61237 1.53774 -1.30101 -2.22402 -0.510841 -1.78594
325.342 -nan -2.7184 -0.18808 0 -1.9833 -1.79784 -1.06094 -2.41431 -0.564331 -1.792
326.484 -nan -0.937614 -2.99385 0 3.40102 1.5463 -0.400696 -2.49442 -0.615089 -1.79878
327.626 -nan 6.93821 -2.93143 0 5.1832 -0.24147 0.369926 -2.45792 -0.656876 -1.79955
328.767 -nan 2.22059 -0.0613251 0 -3.86751 -0.278572 0.982132 -2.30939 -0.695518 -1.79758
329.909 -nan -6.06691 2.86275 0 -4.08596 1.57964 1.28301 -2.05574 -0.729416 -1.79469
331.05 -nan 5.67695 3.06628 0 0.320541 -1.7981 1.21579 -1.69862 -0.754967 -1.78539
332.192 -nan 5.41733 0.365601 0 4.92854 1.50228 0.796036 -1.25107 -0.77755 -1.77505
333.333 -nan -6.06132 -2.69302 0 -0.893387 -0.14032 0.109482 -0.731354 -0.793083 -1.76237
334.475 -nan 2.52165 -3.17442 0 -4.92216 -0.379234 -0.656075 -0.156052 -0.79847 -1.74268
335.616 -nan 6.86273 -0.617142 0 -2.4656 1.62081 -1.20341 0.44561 -0.799599 -1.72218
336.758 -nan -1.12864 2.52452 0 4.03931 -1.79194 -1.25513 1.03468 -0.792862 -1.69875
337.9 -nan -2.59677 3.26501 0 2.03204 1.45214 -0.779724 1.57451 -0.776833 -1.66959
339.041 -nan 6.74081 0.912666 0 -5.67223 -0.0366821 -0.0247955 2.0228 -0.756805 -1.64008
340.183 -nan 3.36008 -2.31477 0 -6.01404 -0.477379 0.695824 2.33549 -0.729683 -1.60721
341.324 -nan -6.84013 -3.32896 0 1.22139 1.65222 1.16981 2.48376 -0.69529 -1.56998
342.466 -nan 4.96362 -1.15212 0 4.51073 -1.77542 1.29773 2.45255 -0.658905 -1.53371
343.607 -nan 6.00839 2.12202 0 -1.84196 1.40257 1.0565 2.23802 -0.615585 -1.4929
344.749 -nan -4.82288 3.37521 0 -4.75086 0.0623169 0.491943 1.86079 -0.564705 -1.44683
345.89 -nan 1.19071 1.43349 0 -1.96222 -0.579109 -0.261757 1.36032 -0.511971 -1.40087
347.032 -nan 6.98607 -1.87585 0 4.64958 1.68597 -0.9608 0.777313 -0.453743 -1.35036
348.174 -nan 0.36277 -3.39838 0 2.2888 -1.75112 -1.29746 0.157562 -0.390869 -1.29659
349.315 -nan -4.20808 -1.66197 0 -1.87162 1.34527 -1.08721 -0.451363 -0.32859 -1.24352
350.457 -nan 6.40623 1.65793 0 -5.09155 0.162949 -0.438759 -1.01655 -0.262489 -1.18551
351.598 -nan 4.32114 3.39555 0 2.95797 -0.678719 0.339226 -1.51395 -0.193405 -1.12491
352.74 -nan -6.96571 1.91564 0 6.55138 1.71326 0.962921 -1.91976 -0.126854 -1.06564
353.881 -nan 4.08733 -1.38696 0 2.89285 -1.71851 1.27535 -2.22168 -0.0583954 -1.00193
355.023 -nan 6.45258 -3.37154 0 -4.61398 1.28489 1.2234 -2.41602 0.0113449 -0.936386
356.164 -nan -3.35033 -2.12244 0 -1.57597 0.260155 0.819099 -2.49614 0.0779343 -0.87159
357.306 -nan -0.286446 1.15431 0 3.46301 -0.772644 0.142128 -2.45921 0.144836 -0.802475
358.447 -nan 6.98179 3.32798 0 4.85226 1.73838 -0.623505 -2.31148 0.212181 -0.731445
359.589 -nan 1.69466 2.34749 0 -0.771065 -1.68388 -1.18549 -2.05566 0.275299 -0.660637
360.731 -nan -5.59368 -0.861069 0 -4.84527 1.22237 -1.26426 -1.69636 0.337784 -0.58522
361.872 -nan 5.93501 -3.25712 0 -1.70451 0.360497 -0.811699 -1.24998 0.399124 -0.509499
363.014 -nan 5.11134 -2.53106 0 3.36568 -0.871254 -0.0610962 -0.732697 0.453285 -0.436142
364.155 -nan -6.45157 0.615852 0 3.58232 1.75717 0.670563 -0.160515 0.504333 -0.359001
365.297 -nan 3.04793 3.16804 0 -4.41788 -1.63589 1.15848 0.436996 0.553871 -0.280922
366.438 -nan 6.75978 2.71568 0 -6.68404 1.15722 1.29766 1.02334 0.597397 -0.204773
367.58 -nan -1.81747 -0.313202 0 -1.98724 0.452087 1.06865 1.56275 0.637314 -0.126122
368.721 -nan -1.86153 -3.05155 0 5.18861 -0.962379 0.518265 2.01316 0.674957 -0.0478058
369.863 -nan 6.85052 -2.86552 0 1.79889 1.77297 -0.228195 2.33042 0.705437 0.0281372
371.005 -nan 2.85679 0.0647354 0 -1.95188 -1.58382 -0.93576 2.48441 0.731796 0.107765
372.146 -nan -6.56999 2.92654 0 -4.67594 1.08855 -1.29391 2.46038 0.757126 0.187874
373.288 -nan 5.32344 3.01275 0 1.41993 0.543129 -1.10488 2.25439 0.775467 0.264969
374.429 -nan 5.74256 0.241768 0 4.85902 -1.05216 -0.466934 1.88424 0.787788 0.343857
375.571 -nan -5.44044 -2.76547 0 3.86741 1.78737 0.312141 1.38845 0.797562 0.42305
376.712 -nan 1.85054 -3.12893 0 -2.95335 -1.52774 0.945457 0.810371 0.800812 0.499077
377.854 -nan 6.93967 -0.493782 0 -3.99644 1.01507 1.27154 0.192986 0.79734 0.57563
378.995 -nan -0.345413 2.60494 0 -0.104591 0.636986 1.23351 -0.41861 0.791695 0.651901
380.137 -nan -3.44155 3.22919 0 5.4554 -1.13989 0.839714 -0.986107 0.779518 0.723526
381.279 -nan 6.59317 0.792419 0 2.62939 1.79263 0.1689 -1.48616 0.760597 0.795532
382.42 -nan 3.85447 -2.40202 0 -4.74345 -1.46056 -0.597885 -1.89912 0.740082 0.867584
383.562 -nan -6.98826 -3.30363 0 -6.46345 0.940453 -1.17142 -2.20772 0.71524 0.934929
384.703 -nan 4.56194 -1.03448 0 -1.13095 0.720734 -1.26923 -2.40562 0.68338 1.00112
385.845 -nan 6.23458 2.21405 0 4.97836 -1.22317 -0.833984 -2.49249 0.649254 1.06786
386.986 -nan -4.12407 3.35923 0 2.95982 1.79919 -0.0909729 -2.46447 0.612106 1.13055
388.128 -nan 0.505165 1.31779 0 -1.51584 -1.3921 0.644829 -2.3216 0.568123 1.19126
389.269 -nan 6.9999 -1.97895 0 -4.93374 0.863297 1.14601 -2.07253 0.521561 1.25217
390.411 -nan 0.99736 -3.39224 0 0.0636978 0.805893 1.30165 -1.72314 0.472366 1.30849
391.553 -nan -4.89498 -1.5495 0 3.63328 -1.30173 1.08649 -1.28107 0.416679 1.36186
392.694 -nan 6.2168 1.76553 0 4.69541 1.80112 0.54351 -0.764412 0.357964 1.41553
393.836 -nan 4.68817 3.40265 0 -2.11991 -1.3192 -0.202957 -0.196358 0.299026 1.4644
394.977 -nan -6.8047 1.81218 0 -5.09764 0.781815 -0.917709 0.399658 0.235596 1.50824
396.119 -nan 3.65578 -1.49866 0 -3.66672 0.89016 -1.29091 0.991241 0.168716 1.55196
397.26 -nan 6.59964 -3.38778 0 4.23368 -1.37989 -1.12036 1.5351 0.103264 1.59209
398.402 -nan -2.68063 -2.0243 0 5.60527 1.79672 -0.494736 1.98901 0.0364609 1.62632
399.543 -nan -0.957253 1.26742 0 1.57379 -1.23522 0.283958 2.31583 -0.0331726 1.65932
400.685 -nan 6.94302 3.35036 0 -4.9763 0.697456 0.925964 2.48084 -0.100769 1.68939
401.826 -nan 2.19318 2.2546 0 -4.23903 0.96624 1.2647 2.46301 -0.167633 1.71385
402.968 -nan -6.06348 -0.979805 0 1.71243 -1.44655 1.23992 2.26426 -0.23632 1.7366
404.11 -nan 5.71082 -3.28976 0 4.85365 1.78972 0.860748 1.90472 -0.302437 1.75751
405.251 -nan 5.36953 -2.44168 0 2.45935 -1.15396 0.202126 1.41448 -0.364532 1.7718
406.393 -nan -6.08882 0.738411 0 -3.91572 0.611336 -0.56353 0.835335 -0.427246 1.78297
407.534 -nan 2.60361 3.21098 0 -4.85882 1.04262 -1.15308 0.21698 -0.488106 1.79343
408.676 -nan 6.84015 2.63863 0 -1.81375 -1.51189 -1.27921 -0.396126 -0.542526 1.79897
409.817 -nan -1.24445 -0.43837 0 4.36572 1.77872 -0.866272 -0.971466 -0.593597 1.7995
410.959 -nan -2.4698 -3.10552 0 4.5652 -1.06525 -0.127602 -1.47933 -0.641754 1.79848
412.1 -nan 6.776 -2.79826 0 1.71839 0.524773 0.616394 -1.89563 -0.68261 1.79286
413.242 -nan 3.2326 0.188141 0 -4.33334 1.11491 1.13049 -2.20848 -0.717514 1.78192
414.384 -nan -6.7969 2.98791 0 -3.19072 -1.57338 1.30152 -2.41171 -0.748833 1.76929
415.525 -nan 5.07893 2.9547 0 -0.700722 1.76672 1.10191 -2.49827 -0.772537 1.75338
416.667 -nan 5.92221 0.118332 0 4.86867 -0.973251 0.57048 -2.46632 -0.787521 1.73109
417.808 -nan -4.99801 -2.83513 0 2.53472 0.430222 -0.171242 -2.32183 -0.79789 1.70654
418.95 -nan 1.40899 -3.07951 0 -1.5301 1.18745 -0.891785 -2.07084 -0.802589 1.68102
420.091 -nan 6.97182 -0.368813 0 -5.86655 -1.62539 -1.28391 -1.71732 -0.796829 1.64931
421.233 -nan 0.111847 2.68188 0 -2.9151 1.74492 -1.13882 -1.27277 -0.783783 1.61291
422.374 -nan -3.94798 3.18938 0 3.55566 -0.876778 -0.529938 -0.757065 -0.767067 1.57655
423.516 -nan 6.49477 0.67099 0 6.37267 0.338936 0.247765 -0.19059 -0.742981 1.53702
424.658 -nan 4.12094 -2.48927 0 3.04194 1.2499 0.90139 0.403511 -0.710251 1.4918
425.799 -nan -6.993 -3.27197 0 -3.91946 -1.6713 1.25767 0.991737 -0.673332 1.44503
426.941 -nan 4.31246 -0.915466 0 -5.5905 1.72396 1.24936 1.53294 -0.631973 1.39664
428.082 -nan 6.34709 2.30766 0 -2.86697 -0.781128 0.882217 1.98656 -0.583801 1.34367
429.224 -nan -3.69742 3.33662 0 4.08791 0.244186 0.231377 2.31465 -0.531479 1.28844
430.365 -nan 0.0938568 1.20347 0 4.85945 1.31218 -0.533684 2.4824 -0.476715 1.23241
431.507 -nan 6.99409 -2.07894 0 2.51769 -1.7094 -1.13493 2.46855 -0.417068 1.17251
432.648 -nan 1.33894 -3.37772 0 -4.01075 1.69691 -1.28301 2.27429 -0.353119 1.10937
433.79 -nan -5.2597 -1.43826 0 -4.83427 -0.682816 -0.889847 1.91836 -0.288666 1.04636
434.931 -nan 6.10336 1.87319 0 -2.87908 0.150826 -0.159027 1.43153 -0.222961 0.98143
436.073 -nan 4.86623 3.39787 0 3.19835 1.36967 0.590027 0.855408 -0.153679 0.912262
437.215 -nan -6.66136 1.70507 0 4.81898 -1.74433 1.1168 0.238121 -0.083786 0.842155
438.356 -nan 3.41801 -1.61311 0 3.40478 1.67053 1.30178 -0.375359 -0.0160904 0.772217
439.498 -nan 6.66082 -3.39501 0 -2.2197 -0.58371 1.11648 -0.950714 0.0522079 0.698982
440.639 -nan -2.32904 -1.92217 0 -4.73794 0.0514374 0.598351 -1.46073 0.121773 0.622993
441.781 -nan -1.31125 1.38476 0 -3.47958 1.42738 -0.136551 -1.88127 0.188133 0.548218
442.922 -nan 6.91837 3.37057 0 1.49219 -1.76982 -0.86441 -2.19741 0.251732 0.472443
444.064 -nan 2.42973 2.1614 0 5.25583 1.63552 -1.27797 -2.40322 0.315132 0.393867
445.206 -nan -6.27537 -1.10059 0 3.54609 -0.479973 -1.15621 -2.49521 0.376167 0.315712
446.347 -nan 5.59895 -3.32101 0 -0.781021 -0.0470581 -0.560257 -2.4701 0.432213 0.238686
447.489 -nan 5.48488 -2.35519 0 -6.0689 1.47784 0.218414 -2.32977 0.48571 0.159431
448.63 -nan -5.88754 0.858482 0 -4.10612 -1.78828 0.882927 -2.08204 0.537819 0.0790024
449.772 -nan 2.38932 3.25255 0 0.0147476 1.60023 1.25308 -1.73501 0.584473 0.00120544
450.913 -nan 6.87015 2.55979 0 6.24892 -0.377815 1.25823 -1.29643 0.62513 -0.0766296
452.055 -nan -0.986275 -0.559357 0 5.13026 -0.14782 0.902954 -0.781967 0.663406 -0.156807
453.196 -nan -2.74742 -3.15434 0 1.71815 1.52784 0.259567 -0.215363 0.698517 -0.235664
454.338 -nan 6.74053 -2.72584 0 -5.17908 -1.79871 -0.506943 0.37709 0.726761 -0.311829
455.479 -nan 3.3798 0.311577 0 -5.69192 1.55682 -1.1208 0.965126 0.749298 -0.388512
456.621 -nan -6.86842 3.04404 0 -3.53761 -0.272987 -1.28887 1.51141 0.769958 -0.466347
457.763 -nan 4.9777 2.89102 0 3.35108 -0.248299 -0.912697 1.97131 0.785957 -0.541222
458.904 -nan 5.98322 -0.00671387 0 5.41212 1.56954 -0.188248 2.30335 0.794624 -0.613449
460.046 -nan -4.81182 -2.90203 0 4.67014 -1.79908 0.565254 2.47692 0.798874 -0.686546
461.187 -nan 1.23875 -3.02167 0 -1.22274 1.51276 1.10243 2.47227 0.799805 -0.758652
462.329 -nan 6.97861 -0.244301 0 -5.14876 -0.171776 1.30071 2.28559 0.79509 -0.827431
463.47 -nan 0.267601 2.75758 0 -5.12553 -0.3461 1.12889 1.93301 0.784225 -0.89492
464.612 -nan -4.12448 3.14177 0 -0.764946 1.60957 0.622185 1.4483 0.769447 -0.962372
465.753 -nan 6.46239 0.547249 0 4.76566 -1.79468 -0.10585 0.875267 0.750824 -1.02685
466.895 -nan 4.19501 -2.57412 0 4.99857 1.4651 -0.836327 0.258018 0.725922 -1.08826
468.036 -nan -6.97931 -3.23382 0 2.33489 -0.0697174 -1.26687 -0.360947 0.695602 -1.14923
469.178 -nan 4.24077 -0.795471 0 -3.90086 -0.447456 -1.17172 -0.942154 0.662979 -1.20911
470.32 -nan 6.37288 2.39822 0 -4.78866 1.64607 -0.595375 -1.45455 0.626793 -1.26513
471.461 -nan -3.57715 3.30988 0 -3.88978 -1.78034 0.180008 -1.87667 0.584686 -1.3171
472.603 -nan -0.0140076 1.08605 0 2.04928 1.41238 0.854645 -2.19695 0.53772 -1.36878
473.744 -nan 6.99304 -2.17522 0 4.05346 0.0328217 1.24116 -2.40592 0.488716 -1.419
474.886 -nan 1.40749 -3.36274 0 4.80461 -0.54464 1.26341 -2.49664 0.437393 -1.46404
476.027 -nan -5.3388 -1.32161 0 0.380066 1.67633 0.922935 -2.46871 0.380371 -1.50584
477.169 -nan 6.08427 1.9721 0 -2.52682 -1.75871 0.289711 -2.32701 0.319458 -1.54729
478.311 -nan 4.88809 3.39246 0 -4.83237 1.35861 -0.473381 -2.0782 0.258926 -1.58641
479.452 -nan -6.62963 1.59435 0 -3.07641 0.130142 -1.098 -1.72718 0.196693 -1.61993
480.594 -nan 3.39017 -1.71934 0 0.034111 -0.642685 -1.29107 -1.28437 0.129982 -1.65053
481.735 -nan 6.66134 -3.3982 0 3.37875 1.70609 -0.941246 -0.768684 0.0617599 -1.681
482.877 -nan -2.29398 -1.81752 0 4.83648 -1.73289 -0.228401 -0.202515 -0.004776 -1.70775
484.018 -nan -1.33777 1.49859 0 2.48811 1.30145 0.529877 0.390038 -0.0719299 -1.72926
485.16 -nan 6.91763 3.38258 0 -0.79895 0.230247 1.08165 0.97789 -0.141075 -1.7486
486.301 -nan 2.42332 2.06236 0 -4.97919 -0.740616 1.29832 1.5209 -0.209023 -1.76591
487.443 -nan -6.27994 -1.21964 0 -4.53034 1.7314 1.14475 1.9772 -0.274971 -1.77895
488.584 -nan 5.61189 -3.34339 0 -2.4054 -1.69677 0.652603 2.30774 -0.340202 -1.78815
489.726 -nan 5.46396 -2.26205 0 3.18367 1.23897 -0.0696259 2.48021 -0.404007 -1.79514
490.868 -nan -5.89854 0.98082 0 4.81911 0.327271 -0.807961 2.47431 -0.464462 -1.79937
492.009 -nan 2.42753 3.285 0 4.67549 -0.835327 -1.25933 2.28672 -0.520317 -1.7991
493.151 -nan 6.85753 2.47256 0 -0.240402 1.75097 -1.18716 1.93397 -0.572662 -1.79482
494.292 -nan -1.04041 -0.684158 0 -2.98032 -1.65335 -0.624229 1.44994 -0.622078 -1.78883
495.434 -nan -2.68606 -3.19877 0 -5.01615 1.17503 0.149925 0.878197 -0.666008 -1.78074
496.575 -nan 6.75628 -2.64561 0 -3.05548 0.421562 0.831078 0.262985 -0.70256 -1.76762
497.717 -nan 3.31324 0.437874 0 -0.609444 -0.928101 1.22986 -0.354195 -0.733925 -1.75033
498.858 -nan -6.84713 3.09802 0 2.93233 1.76929 1.26962 -0.934547 -0.761375 -1.73226
