0 -nan 6.99998 3.4 0 5.09979 1.8 -1.3 -2.5 -0.800003 -1.8
10000 -nan 0.860626 1.79272 0 -6.06466 -1.30882 -1.02509 -2.44155 -0.796387 -1.79829
20000 -nan -4.67437 -1.52025 0 4.86361 0.792908 -0.349876 -2.26656 -0.784172 -1.79168
30000 -nan 6.14899 -3.38903 0 -4.92056 0.876259 0.414696 -1.98492 -0.769302 -1.78602
40000 -nan 4.81396 -2.00725 0 4.29195 -1.38697 1.01017 -1.59653 -0.744247 -1.77399
50000 -nan -6.81678 1.29053 0 -3.3556 1.79668 1.28544 -1.12254 -0.713776 -1.75836
60000 -nan 3.43658 3.35632 0 3.05524 -1.23074 1.20071 -0.576164 -0.680565 -1.74406
70000 -nan 6.71026 2.24035 0 -0.667542 0.707077 0.755325 0.0206604 -0.634293 -1.71894
80000 -nan -2.38385 -1.00511 0 0.376823 0.953033 0.0584183 0.624756 -0.590797 -1.69689
90000 -nan -1.36736 -3.29791 0 0.765068 -1.45834 -0.707649 1.21468 -0.539246 -1.67165
100000 -nan 6.85826 -2.42736 0 -3.9504 1.79038 -1.22117 1.73141 -0.480881 -1.63739
110000 -nan 2.72461 0.760345 0 2.91549 -1.14646 -1.23512 2.14302 -0.424652 -1.60719
120000 -nan -6.38542 3.21888 0 -4.22793 0.621368 -0.733337 2.40989 -0.359642 -1.57011
130000 -nan 5.29478 2.62644 0 6.68536 1.03037 0.0229874 2.50066 -0.295547 -1.53083
140000 -nan 5.80653 -0.459091 0 -4.76418 -1.52016 0.731201 2.41158 -0.229538 -1.48982
150000 -nan -5.54055 -3.11396 0 4.58475 1.78291 1.18593 2.1489 -0.161491 -1.44524
160000 -nan 1.73891 -2.78698 0 -5.52532 -1.05646 1.2915 1.7384 -0.0909882 -1.39735
170000 -nan 6.97003 0.207939 0 3.5594 0.533463 1.02681 1.21971 -0.0236816 -1.34726
180000 -nan -0.13855 2.9995 0 -1.50226 1.10293 0.446373 0.637207 0.0432587 -1.29845
190000 -nan -3.64243 2.94415 0 1.4356 -1.57939 -0.320129 0.0248337 0.113541 -1.24008
200000 -nan 6.44775 0.0957642 0 0.0656281 1.76746 -1.00002 -0.566254 0.176018 -1.18405
210000 -nan 4.2141 -2.84868 0 -2.36117 -0.967407 -1.30067 -1.11823 0.243324 -1.12589
220000 -nan -6.99842 -3.06734 0 3.02896 0.440376 -1.04752 -1.59608 0.306458 -1.06137
230000 -nan 4.13448 -0.347389 0 -3.78432 1.17007 -0.390038 -1.98254 0.363762 -1.00094
240000 -nan 6.48206 2.6954 0 4.90605 -1.63191 0.379417 -2.27021 0.423363 -0.934174
250000 -nan -3.50897 3.18091 0 -5.76546 1.75134 0.985916 -2.44353 0.476898 -0.866211
260000 -nan -0.261734 0.651802 0 5.21541 -0.872337 1.28167 -2.50233 0.52742 -0.797836
270000 -nan 6.96352 -2.5042 0 -4.76308 0.349251 1.21004 -2.44351 0.573921 -0.727936
280000 -nan 1.84292 -3.26749 0 5.47527 1.23862 0.782761 -2.2687 0.618088 -0.655228
290000 -nan -5.6315 -0.897949 0 -3.57497 -1.6756 0.0885239 -1.98009 0.654785 -0.581146
300000 -nan 5.76491 2.3226 0 2.01315 1.73186 -0.673416 -1.59394 0.690033 -0.509415
310000 -nan 5.34583 3.33559 0 -2.00604 -0.775093 -1.20966 -1.11179 0.721535 -0.430725
320000 -nan -6.32407 1.18575 0 -1.02176 0.25322 -1.24452 -0.563019 0.742645 -0.356285
330000 -nan 2.65406 -2.09397 0 2.21589 1.30017 -0.76915 0.0329895 0.766342 -0.279289
340000 -nan 6.87101 -3.37697 0 -2.84969 -1.71639 -0.0142441 0.645615 0.78157 -0.198212
350000 -nan -1.28339 -1.42183 0 5.90568 1.70582 0.700829 1.22818 0.792213 -0.12236
360000 -nan -2.4563 1.88484 0 -4.92741 -0.678329 1.17186 1.74606 0.798637 -0.0436935
370000 -nan 6.69997 3.39883 0 4.87858 0.156456 1.29534 2.15394 0.800034 0.0351028
380000 -nan 3.47301 1.69335 0 -4.58121 1.36042 1.04752 2.41375 0.794998 0.116318
390000 -nan -6.82939 -1.62712 0 1.98595 -1.74612 0.480957 2.49847 0.7855 0.191032
400000 -nan 4.79754 -3.39926 0 0.0377655 1.68017 -0.278992 2.40664 0.775574 0.271553
410000 -nan 6.15437 -1.90856 0 -3.24354 -0.577866 -0.974701 2.1337 0.752518 0.349815
420000 -nan -4.66973 1.39983 0 4.84796 0.0593185 -1.29695 1.72201 0.730812 0.424301
430000 -nan 0.864914 3.37195 0 -4.83465 1.41514 -1.0732 1.19897 0.702782 0.503647
