0 -nan 7 3.4 0 5.09995 1.8 -1.3 -2.5 -0.800003 -1.8
0.570776 -nan -1.88377 2.97008 0 -1.63573 -0.258568 -1.22841 -2.48483 -0.798454 -1.7989
1.14155 -nan 0.849464 1.78917 0 -3.83442 -1.30904 -1.02487 -2.4405 -0.795135 -1.79697
1.71233 -nan 6.79094 0.155991 0 4.71947 1.56548 -0.719513 -2.37015 -0.793282 -1.7976
2.28311 -nan -4.66791 -1.52346 0 -0.851311 0.794685 -0.350815 -2.26968 -0.787537 -1.7951
2.85388 -nan 3.10318 -2.81721 0 -4.46452 -1.80058 0.0391006 -2.14137 -0.779785 -1.7914
3.42466 -nan 6.14902 -3.38721 0 3.57353 0.876694 0.415802 -1.98238 -0.767059 -1.78399
3.99543 -nan -6.64133 -3.09247 0 1.67404 1.51888 0.745789 -1.80211 -0.756859 -1.77972
4.56621 -nan 4.80973 -2.00475 0 -4.76984 -1.38595 1.00938 -1.59761 -0.744797 -1.7743
5.13699 -nan 5.04965 -0.4039 0 3.44845 -0.159523 1.19048 -1.37131 -0.730255 -1.76656
5.70776 -nan -6.81831 1.2919 0 2.76252 1.79691 1.28573 -1.12234 -0.713821 -1.75851
6.27854 -nan 5.99547 2.65982 0 -4.98881 -0.361168 1.28938 -0.856194 -0.697365 -1.75127
6.84932 -nan 3.43791 3.35641 0 1.05679 -1.23091 1.20055 -0.576164 -0.68042 -1.74389
7.42009 -nan -5.09727 3.20167 0 3.30726 1.60507 1.02023 -0.283562 -0.659782 -1.73313
7.99087 -nan 6.71055 2.23838 0 -4.67015 0.709053 0.757004 0.0190887 -0.635765 -1.72004
8.56164 -nan 1.27522 0.70961 0 -0.504639 -1.791 0.428566 0.324669 -0.612701 -1.70855
9.13242 -nan -2.37804 -1.00418 0 5.1721 0.955856 0.0555573 0.627853 -0.589615 -1.69694
9.7032 -nan 6.99244 -2.46474 0 -3.7369 1.47174 -0.33268 0.923363 -0.564873 -1.68306
10.274 -nan -1.37115 -3.29468 0 -1.02483 -1.45348 -0.703629 1.21084 -0.537865 -1.66846
10.8447 -nan 0.388374 -3.28205 0 4.72182 -0.0574112 -1.01437 1.48303 -0.510681 -1.65455
11.4155 -nan 6.86086 -2.42785 0 -1.86434 1.79415 -1.22408 1.73286 -0.484222 -1.6413
11.9863 -nan -4.19106 -0.952187 0 -3.58302 -0.461327 -1.3009 1.95389 -0.455238 -1.62487
12.5571 -nan 2.7363 0.759659 0 5.28714 -1.14469 -1.23373 2.14335 -0.422523 -1.60556
13.1279 -nan 6.29878 2.27753 0 -1.49273 1.64169 -1.03536 2.29679 -0.390953 -1.58774
13.6986 -nan -6.39476 3.2193 0 -3.99438 0.622025 -0.733627 2.40957 -0.359955 -1.57016
14.2694 -nan 4.5382 3.34371 0 3.76138 -1.77481 -0.368263 2.47573 -0.329208 -1.55047
14.8402 -nan 5.28411 2.62406 0 0.696587 1.02885 0.0223999 2.49919 -0.295494 -1.52985
15.411 -nan -6.94135 1.24091 0 -4.96361 1.41967 0.398804 2.47736 -0.261909 -1.50935
15.9817 -nan 5.81712 -0.461113 0 3.65386 -1.52076 0.731476 2.41295 -0.230392 -1.49117
16.5525 -nan 3.77034 -2.04867 0 2.58619 0.0415344 0.998367 2.30129 -0.196404 -1.46864
17.1233 -nan -5.51505 -3.11387 0 -4.66161 1.78247 1.18578 2.14828 -0.160851 -1.44457
17.6941 -nan 6.61492 -3.38384 0 2.13544 -0.564507 1.2854 1.95895 -0.124809 -1.42059
18.2648 -nan 1.70828 -2.78661 0 3.17719 -1.05689 1.29188 1.7386 -0.0909195 -1.39757
18.8356 -nan -2.89735 -1.47343 0 -5.00186 1.67293 1.20345 1.49049 -0.058403 -1.37286
19.4064 -nan 6.97196 0.209038 0 -0.409279 0.533585 1.02648 1.21949 -0.0236053 -1.34693
19.9772 -nan -0.864365 1.83498 0 4.27785 -1.75128 0.768265 0.931953 0.0113983 -1.3206
20.5479 -nan -0.0921249 2.99934 0 -3.98769 1.10281 0.44574 0.636589 0.0437622 -1.29773
21.1187 -nan 6.91521 3.40027 0 -0.857391 1.36678 0.0727615 0.332268 0.0776138 -1.26985
21.6895 -nan -3.69411 2.94241 0 5.32593 -1.57806 -0.317856 0.0271606 0.111259 -1.24171
22.2603 -nan 2.35085 1.74392 0 -2.33316 0.143715 -0.693253 -0.277603 0.148026 -1.21168
22.8311 -nan 6.43454 0.0977097 0 -2.51974 1.77007 -1.00426 -0.569763 0.179535 -1.18394
23.4018 -nan -6.08827 -1.57497 0 4.75153 -0.662285 -1.21577 -0.850578 0.210915 -1.15476
23.9726 -nan 4.25109 -2.84576 0 -1.30466 -0.965332 -1.29676 -1.11674 0.242439 -1.12318
24.5434 -nan 5.50422 -3.39162 0 -4.49079 1.70224 -1.23932 -1.36684 0.274872 -1.09293
25.1142 -nan -6.99822 -3.06767 0 4.64153 0.443268 -1.05034 -1.59556 0.305138 -1.06424
25.6849 -nan 5.62057 -1.95555 0 -0.183014 -1.72332 -0.753922 -1.80112 0.334595 -1.03323
26.2557 -nan 4.08521 -0.347443 0 -4.4962 1.17062 -0.389229 -1.98317 0.364624 -1.00024
26.8265 -nan -5.89689 1.34396 0 3.06841 1.30688 0.0030365 -2.14199 0.396652 -0.966042
27.3973 -nan 6.5039 2.69608 0 2.53278 -1.63271 0.380264 -2.27117 0.424347 -0.933968
27.968 -nan 2.12615 3.36405 0 -5.24795 0.238892 0.715034 -2.37164 0.450668 -0.900948
28.5388 -nan -3.41187 3.17921 0 2.80876 1.74996 0.984749 -2.44206 0.47599 -0.865517
29.1096 -nan 6.93844 2.19434 0 3.25858 -0.760704 1.17771 -2.48708 0.502792 -0.831345
29.6804 -nan -0.36245 0.650856 0 -4.38335 -0.873276 1.28223 -2.50295 0.527565 -0.798439
30.2511 -nan -0.587433 -1.06229 0 0.105469 1.72786 1.29306 -2.48817 0.550064 -0.764954
30.8219 -nan 6.95576 -2.50457 0 4.04559 0.349907 1.20976 -2.44315 0.573273 -0.728149
31.3927 -nan -3.18439 -3.3101 0 -4.54632 -1.68478 1.03715 -2.37049 0.597717 -0.690742
31.9635 -nan 1.94254 -3.26812 0 -1.29298 1.23906 0.783165 -2.26939 0.61879 -0.655396
32.5342 -nan 6.55466 -2.38634 0 5.03529 1.24563 0.46022 -2.13917 0.637619 -0.619278
33.105 -nan -5.72975 -0.897522 0 -2.72867 -1.67522 0.0883636 -1.97975 0.654625 -0.580879
33.6758 -nan 3.94566 0.81543 0 -1.9875 0.335617 -0.301559 -1.79789 0.673256 -0.543953
34.2466 -nan 5.71053 2.32153 0 5.08829 1.73106 -0.674416 -1.59251 0.690376 -0.507851
34.8174 -nan -6.98129 3.23779 0 -0.978775 -0.855331 -0.988625 -1.36481 0.704636 -0.472321
35.3881 -nan 5.40755 3.33342 0 -4.44703 -0.777626 -1.20708 -1.114 0.718803 -0.433449
35.9589 -nan 4.38336 2.58963 0 4.62962 1.75076 -1.29897 -0.844955 0.734177 -0.393677
36.5297 -nan -6.2336 1.18806 0 -0.234795 0.252777 -1.24797 -0.562645 0.746841 -0.355766
37.1005 -nan 6.37649 -0.517838 0 -4.56702 -1.64111 -1.06241 -0.269035 0.757156 -0.317993
37.6712 -nan 2.52377 -2.0913 0 3.12292 1.29898 -0.766327 0.0344162 0.764084 -0.27739
38.242 -nan -3.92039 -3.13612 0 2.22424 1.17886 -0.405144 0.339928 0.773849 -0.238625
38.8128 -nan 6.8913 -3.37719 0 -5.20901 -1.71622 -0.0157852 0.644241 0.781662 -0.199753
39.3836 -nan 0.130264 -2.74928 0 2.35128 0.426552 0.360069 0.939049 0.786804 -0.164047
39.9543 -nan -1.09351 -1.42108 0 3.34874 1.70578 0.700211 1.22756 0.791847 -0.122849
40.5251 -nan 6.98431 0.266556 0 -4.55762 -0.951218 0.976105 1.49865 0.796234 -0.082634
41.0959 -nan -2.66304 1.88585 0 0.845169 -0.679092 1.17425 1.74809 0.801079 -0.0432434
41.6667 -nan 1.51472 3.02476 0 4.35569 1.76819 1.28026 1.96648 0.800346 -0.0044632
42.2374 -nan 6.65878 3.39735 0 -4.10708 0.155762 1.29379 2.15309 0.798531 0.0359497
42.8082 -nan -5.32817 2.91365 0 -1.64814 -1.58692 1.2155 2.30383 0.797195 0.0763779
43.379 -nan 3.61961 1.69213 0 4.75573 1.35945 1.04882 2.41368 0.79554 0.114708
43.9498 -nan 5.9006 0.0369263 0 -3.29909 1.11255 0.800308 2.47845 0.791321 0.151451
44.5205 -nan -6.89333 -1.62663 0 -2.52679 -1.74667 0.480507 2.49894 0.785843 0.191788
45.0913 -nan 5.17886 -2.87916 0 5.15631 0.521126 0.111565 2.47417 0.779991 0.231964
45.6621 -nan 4.66745 -3.39884 0 -0.515015 1.67988 -0.278877 2.40625 0.775177 0.2715
46.2329 -nan -6.51598 -3.04195 0 -3.66599 -1.04251 -0.653931 2.29053 0.764664 0.309654
46.8037 -nan 6.23238 -1.90827 0 4.51727 -0.579338 -0.974464 2.13476 0.753433 0.348938
47.3744 -nan 2.90605 -0.292992 0 0.320038 1.78089 -1.19994 1.94199 0.741112 0.38974
47.9452 -nan -4.41545 1.3977 0 -5.23869 0.0573654 -1.29761 1.72073 0.730362 0.426643
48.516 -nan 6.82748 2.73031 0 2.95758 -1.53077 -1.25259 1.47144 0.716858 0.463173
49.0868 -nan 0.607162 3.3698 0 1.61 1.41225 -1.07213 1.19915 0.701424 0.501617
49.6575 -nan -1.61118 3.16 0 -4.71641 1.03915 -0.782936 0.910988 0.686295 0.541115
50.2283 -nan 7.00056 2.15118 0 1.75476 -1.77434 -0.423439 0.613602 0.671837 0.579361
50.7991 -nan -2.13559 0.593895 0 4.23277 0.610519 -0.0331345 0.3097 0.653008 0.616173
51.3699 -nan 1.06883 -1.11446 0 -4.91352 1.64464 0.348595 0.00429535 0.632423 0.653961
51.9406 -nan 6.75061 -2.54181 0 0.885544 -1.1324 0.690636 -0.297737 0.611145 0.692657
52.5114 -nan -4.88638 -3.32302 0 4.19154 -0.47802 0.967178 -0.588249 0.591606 0.728127
53.0822 -nan 3.27126 -3.24901 0 -3.36613 1.79061 1.16443 -0.866211 0.569984 0.762299
53.653 -nan 6.07343 -2.34204 0 -2.20695 -0.040596 1.27512 -1.13091 0.545998 0.79808
54.2237 -nan -6.73664 -0.840637 0 5.31775 -1.46628 1.29543 -1.37918 0.521988 0.83506
54.7945 -nan 4.93185 0.87426 0 -3.13596 1.46741 1.22401 -1.60676 0.499062 0.870903
55.3653 -nan 4.93217 2.36432 0 -3.0302 0.965813 1.05895 -1.80989 0.472412 0.904892
55.9361 -nan -6.73795 3.25408 0 4.40523 -1.78875 0.811279 -1.98962 0.444435 0.939476
56.5069 -nan 6.07547 3.32289 0 -0.36557 0.701134 0.492386 -2.14539 0.414429 0.975807
57.0776 -nan 3.27354 2.55148 0 -4.0286 1.60883 0.127815 -2.27206 0.388153 1.00755
57.6484 -nan -4.88877 1.13228 0 4.65154 -1.21473 -0.260872 -2.37099 0.359573 1.0393
58.2192 -nan 6.74895 -0.574806 0 1.2641 -0.378128 -0.63694 -2.44051 0.329109 1.07026
58.79 -nan 1.07059 -2.13873 0 -4.79122 1.79784 -0.962982 -2.48586 0.298805 1.10427
59.3607 -nan -2.13911 -3.1607 0 2.74509 -0.141747 -1.19389 -2.50098 0.268959 1.1358
59.9315 -nan 6.99931 -3.3709 0 1.95108 -1.39955 -1.29736 -2.4855 0.237854 1.16587
60.5023 -nan -1.60879 -2.71638 0 -5.26042 1.51398 -1.25753 -2.43972 0.203888 1.19643
61.0731 -nan 0.606094 -1.3714 0 0.902298 0.884705 -1.08167 -2.3664 0.169182 1.22813
61.6438 -nan 6.82915 0.324158 0 4.2499 -1.79872 -0.796562 -2.26564 0.137833 1.25613
62.2146 -nan -4.41149 1.93306 0 -4.37299 0.782509 -0.438377 -2.13646 0.105301 1.28353
62.7854 -nan 2.90441 3.04811 0 0.130676 1.56705 -0.0493317 -1.97901 0.071785 1.30943
63.3562 -nan 6.23365 3.39591 0 4.92806 -1.29613 0.332993 -1.79928 0.037323 1.33925
63.9269 -nan -6.51361 2.88337 0 -3.05931 -0.276688 0.675308 -1.59468 0.00393677 1.36597
64.4977 -nan 4.6629 1.63918 0 -2.45402 1.80112 0.954948 -1.36833 -0.0284729 1.391
65.0685 -nan 5.17995 -0.0185089 0 4.96033 -0.243515 1.15837 -1.11683 -0.065506 1.41695
65.6393 -nan -6.89551 -1.67573 0 -1.97038 -1.32233 1.2744 -0.84967 -0.100967 1.44262
66.21 -nan 5.90032 -2.90996 0 -3.77823 1.56023 1.298 -0.568787 -0.134979 1.46682
66.7808 -nan 3.62202 -3.39771 0 4.64243 0.806 1.22655 -0.276909 -0.167244 1.48749
67.3516 -nan -5.33106 -3.01322 0 -0.312645 -1.79738 1.06518 0.0245819 -0.201355 1.50889
67.9224 -nan 6.65867 -1.86028 0 -4.44876 0.865257 0.823181 0.329796 -0.235901 1.53217
68.4931 -nan 1.52065 -0.23243 0 3.53503 1.52642 0.510986 0.633057 -0.268745 1.5537
69.0639 -nan -2.67122 1.45281 0 2.09 -1.37092 0.146851 0.930061 -0.300468 1.57301
69.6347 -nan 6.98392 2.76418 0 -5.07279 -0.174416 -0.245316 1.21907 -0.334915 1.59262
70.2055 -nan -1.0872 3.37887 0 2.92244 1.79915 -0.625481 1.491 -0.368271 1.61227
70.7763 -nan 0.122047 3.14007 0 3.05248 -0.345734 -0.952888 1.73976 -0.399704 1.63041
71.347 -nan 6.89121 2.10368 0 -4.70232 -1.24377 -1.18493 1.95848 -0.4282 1.64474
71.9178 -nan -3.91193 0.536621 0 -0.067543 1.59769 -1.29247 2.14616 -0.457664 1.65954
72.4886 -nan 2.51927 -1.1689 0 4.19859 0.721298 -1.26094 2.29929 -0.487808 1.67618
73.0594 -nan 6.37823 -2.58237 0 -4.47592 -1.79395 -1.09282 2.41125 -0.515938 1.69135
73.6301 -nan -6.22521 -3.33546 0 -1.17209 0.942307 -0.812363 2.47853 -0.541687 1.70413
74.2009 -nan 4.37836 -3.23247 0 5.21995 1.47783 -0.453812 2.50056 -0.569313 1.71705
74.7717 -nan 5.41286 -2.30321 0 -2.13059 -1.44424 -0.0643539 2.47768 -0.59552 1.7299
75.3425 -nan -6.98463 -0.785858 0 -2.42503 -0.0726547 0.318428 2.4099 -0.620132 1.74194
75.9132 -nan 5.70575 0.929451 0 4.90253 1.79272 0.660995 2.29538 -0.639702 1.74896
76.484 -nan 3.95128 2.40331 0 -0.828407 -0.445496 0.944153 2.14122 -0.660492 1.75719
77.0548 -nan -5.73973 3.26978 0 -4.79512 -1.15952 1.15102 1.95197 -0.68119 1.76624
77.6256 -nan 6.55145 3.30988 0 4.14872 1.63676 1.271 1.73218 -0.699928 1.77454
78.1963 -nan 1.95529 2.51051 0 0.246918 0.638397 1.29805 1.48369 -0.716011 1.78027
78.7671 -nan -3.19858 1.07786 0 -4.5489 -1.77908 1.23161 1.21069 -0.732315 1.7858
79.3379 -nan 6.95608 -0.630821 0 2.62276 1.02148 1.0752 0.922729 -0.747635 1.79145
79.9087 -nan -0.570839 -2.1843 0 3.28886 1.42834 0.835594 0.62487 -0.761536 1.79666
80.4794 -nan -0.378616 -3.17906 0 -5.29596 -1.50718 0.522835 0.321411 -0.768944 1.79608
81.0502 -nan 6.93951 -3.36078 0 1.94815 0.0272217 0.158493 0.0165558 -0.778259 1.79795
81.621 -nan -3.39641 -2.68118 0 3.70481 1.78272 -0.23175 -0.284935 -0.785904 1.79884
82.1918 -nan 2.10958 -1.31441 0 -3.94503 -0.544914 -0.609062 -0.574402 -0.793007 1.80072
82.7626 -nan 6.50707 0.384132 0 -0.973259 -1.07492 -0.938751 -0.855179 -0.796356 1.79903
83.3333 -nan -5.88082 1.98087 0 5.02016 1.66909 -1.17748 -1.12139 -0.798264 1.79669
83.9041 -nan 4.07424 3.07612 0 -3.76656 0.546478 -1.29432 -1.3722 -0.800903 1.79585
84.4749 -nan 5.63051 3.39408 0 -2.46632 -1.75921 -1.26777 -1.59946 -0.800026 1.79259
85.0457 -nan -6.9959 2.85139 0 4.6296 1.09254 -1.1023 -1.80312 -0.795029 1.78601
85.6164 -nan 5.49586 1.58987 0 -1.46519 1.37113 -0.824188 -1.98408 -0.789146 1.77935
86.1872 -nan 4.26359 -0.0752487 0 -3.51431 -1.56813 -0.471176 -2.14025 -0.783134 1.77343
86.758 -nan -6.10546 -1.72859 0 4.91918 0.124901 -0.0867691 -2.26875 -0.776855 1.76792
87.3288 -nan 6.42696 -2.93964 0 0.80365 1.77093 0.296478 -2.36916 -0.76635 1.759
87.8995 -nan 2.36918 -3.39897 0 -4.5881 -0.64463 0.644241 -2.44184 -0.75444 1.7495
88.4703 -nan -3.72229 -2.98975 0 3.37224 -0.98304 0.934319 -2.48834 -0.74308 1.7415
89.0411 -nan 6.91351 -1.8123 0 1.49629 1.7013 1.14474 -2.50294 -0.728699 1.73085
89.6119 -nan -0.0631027 -0.175018 0 -5.33644 0.456696 1.26704 -2.4867 -0.711159 1.71763
90.1826 -nan -0.891464 1.50059 0 1.2257 -1.72668 1.29717 -2.44115 -0.691498 1.70316
90.7534 -nan 6.97421 2.79655 0 3.70876 1.16366 1.23594 -2.36926 -0.673164 1.6906
91.3242 -nan -2.86411 3.38477 0 -4.47781 1.31565 1.08471 -2.2696 -0.654678 1.67783
91.895 -nan 1.68124 3.11456 0 0.44326 -1.62022 0.847824 -2.14032 -0.632706 1.66224
92.4658 -nan 6.62001 2.05778 0 5.00855 0.223564 0.538193 -1.98379 -0.608948 1.64574
93.0365 -nan -5.48978 0.48027 0 -3.30465 1.75597 0.175354 -1.80328 -0.585922 1.63094
93.6073 -nan 3.7472 -1.22536 0 -1.91288 -0.744522 -0.212952 -1.59772 -0.561096 1.61366
94.1781 -nan 5.82991 -2.61973 0 4.78104 -0.890503 -0.593712 -1.36816 -0.533607 1.59402
94.7489 -nan -6.93458 -3.34399 0 -2.07792 1.72468 -0.926666 -1.11659 -0.503624 1.57256
95.3196 -nan 5.26881 -3.21376 0 -3.94994 0.361778 -1.17025 -0.849991 -0.475861 1.55354
95.8904 -nan 4.56172 -2.25767 0 4.83419 -1.69232 -1.29037 -0.569916 -0.448357 1.53412
96.4612 -nan -6.41508 -0.726257 0 -0.501923 1.22694 -1.26988 -0.27626 -0.417984 1.51208
97.032 -nan 6.28698 0.984688 0 -4.31453 1.25297 -1.11225 0.0265274 -0.386093 1.48919
97.6027 -nan 2.76714 2.44609 0 3.40186 -1.6708 -0.841682 0.333549 -0.354927 1.46828
98.1735 -nan -4.23481 3.28718 0 2.29682 0.320335 -0.491013 0.637512 -0.322868 1.44434
98.7443 -nan 6.85409 3.29646 0 -5.22643 1.73451 -0.103775 0.935867 -0.290016 1.41964
99.3151 -nan 0.428596 2.47335 0 2.80642 -0.842178 0.283463 1.22485 -0.25338 1.39124
99.8858 -nan -1.41916 1.02378 0 3.15839 -0.792938 0.632118 1.49478 -0.221397 1.36728
100.457 -nan 6.99483 -0.689346 0 -4.422 1.74745 0.921707 1.74214 -0.188469 1.34148
101.027 -nan -2.32548 -2.22861 0 -0.286255 0.270142 1.1338 1.96024 -0.155563 1.31411
101.598 -nan 1.23351 -3.19967 0 4.3966 -1.64785 1.2634 2.14993 -0.119698 1.28575
102.169 -nan 6.72078 -3.35356 0 -4.37653 1.29289 1.30133 2.3026 -0.0850525 1.25828
102.74 -nan -5.05025 -2.64518 0 -1.54668 1.19062 1.24454 2.41259 -0.0515442 1.23009
103.311 -nan 3.39988 -1.26124 0 5.03844 -1.70874 1.09486 2.47744 -0.0165863 1.19901
103.881 -nan 6.01131 0.437469 0 -1.82157 0.417641 0.859802 2.49722 0.0204849 1.16596
104.452 -nan -6.80141 2.02641 0 -2.80859 1.70895 0.556229 2.47275 0.0534134 1.13666
105.023 -nan 5.02171 3.09971 0 5.00729 -0.93486 0.197868 2.40215 0.086174 1.10609
105.594 -nan 4.83863 3.38599 0 -0.22937 -0.69693 -0.18811 2.28647 0.117867 1.07411
106.164 -nan -6.66637 2.82 0 -4.96958 1.76555 -0.57235 2.13255 0.152969 1.0414
106.735 -nan 6.13283 1.53877 0 3.71701 0.171425 -0.909966 1.9419 0.185959 1.00921
107.306 -nan 3.14948 -0.136238 0 0.926247 -1.60103 -1.16079 1.7198 0.217499 0.977478
107.877 -nan -4.72588 -1.77694 0 -4.83546 1.351 -1.28801 1.46658 0.250038 0.941292
108.447 -nan 6.78002 -2.96721 0 1.96759 1.11913 -1.27535 1.19263 0.283012 0.905334
109.018 -nan 0.909767 -3.40061 0 3.90369 -1.74297 -1.12441 0.904747 0.314034 0.871132
109.589 -nan -1.95623 -2.95937 0 -5.00159 0.507103 -0.856659 0.60759 0.342232 0.837425
110.16 -nan 6.99788 -1.75961 0 1.00592 1.6796 -0.507736 0.304039 0.370331 0.801704
110.731 -nan -1.78922 -0.116875 0 4.16065 -1.02651 -0.11972 -0.00131989 0.400917 0.765274
111.301 -nan 0.76445 1.5554 0 -3.45358 -0.597221 0.266434 -0.301147 0.429604 0.730072
111.872 -nan 6.80601 2.83273 0 -1.89786 1.78138 0.618088 -0.591835 0.456192 0.694832
112.443 -nan -4.57559 3.3894 0 5.27667 0.0735245 0.911797 -0.872375 0.482765 0.655899
113.014 -nan 3.03413 3.09235 0 -2.79894 -1.54066 1.13023 -1.1383 0.509712 0.616852
113.584 -nan 6.18144 2.01377 0 -3.18257 1.40854 1.2618 -1.38451 0.534531 0.579956
114.155 -nan -6.5947 0.421402 0 4.43209 1.04987 1.30009 -1.60825 0.556259 0.543495
114.726 -nan 4.75327 -1.27802 0 -0.48214 -1.76559 1.24471 -1.80978 0.577248 0.505173
115.297 -nan 5.09867 -2.65522 0 -4.47755 0.598274 1.10159 -1.99072 0.600845 0.466431
115.868 -nan -6.85187 -3.35625 0 4.21315 1.6498 0.873795 -2.14509 0.622215 0.428612
116.438 -nan 5.95904 -3.19511 0 1.92232 -1.11455 0.573471 -2.27204 0.641464 0.391754
117.009 -nan 3.50886 -2.21491 0 -4.72526 -0.495361 0.213173 -2.37063 0.659882 0.350166
117.58 -nan -5.19039 -0.672333 0 2.53822 1.7908 -0.174728 -2.44228 0.677971 0.310509
118.151 -nan 6.69257 1.03884 0 2.93709 -0.0279465 -0.559151 -2.48584 0.695427 0.270897
118.721 -nan 1.37622 2.48502 0 -5.07993 -1.47903 -0.895706 -2.49743 0.707588 0.233971
119.292 -nan -2.49685 3.29861 0 -0.315521 1.45783 -1.1496 -2.48128 0.720795 0.194305
119.863 -nan 6.9891 3.28013 0 4.29779 0.97422 -1.28474 -2.43794 0.734772 0.154114
120.434 -nan -1.25221 2.43253 0 -3.90697 -1.78723 -1.2804 -2.36759 0.747993 0.115829
121.005 -nan 0.274796 0.965698 0 -1.12086 0.684387 -1.13505 -2.26767 0.758202 0.0778885
121.575 -nan 6.87294 -0.745033 0 5.3528 1.61295 -0.868088 -2.13731 0.767166 0.0359421
122.146 -nan -4.07449 -2.27105 0 -1.61259 -1.20171 -0.520859 -1.98251 0.776138 -0.00430298
122.717 -nan 2.64599 -3.22058 0 -3.16295 -0.393356 -0.133751 -1.80286 0.784409 -0.0439911
123.288 -nan 6.33316 -3.34132 0 4.59979 1.79617 0.250618 -1.59846 0.787102 -0.0807266
123.858 -nan -6.32114 -2.60669 0 -0.596718 -0.126137 0.604614 -1.37118 0.791481 -0.120529
124.429 -nan 4.46911 -1.20741 0 -5.01424 -1.40961 0.900681 -1.1237 0.794968 -0.160233
125 -nan 5.34457 0.499214 0 3.56272 1.50874 1.12239 -0.861443 0.799515 -0.197563
125.571 -nan -6.9642 2.07525 0 1.40637 0.899796 1.25697 -0.581078 0.799484 -0.236176
126.142 -nan 5.76719 3.1228 0 -4.7271 -1.79674 1.30009 -0.287476 0.798218 -0.276154
126.712 -nan 3.85217 3.38338 0 2.04503 0.773094 1.25092 0.0148926 0.797348 -0.317001
127.283 -nan -5.62109 2.78867 0 4.03732 1.5745 1.11055 0.318634 0.794891 -0.354828
127.854 -nan 6.58486 1.48562 0 -4.95404 -1.28023 0.883942 0.620934 0.78875 -0.391579
128.425 -nan 1.82257 -0.192535 0 0.672585 -0.292229 0.5839 0.919319 0.782417 -0.429977
128.995 -nan -3.03845 -1.82502 0 4.32637 1.79898 0.228157 1.20756 0.776466 -0.468628
129.566 -nan 6.9666 -2.99815 0 -3.22583 -0.226158 -0.15667 1.47833 0.771294 -0.504906
130.137 -nan -0.721016 -3.39985 0 -2.48085 -1.33883 -0.541168 1.72727 0.761475 -0.541824
130.708 -nan -0.229141 -2.93027 0 5.28614 1.55305 -0.88459 1.95021 0.750374 -0.580002
131.279 -nan 6.92846 -1.71366 0 -2.63177 0.816391 -1.14546 2.14256 0.739418 -0.61924
131.849 -nan -3.55021 -0.0591812 0 -3.42213 -1.80125 -1.28426 2.29543 0.727371 -0.654755
132.42 -nan 2.2326 1.60591 0 4.18504 0.852745 -1.28108 2.40569 0.712021 -0.689224
132.991 -nan 6.46821 2.86018 0 0.568298 1.52903 -1.13897 2.4741 0.69593 -0.725525
133.562 -nan -5.98718 3.39272 0 -4.5714 -1.35795 -0.879311 2.49878 0.680687 -0.761589
134.132 -nan 4.16255 3.06744 0 4.10374 -0.192657 -0.538528 2.47858 0.666473 -0.795204
134.703 -nan 5.56921 1.96437 0 2.12301 1.799 -0.152382 2.41013 0.647392 -0.82975
135.274 -nan -6.99982 0.364067 0 -4.86987 -0.327774 0.235962 2.29827 0.627289 -0.864891
135.845 -nan 5.56081 -1.33091 0 1.4069 -1.25882 0.594101 2.14671 0.60714 -0.901436
136.416 -nan 4.17866 -2.69236 0 3.2272 1.59605 0.89138 1.95763 0.586281 -0.933403
136.986 -nan -6.00608 -3.36355 0 -4.89831 0.734489 1.11361 1.7348 0.562897 -0.96479
137.557 -nan 6.46317 -3.17251 0 -0.585419 -1.79334 1.25158 1.48438 0.538185 -0.997513
138.128 -nan 2.25296 -2.17048 0 5.06364 0.933693 1.29997 1.21414 0.514832 -1.03016
138.699 -nan -3.57896 -0.612488 0 -3.20054 1.48582 1.25571 0.929512 0.492332 -1.06022
139.269 -nan 6.92516 1.09672 0 -1.63566 -1.42863 1.11778 0.630363 0.465233 -1.09115
139.84 -nan -0.201782 2.52454 0 5.02689 -0.0898438 0.894554 0.325432 0.437317 -1.12233
140.411 -nan -0.748878 3.3157 0 -1.05655 1.79605 0.596817 0.0188904 0.409058 -1.15553
140.982 -nan 6.96751 3.26598 0 -4.47404 -0.429176 0.243057 -0.280022 0.381058 -1.18262
141.553 -nan -3.00999 2.39106 0 4.57929 -1.17662 -0.143486 -0.572197 0.351486 -1.21093
142.123 -nan 1.80157 0.912109 0 -0.00119781 1.63098 -0.529655 -0.8536 0.319084 -1.23902
142.694 -nan 6.59134 -0.802322 0 -4.66833 0.648621 -0.874046 -1.11855 0.290787 -1.26737
143.265 -nan -5.59747 -2.31597 0 2.61903 -1.78291 -1.1358 -1.36522 0.260704 -1.29372
143.836 -nan 3.83411 -3.23757 0 2.99805 1.00744 -1.27917 -1.59153 0.229355 -1.31911
144.406 -nan 5.77713 -3.33115 0 -5.25425 1.4335 -1.28477 -1.79894 0.194931 -1.34727
144.977 -nan -6.96077 -2.572 0 1.57931 -1.49842 -1.15037 -1.98166 0.161995 -1.37429
145.548 -nan 5.33118 -1.15346 0 3.97695 0.0110703 -0.894341 -2.13604 0.129631 -1.39772
146.119 -nan 4.48416 0.554199 0 -3.85763 1.78455 -0.552605 -2.26356 0.0957642 -1.42049
146.689 -nan -6.33778 2.11646 0 -0.905754 -0.530884 -0.167046 -2.36444 0.0605087 -1.44383
147.26 -nan 6.32657 3.14579 0 5.09311 -1.08954 0.218811 -2.43916 0.028389 -1.46716
147.831 -nan 2.66698 3.37636 0 -3.01909 1.66591 0.575142 -2.48369 -0.0043335 -1.48834
148.402 -nan -4.10442 2.75189 0 -3.02876 0.562172 0.875961 -2.4986 -0.0378876 -1.50842
148.973 -nan 6.87064 1.43434 0 4.57167 -1.7626 1.10674 -2.48669 -0.0747604 -1.53148
149.543 -nan 0.305519 -0.25074 0 -1.21598 1.08492 1.25088 -2.44575 -0.109261 -1.55247
150.114 -nan -1.28577 -1.87614 0 -4.23852 1.38123 1.3017 -2.3745 -0.142433 -1.57053
150.685 -nan 6.98987 -3.02217 0 4.20659 -1.55623 1.25747 -2.27303 -0.176834 -1.58727
151.256 -nan -2.46358 -3.3965 0 1.82262 0.112808 1.12306 -2.14555 -0.211929 -1.60539
151.826 -nan 1.34754 -2.90041 0 -4.68612 1.77287 0.90564 -1.99426 -0.244209 -1.62281
152.397 -nan 6.69669 -1.65998 0 2.8737 -0.627419 0.612045 -1.8159 -0.276169 -1.63825
152.968 -nan -5.15954 0.000946045 0 2.94944 -1.00049 0.25956 -1.61208 -0.308533 -1.65276
153.539 -nan 3.48863 1.6566 0 -5.01129 1.69753 -0.128448 -1.38541 -0.343872 -1.67021
154.11 -nan 5.97101 2.89431 0 -0.317268 0.469894 -0.514725 -1.1396 -0.37571 -1.68492
154.68 -nan -6.8416 3.39802 0 4.20577 -1.73593 -0.86129 -0.874992 -0.406036 -1.69731
155.251 -nan 5.08271 3.04124 0 -3.94573 1.15304 -1.12656 -0.59301 -0.436234 -1.70789
155.822 -nan 4.77151 1.91867 0 -1.46416 1.32072 -1.27619 -0.299843 -0.466728 -1.72001
156.393 -nan -6.61288 0.306259 0 5.3503 -1.61205 -1.2879 -0.00122833 -0.494499 -1.73139
156.963 -nan 6.16985 -1.38676 0 -1.46662 0.207558 -1.15826 0.302589 -0.521027 -1.74054
157.534 -nan 3.05954 -2.72687 0 -3.16868 1.75529 -0.907173 0.606758 -0.547012 -1.74881
158.105 -nan -4.61251 -3.3734 0 4.54003 -0.728569 -0.569176 0.909012 -0.576286 -1.76051
158.676 -nan 6.80003 -3.15351 0 -0.0175934 -0.907051 -0.185966 1.19724 -0.600563 -1.76817
159.247 -nan 0.800987 -2.1249 0 -5.17625 1.72345 0.202202 1.46904 -0.62339 -1.77483
159.817 -nan -1.82899 -0.557808 0 3.28796 0.375435 0.563019 1.71949 -0.6446 -1.77845
160.388 -nan 6.99948 1.14874 0 1.67362 -1.6985 0.867973 1.94363 -0.666382 -1.78496
160.959 -nan -1.91242 2.56298 0 -4.75852 1.22059 1.09909 2.13459 -0.685768 -1.78993
161.53 -nan 0.871422 3.32577 0 1.37664 1.26268 1.24404 2.2869 -0.701767 -1.7923
162.1 -nan 6.78528 3.2478 0 4.44202 -1.65926 1.30013 2.40105 -0.719063 -1.79527
162.671 -nan -4.68606 2.3511 0 -4.69288 0.307037 1.26441 2.47326 -0.736595 -1.79951
163.242 -nan 3.11768 0.855782 0 0.0638733 1.73817 1.13593 2.49831 -0.750626 -1.80146
163.813 -nan 6.14611 -0.859085 0 4.63998 -0.823471 0.920036 2.47549 -0.761604 -1.80085
164.384 -nan -6.64606 -2.35498 0 -2.57388 -0.80851 0.62632 2.40534 -0.770699 -1.79833
164.954 -nan 4.81676 -3.2548 0 -3.18277 1.74533 0.278053 2.29494 -0.780357 -1.79826
165.525 -nan 5.04339 -3.31918 0 5.27396 0.282349 -0.105171 2.14289 -0.787621 -1.79663
166.096 -nan -6.81602 -2.52882 0 -1.74439 -1.65695 -0.488968 1.95306 -0.790939 -1.79224
166.667 -nan 5.9972 -1.09752 0 -4.15598 1.28326 -0.841576 1.72997 -0.795868 -1.7894
167.237 -nan 3.43311 0.612038 0 3.6022 1.19796 -1.11526 1.4804 -0.799065 -1.78615
167.808 -nan -5.09666 2.166 0 1.55496 -1.70377 -1.27432 1.20978 -0.800858 -1.7826
168.379 -nan 6.71128 3.16718 0 -4.96763 0.400719 -1.29165 0.919716 -0.797089 -1.77428
168.95 -nan 1.27694 3.36815 0 3.15343 1.71098 -1.1677 0.61853 -0.792686 -1.76619
169.521 -nan -2.38117 2.72004 0 3.27893 -0.919762 -0.92202 0.314087 -0.788483 -1.75942
170.091 -nan 6.9935 1.38068 0 -4.44997 -0.713531 -0.587715 0.010849 -0.782013 -1.7514
170.662 -nan -1.36192 -0.310776 0 0.242317 1.76167 -0.205368 -0.288399 -0.772217 -1.74087
171.233 -nan 0.378754 -1.92331 0 4.07149 0.186188 0.186279 -0.582558 -0.762695 -1.73145
171.804 -nan 6.86133 -3.05067 0 -4.18291 -1.60931 0.549385 -0.863625 -0.752502 -1.72227
172.374 -nan -4.17731 -3.39706 0 -2.07487 1.34433 0.857056 -1.12801 -0.740265 -1.7118
172.945 -nan 2.72414 -2.86921 0 5.02519 1.13021 1.09116 -1.37478 -0.722977 -1.69712
173.516 -nan 6.30268 -1.61147 0 -2.01958 -1.73635 1.24137 -1.60229 -0.705223 -1.68288
174.087 -nan -6.38251 0.0562286 0 -2.92348 0.495514 1.3007 -1.80607 -0.688347 -1.67006
174.658 -nan 4.52792 1.70762 0 4.78015 1.68451 1.26614 -1.98415 -0.66954 -1.65569
175.228 -nan 5.29462 2.92174 0 0.680305 -1.0079 1.13928 -2.13625 -0.647858 -1.639
175.799 -nan -6.94707 3.39854 0 -5.11755 -0.61322 0.928314 -2.26599 -0.626495 -1.62391
176.37 -nan 5.80734 3.01646 0 3.5695 1.77959 0.641411 -2.36721 -0.604263 -1.6082
176.941 -nan 3.78988 1.86953 0 1.69434 0.0897064 0.295441 -2.43994 -0.581345 -1.59201
177.511 -nan -5.54094 0.249245 0 -4.93307 -1.55244 -0.0899353 -2.48144 -0.552536 -1.57048
178.082 -nan 6.60764 -1.43723 0 0.788887 1.4011 -0.477982 -2.4967 -0.52536 -1.55119
178.653 -nan 1.73814 -2.76131 0 4.47442 1.05841 -0.831009 -2.4836 -0.497986 -1.53194
179.224 -nan -2.93742 -3.37875 0 -4.69974 -1.76294 -1.10472 -2.44036 -0.470566 -1.51171
179.795 -nan 6.96943 -3.12805 0 -0.412971 0.583229 -1.26675 -2.3688 -0.4403 -1.48952
180.365 -nan -0.821152 -2.07883 0 4.73115 1.65284 -1.2933 -2.2714 -0.409813 -1.46823
180.936 -nan -0.134247 -0.49881 0 -2.21519 -1.09996 -1.17774 -2.14741 -0.379951 -1.44729
181.507 -nan 6.92052 1.20673 0 -3.08574 -0.514771 -0.936417 -1.99612 -0.34922 -1.42487
182.078 -nan -3.64589 2.59986 0 5.28094 1.78901 -0.599869 -1.81538 -0.313492 -1.39763
182.648 -nan 2.31055 3.33758 0 -0.908249 -0.0118942 -0.21711 -1.61388 -0.280266 -1.37312
183.219 -nan 6.44695 3.23248 0 -4.28826 -1.49131 0.173676 -1.39035 -0.247002 -1.34845
183.79 -nan -6.04939 2.30533 0 3.42329 1.45095 0.533676 -1.14748 -0.215385 -1.32285
184.361 -nan 4.21828 0.798378 0 1.28329 0.985252 0.844589 -0.884186 -0.180168 -1.29565
184.932 -nan 5.52876 -0.914078 0 -5.29615 -1.78282 1.08288 -0.606201 -0.145515 -1.26868
185.502 -nan -7.0011 -2.40069 0 2.21214 0.672958 1.23832 -0.317955 -0.112846 -1.24385
186.073 -nan 5.59625 -3.27242 0 3.64915 1.61882 1.30006 -0.0189133 -0.0779495 -1.21458
186.644 -nan 4.12241 -3.30565 0 -4.25548 -1.18527 1.26868 0.285927 -0.0417023 -1.18394
187.215 -nan -5.94353 -2.49402 0 0.484207 -0.409142 1.14645 0.590569 -0.00601196 -1.15405
187.785 -nan 6.48734 -1.04342 0 4.82278 1.79728 0.938576 0.887817 0.0269318 -1.12537
188.356 -nan 2.18256 0.670235 0 -3.39272 -0.109299 0.653877 1.17377 0.0591583 -1.09509
188.927 -nan -3.48717 2.20811 0 -2.76922 -1.42335 0.308167 1.4473 0.0937271 -1.06356
189.498 -nan 6.93327 3.1877 0 4.64365 1.50259 -0.0744095 1.70033 0.127785 -1.03257
190.068 -nan -0.286369 3.36212 0 -1.94808 0.910805 -0.461723 1.92637 0.15979 -1.00303
190.639 -nan -0.664368 2.68327 0 -3.98614 -1.79586 -0.816795 2.11948 0.192688 -0.96936
191.21 -nan 6.96109 1.32842 0 4.35218 0.759407 -1.09776 2.27762 0.226776 -0.934479
191.781 -nan -3.09983 -0.365105 0 1.58037 1.57858 -1.26601 2.39619 0.259949 -0.900597
192.352 -nan 1.87244 -1.97107 0 -4.59032 -1.26747 -1.29521 2.4697 0.289757 -0.867981
192.922 -nan 6.57142 -3.07362 0 3.05337 -0.309898 -1.18113 2.49632 0.318527 -0.833786
193.493 -nan -5.66151 -3.39032 0 2.90865 1.79859 -0.943222 2.47953 0.349709 -0.798439
194.064 -nan 3.88937 -2.83836 0 -5.01617 -0.211296 -0.613968 2.41808 0.379784 -0.764099
194.635 -nan 5.74847 -1.55795 0 -0.053566 -1.35407 -0.235153 2.31313 0.407417 -0.731209
195.205 -nan -6.9705 0.116051 0 4.11108 1.5478 0.157074 2.16261 0.435616 -0.693558
195.776 -nan 5.36734 1.7569 0 -3.86839 0.828339 0.523491 1.97533 0.463913 -0.655891
196.347 -nan 4.43867 2.95249 0 -1.72408 -1.80116 0.83699 1.75605 0.491478 -0.619019
196.918 -nan -6.29379 3.39993 0 5.31862 0.841682 1.07531 1.50929 0.51442 -0.583847
197.489 -nan 6.34589 2.98591 0 -1.68813 1.53506 1.23028 1.2384 0.537338 -0.546371
198.059 -nan 2.60512 1.8198 0 -3.24129 -1.3431 1.29736 0.951149 0.561768 -0.508537
198.63 -nan -4.02811 0.1903 0 4.46239 -0.20739 1.27245 0.65377 0.585175 -0.471909
199.201 -nan 6.88004 -1.4932 0 0.540962 1.80054 1.1554 0.351143 0.60611 -0.436028
199.772 -nan 0.233292 -2.79494 0 -5.19148 -0.311356 0.947586 0.0435333 0.626686 -0.395653
200.342 -nan -1.20643 -3.38518 0 3.31705 -1.27329 0.664368 -0.259048 0.646843 -0.356552
200.913 -nan 6.99008 -3.10934 0 2.06041 1.59258 0.319633 -0.554031 0.666885 -0.31736
201.484 -nan -2.53959 -2.03167 0 -4.83929 0.746353 -0.0600815 -0.83255 0.680389 -0.28112
202.055 -nan 1.41166 -0.441246 0 0.606636 -1.7956 -0.449036 -1.09953 0.696266 -0.241905
202.626 -nan 6.68113 1.25747 0 4.58521 0.921745 -0.806213 -1.34884 0.711166 -0.202202
203.196 -nan -5.22342 2.63952 0 -4.49091 1.49201 -1.09055 -1.57777 0.726692 -0.165237
203.767 -nan 3.53533 3.34946 0 -0.708511 -1.41655 -1.26187 -1.78339 0.738373 -0.126556
204.338 -nan 5.94462 3.21246 0 4.97511 -0.106346 -1.29632 -1.96606 0.749481 -0.0859833
204.909 -nan -6.86149 2.26633 0 -1.72576 1.79526 -1.18898 -2.1248 0.76107 -0.044693
205.479 -nan 5.11914 0.743607 0 -3.56463 -0.413925 -0.955696 -2.25575 0.770699 -0.00567627
206.05 -nan 4.7359 -0.971024 0 5.0437 -1.19147 -0.628479 -2.35606 0.775787 0.0319901
206.621 -nan -6.57959 -2.43857 0 -0.64698 1.62659 -0.248764 -2.43089 0.781998 0.071991
207.192 -nan 6.19143 -3.28578 0 -4.8334 0.659981 0.142105 -2.47821 0.788002 0.112099
207.763 -nan 3.01186 -3.29234 0 2.81142 -1.7871 0.507034 -2.49861 0.794258 0.149376
208.333 -nan -4.55105 -2.45109 0 2.2741 0.998001 0.821953 -2.48707 0.796227 0.188736
208.904 -nan 6.80825 -0.98674 0 -5.0239 1.44052 1.06682 -2.44715 0.797569 0.229317
209.475 -nan 0.738228 0.724876 0 1.87426 -1.4865 1.22955 -2.38004 0.799355 0.27079
210.046 -nan -1.76291 2.25279 0 4.37498 -0.0040741 1.29921 -2.28447 0.798401 0.308594
210.616 -nan 6.99847 3.20649 0 -3.82812 1.78541 1.27427 -2.15989 0.794357 0.346359
211.187 -nan -1.97834 3.34936 0 -0.828178 -0.512169 1.15816 -2.00918 0.790169 0.385689
211.758 -nan 0.93161 2.64796 0 4.61391 -1.10455 0.956978 -1.8352 0.787193 0.424767
212.329 -nan 6.77776 1.2733 0 -2.90289 1.6629 0.679558 -1.63854 0.783424 0.461472
212.9 -nan -4.74109 -0.425797 0 -3.60702 0.574463 0.33667 -1.4157 0.775406 0.499779
213.47 -nan 3.16133 -2.01831 0 4.69473 -1.76675 -0.0462341 -1.17157 0.766724 0.539398
214.041 -nan 6.12634 -3.10018 0 -0.689804 1.0759 -0.437332 -0.90976 0.758461 0.579086
214.612 -nan -6.67281 -3.38758 0 -4.00443 1.38752 -0.794342 -0.634331 0.747604 0.614586
215.183 -nan 4.84593 -2.80389 0 3.70271 -1.5452 -1.07939 -0.344933 0.734047 0.650803
215.753 -nan 5.01259 -1.50639 0 2.60625 0.0955734 -1.25582 -0.0458145 0.72052 0.688477
216.324 -nan -6.79807 0.173409 0 -5.25396 1.77436 -1.29779 0.256851 0.708214 0.725159
216.895 -nan 6.0173 1.80938 0 2.15182 -0.610336 -1.19787 0.558617 0.695045 0.759789
217.466 -nan 3.39418 2.98099 0 3.29444 -1.01633 -0.967575 0.859314 0.677162 0.796677
218.037 -nan -5.04518 3.40018 0 -4.24854 1.69308 -0.642822 1.15028 0.65937 0.833382
218.607 -nan 6.72386 2.96296 0 -1.43669 0.481972 -0.263664 1.42743 0.641937 0.870857
219.178 -nan 1.2302 1.77091 0 5.30138 -1.7404 0.12603 1.67871 0.621696 0.902863
219.749 -nan -2.32645 0.132309 0 -3.41975 1.1434 0.49424 1.90635 0.600388 0.93705
220.32 -nan 6.99296 -1.54123 0 -2.49684 1.32829 0.812019 2.10291 0.577415 0.971458
220.89 -nan -1.41758 -2.82913 0 4.56426 -1.60271 1.05981 2.2649 0.557983 1.00479
221.461 -nan 0.42733 -3.39053 0 0.159882 0.192276 1.22369 2.38497 0.534882 1.03681
222.032 -nan 6.85332 -3.0817 0 -4.74275 1.75833 1.29751 2.46194 0.509354 1.06953
222.603 -nan -4.228 -1.98663 0 4.3874 -0.711166 1.27921 2.49499 0.482857 1.10377
223.174 -nan 2.76452 -0.385132 0 1.59138 -0.922585 1.16874 2.48169 0.457024 1.13624
223.744 -nan 6.28931 1.31231 0 -4.7037 1.71916 0.968956 2.41905 0.429596 1.16459
224.315 -nan -6.40739 2.67239 0 1.13388 0.390228 0.691994 2.31299 0.400642 1.1947
224.886 -nan 4.55592 3.35641 0 3.70284 -1.70497 0.35244 2.16543 0.370766 1.2253
225.457 -nan 5.2748 3.19369 0 -5.00859 1.21138 -0.0232544 1.98386 0.34491 1.25405
226.027 -nan -6.93905 2.22012 0 -0.574806 1.27086 -0.412056 1.76447 0.314415 1.28196
226.598 -nan 5.82333 0.684341 0 4.70177 -1.65127 -0.773438 1.51641 0.282974 1.30978
227.169 -nan 3.7569 -1.02549 0 -2.33945 0.292931 -1.06876 1.24477 0.249779 1.34035
227.74 -nan -5.5061 -2.48088 0 -2.43373 1.74017 -1.25206 0.957787 0.219002 1.36583
228.311 -nan 6.6165 -3.30129 0 5.29871 -0.806816 -1.29965 0.658218 0.186707 1.39008
228.881 -nan 1.70098 -3.27479 0 -0.508156 -0.825706 -1.20414 0.351295 0.152512 1.41468
229.452 -nan -2.89133 -2.41129 0 -4.54839 1.74229 -0.982224 0.0450287 0.119728 1.44013
230.023 -nan 6.97414 -0.92997 0 3.3741 0.2985 -0.663841 -0.255486 0.0887375 1.46346
230.594 -nan -0.862206 0.784592 0 1.16351 -1.66643 -0.285927 -0.550049 0.0549774 1.48585
231.164 -nan -0.0930862 2.29559 0 -5.28703 1.27526 0.108284 -0.83432 0.0194397 1.509
231.735 -nan 6.91614 3.2274 0 1.58573 1.20662 0.481438 -1.10406 -0.0161667 1.53315
232.306 -nan -3.68727 3.34187 0 4.18343 -1.69582 0.8013 -1.35219 -0.0492477 1.5528
232.877 -nan 2.34085 2.61034 0 -4.18701 0.386482 1.05074 -1.57995 -0.0834198 1.57121
233.447 -nan 6.43459 1.22057 0 -0.00835419 1.7134 1.2179 -1.78632 -0.118591 1.59026
234.018 -nan -6.07697 -0.481476 0 5.00034 -0.902107 1.29639 -1.96905 -0.152435 1.60988
234.589 -nan 4.2411 -2.06709 0 -2.58929 -0.731499 1.28152 -2.12471 -0.184219 1.62708
235.16 -nan 5.51398 -3.12328 0 -3.50975 1.76102 1.1731 -2.25435 -0.21846 1.64351
235.731 -nan -6.99809 -3.38129 0 4.73302 0.200989 0.977577 -2.35776 -0.253448 1.66047
236.301 -nan 5.61397 -2.77432 0 -1.02821 -1.61985 0.704529 -2.43476 -0.288536 1.67827
236.872 -nan 4.10161 -1.45373 0 -4.48322 1.33652 0.368248 -2.47876 -0.319298 1.69037
237.443 -nan -5.91916 0.23188 0 3.48158 1.13858 -0.00972748 -2.49514 -0.351288 1.70282
238.014 -nan 6.49372 1.85344 0 2.45914 -1.72935 -0.399742 -2.48299 -0.384018 1.71507
238.584 -nan 2.15556 3.00861 0 -4.98645 0.479538 -0.761345 -2.44581 -0.414101 1.72818
239.155 -nan -3.45558 3.399 0 1.97858 1.68864 -1.05592 -2.37836 -0.443123 1.73849
239.726 -nan 6.93505 2.92989 0 3.826 -0.993027 -1.24487 -2.28235 -0.472664 1.74799
240.297 -nan -0.319427 1.7224 0 -4.21471 -0.629951 -1.30115 -2.16037 -0.503563 1.75887
240.868 -nan -0.631752 0.0753098 0 -1.09651 1.77946 -1.214 -2.01322 -0.532379 1.76893
241.438 -nan 6.95943 -1.59459 0 4.92248 0.103485 -0.993195 -1.83818 -0.556679 1.77378
242.009 -nan -3.1286 -2.85891 0 -2.85376 -1.56289 -0.673958 -1.6396 -0.58181 1.77937
242.58 -nan 1.89784 -3.39301 0 -3.10109 1.39342 -0.296165 -1.4185 -0.606697 1.78476
243.151 -nan 6.5675 -3.05761 0 4.71125 1.07072 0.0931778 -1.18196 -0.629005 1.79084
243.721 -nan -5.6829 -1.93673 0 -0.390305 -1.75881 0.465225 -0.923248 -0.650146 1.79383
244.292 -nan 3.90462 -0.324013 0 -4.54042 0.569855 0.788025 -0.648689 -0.670097 1.7959
244.863 -nan 5.73607 1.36605 0 3.63998 1.65826 1.04496 -0.360031 -0.692589 1.80044
245.434 -nan -6.97478 2.71062 0 2.33317 -1.08445 1.21524 -0.0647888 -0.709602 1.8012
246.005 -nan 5.37811 3.36652 0 -4.91303 -0.529633 1.29469 0.236313 -0.72438 1.7998
246.575 -nan 4.42285 3.17123 0 1.77679 1.78657 1.2807 0.539513 -0.738007 1.79716
247.146 -nan -6.27803 2.17702 0 3.88663 0.00422668 1.17751 0.837997 -0.752228 1.79668
247.717 -nan 6.35449 0.62751 0 -4.31211 -1.50422 0.987686 1.1256 -0.763817 1.79505
248.288 -nan 2.58907 -1.08307 0 -1.50975 1.44547 0.717316 1.40005 -0.772896 1.79076
248.858 -nan -4.00607 -2.51933 0 4.8257 0.995483 0.381966 1.65657 -0.781647 1.78629
249.429 -nan 6.88398 -3.3168 0 -2.90765 -1.78263 0.00393677 1.88955 -0.791046 1.7833
250 -nan 0.213943 -3.26151 0 -3.06559 0.660545 -0.384674 2.08786 -0.794884 1.77635
250.571 -nan -1.18719 -2.36944 0 4.84576 1.62211 -0.749107 2.25097 -0.796516 1.76764
251.142 -nan 6.98609 -0.876396 0 0.627663 -1.17046 -1.04786 2.37527 -0.796776 1.758
251.712 -nan -2.56039 0.838806 0 -4.5032 -0.427971 -1.24148 2.45839 -0.797874 1.75072
252.283 -nan 1.42719 2.33949 0 3.7038 1.79571 -1.30083 2.49532 -0.795921 1.7414
252.854 -nan 6.67867 3.24373 0 2.1604 -0.0929642 -1.21663 2.48563 -0.791359 1.72987
253.425 -nan -5.23775 3.32959 0 -5.1963 -1.43683 -1.00185 2.43111 -0.78643 1.71857
253.995 -nan 3.54929 2.57533 0 0.33046 1.49873 -0.687279 2.33327 -0.78138 1.70815
254.566 -nan 5.93949 1.16536 0 3.9808 0.919853 -0.312035 2.19002 -0.771088 1.69359
255.137 -nan -6.86395 -0.539566 0 -4.20492 -1.79327 0.0810928 2.00775 -0.758904 1.67778
255.708 -nan 5.12477 -2.10906 0 -1.22596 0.747787 0.45536 1.79128 -0.745628 1.66158
256.279 -nan 4.72892 -3.14597 0 5.34161 1.58434 0.778908 1.54956 -0.733871 1.64778
256.849 -nan -6.57481 -3.3738 0 -1.37757 -1.25091 1.03359 1.28278 -0.718674 1.63118
257.42 -nan 6.19469 -2.73614 0 -3.28281 -0.32711 1.20778 0.996109 -0.701088 1.61282
257.991 -nan 3.0004 -1.40143 0 4.50321 1.80005 1.29395 0.696838 -0.683273 1.59496
258.562 -nan -4.54031 0.289879 0 0.303329 -0.194771 1.28721 0.392021 -0.665207 1.57747
259.132 -nan 6.81011 1.90433 0 -5.29112 -1.36488 1.18405 0.0853348 -0.642342 1.55556
259.703 -nan 0.730064 3.03371 0 2.48356 1.54227 0.99408 -0.218987 -0.618782 1.53361
260.274 -nan -1.75111 3.3965 0 2.43657 0.837517 0.724731 -0.516434 -0.594063 1.51111
260.845 -nan 6.99989 2.90099 0 -4.67106 -1.80003 0.395676 -0.797752 -0.572586 1.49184
261.416 -nan -1.98589 1.66995 0 0.565781 0.829262 0.0195618 -1.06713 -0.546318 1.46836
261.986 -nan 0.936897 0.0148849 0 5.04316 1.54127 -0.370422 -1.3188 -0.5186 1.44379
262.557 -nan 6.77675 -1.64635 0 -3.5547 -1.33282 -0.740234 -1.55375 -0.491325 1.42083
263.128 -nan -4.74859 -2.89247 0 -1.48045 -0.225044 -1.04111 -1.76188 -0.462883 1.39593
263.699 -nan 3.16518 -3.39724 0 4.74523 1.79967 -1.23744 -1.94624 -0.432335 1.36913
264.269 -nan 6.12198 -3.03085 0 -1.35126 -0.29631 -1.30002 -2.10587 -0.399315 1.34023
264.84 -nan -6.67377 -1.8906 0 -4.5829 -1.28721 -1.22166 -2.23991 -0.368889 1.31421
265.411 -nan 4.84821 -0.266273 0 4.45022 1.58419 -1.01257 -2.34528 -0.339272 1.28838
265.982 -nan 5.01266 1.42031 0 0.466118 0.758751 -0.700378 -2.4229 -0.306358 1.25941
266.553 -nan -6.79685 2.74406 0 -4.73657 -1.79728 -0.326721 -2.47329 -0.272385 1.22977
267.123 -nan 6.02077 3.37675 0 2.0491 0.912521 0.0662537 -2.49775 -0.239059 1.20155
267.694 -nan 3.39323 3.15221 0 3.9202 1.49737 0.439949 -2.48924 -0.205513 1.17105
268.265 -nan -5.04416 2.13136 0 -5.02986 -1.40408 0.766945 -2.4522 -0.170685 1.13913
268.836 -nan 6.7206 0.573051 0 0.536995 -0.120293 1.0266 -2.38675 -0.134193 1.10558
269.406 -nan 1.23018 -1.13656 0 4.6196 1.79552 1.20431 -2.2968 -0.101601 1.07581
269.977 -nan -2.32901 -2.55893 0 -2.67484 -0.393791 1.2917 -2.17828 -0.0687256 1.04448
270.548 -nan 6.99332 -3.32629 0 -3.0807 -1.20659 1.28636 -2.03243 -0.0341797 1.01104
271.119 -nan -1.41551 -3.2433 0 5.23061 1.62377 1.19003 -1.86203 0.00173187 0.977081
271.689 -nan 0.426613 -2.32918 0 -1.486 0.67379 1.00571 -1.66865 0.0361481 0.944199
272.26 -nan 6.85458 -0.818565 0 -4.36348 -1.78901 0.739319 -1.4508 0.0695114 0.909599
272.831 -nan -4.22292 0.894562 0 3.26619 0.989059 0.406792 -1.2112 0.104141 0.87326
273.402 -nan 2.76104 2.37822 0 2.10928 1.44483 0.0300751 -0.953171 0.139267 0.836632
273.973 -nan 6.29155 3.26154 0 -5.10644 -1.47279 -0.357529 -0.683372 0.169968 0.80381
274.543 -nan -6.40413 3.31651 0 2.3603 -0.0230484 -0.724205 -0.398941 0.20118 0.768753
275.114 -nan 4.55039 2.5335 0 3.98026 1.78674 -1.02916 -0.103012 0.233971 0.731606
275.685 -nan 5.27708 1.11108 0 -3.85413 -0.496368 -1.23334 0.19931 0.267532 0.69471
276.256 -nan -6.94279 -0.598335 0 -1.08125 -1.12276 -1.30404 0.501419 0.298447 0.65905
276.827 -nan 5.82104 -2.15683 0 4.77014 1.65823 -1.22803 0.800484 0.328369 0.620781
277.397 -nan 3.76213 -3.16644 0 -3.10857 0.584938 -1.02088 1.09216 0.358963 0.582039
277.968 -nan -5.51145 -3.36664 0 -3.49433 -1.77019 -0.71125 1.37057 0.389397 0.543289
278.539 -nan 6.61414 -2.70161 0 4.41855 1.06207 -0.343002 1.62601 0.414917 0.508835
279.11 -nan 1.71227 -1.34614 0 0.0522003 1.39421 0.0494843 1.85918 0.442436 0.470268
279.68 -nan -2.90485 0.348381 0 -4.30869 -1.5342 0.425629 2.06281 0.469673 0.431152
280.251 -nan 6.97497 1.95294 0 3.68692 0.0795517 0.75779 2.23477 0.498451 0.392326
280.822 -nan -0.849586 3.06174 0 2.91764 1.77735 1.01935 2.36332 0.522545 0.354134
281.393 -nan -0.106041 3.39427 0 -4.90102 -0.595016 1.19944 2.44894 0.54615 0.314415
281.963 -nan 6.91451 2.87067 0 0.959389 -1.02938 1.29045 2.49012 0.570145 0.273361
282.534 -nan -3.67234 1.62151 0 3.77824 1.6899 1.28981 2.48658 0.592613 0.23497
283.105 -nan 2.32762 -0.043869 0 -4.08965 0.497963 1.19638 2.43581 0.611618 0.198357
283.676 -nan 6.43999 -1.69744 0 -2.25309 -1.74542 1.01391 2.33938 0.631577 0.158478
284.247 -nan -6.06503 -2.92129 0 5.23283 1.13469 0.751968 2.20086 0.651566 0.118172
284.817 -nan 4.23378 -3.40194 0 -1.94997 1.33955 0.425354 2.02534 0.672218 0.0786514
285.388 -nan 5.52187 -3.00472 0 -3.22153 -1.59274 0.0524521 1.8108 0.68692 0.0396042
285.959 -nan -6.99847 -1.84045 0 4.35765 0.178017 -0.336922 1.56684 0.702042 -0.000312805
286.53 -nan 5.60426 -0.212051 0 1.53008 1.75931 -0.708084 1.29678 0.717239 -0.0424042
287.1 -nan 4.11368 1.47239 0 -5.35276 -0.693497 -1.01498 1.01347 0.730064 -0.0789337
287.671 -nan -5.93457 2.77825 0 2.87666 -0.940254 -1.22252 0.71489 0.741257 -0.117363
288.242 -nan 6.48792 3.37939 0 2.65881 1.71473 -1.2998 0.408066 0.751518 -0.156807
288.813 -nan 2.17226 3.1299 0 -4.52793 0.404434 -1.2368 0.0985184 0.764023 -0.197578
289.384 -nan -3.47845 2.0871 0 -0.773506 -1.71583 -1.03912 -0.206406 0.773872 -0.236069
289.954 -nan 6.93447 0.513733 0 5.21163 1.20277 -0.733055 -0.504295 0.779694 -0.274719
290.525 -nan -0.296303 -1.19017 0 -3.6846 1.27663 -0.360977 -0.791809 0.785149 -0.314606
291.096 -nan -0.65509 -2.59535 0 -2.08525 -1.64399 0.0333405 -1.06427 0.790825 -0.354118
291.667 -nan 6.96121 -3.33935 0 4.63234 0.275337 0.409081 -1.31541 0.794495 -0.389694
292.237 -nan -3.09978 -3.22375 0 0.000946045 1.74082 0.741096 -1.54724 0.795883 -0.426796
292.808 -nan 1.87378 -2.28314 0 -4.80237 -0.78949 1.00783 -1.75846 0.797295 -0.465622
293.379 -nan 6.5734 -0.761894 0 4.33875 -0.844612 1.195 -1.94693 0.799843 -0.504555
293.95 -nan -5.66347 0.95311 0 1.48581 1.74162 1.2906 -2.10748 0.799194 -0.541283
294.521 -nan 3.88868 2.42101 0 -4.70271 0.311363 1.29053 -2.23982 0.794449 -0.578552
295.091 -nan 5.74468 3.27584 0 0.767349 -1.67288 1.19919 -2.34624 0.790283 -0.616592
295.662 -nan -6.96982 3.30441 0 4.18187 1.26893 1.02054 -2.42514 0.786133 -0.653625
296.233 -nan 5.36368 2.49468 0 -4.81683 1.21529 0.763565 -2.47375 0.78006 -0.686676
296.804 -nan 4.44241 1.05433 0 -0.852394 -1.68582 0.438042 -2.49453 0.772156 -0.722778
297.374 -nan -6.29782 -0.654442 0 4.75218 0.371902 0.066391 -2.4875 0.763794 -0.759315
297.945 -nan 6.3485 -2.20319 0 -1.51881 1.72089 -0.322952 -2.45477 0.757141 -0.79583
298.516 -nan 2.61383 -3.18954 0 -3.43838 -0.885773 -0.693024 -2.38936 0.744942 -0.829353
299.087 -nan -4.03806 -3.35786 0 5.11502 -0.746902 -1.00471 -2.29604 0.731171 -0.863853
299.658 -nan 6.87758 -2.66754 0 0.201813 1.75948 -1.21805 -2.17643 0.717072 -0.899261
300.228 -nan 0.246239 -1.29448 0 -4.77691 0.215469 -1.30133 -2.03307 0.704048 -0.931732
300.799 -nan -1.22495 0.407623 0 2.24356 -1.62741 -1.24076 -1.86369 0.688469 -0.962135
301.37 -nan 6.98781 1.99942 0 2.65141 1.32711 -1.04607 -1.6694 0.671288 -0.995651
301.941 -nan -2.52139 3.08529 0 -5.25108 1.14799 -0.744812 -1.45368 0.654129 -1.02892
302.511 -nan 1.39641 3.39318 0 0.43412 -1.72672 -0.377357 -1.21928 0.637993 -1.06154
303.082 -nan 6.68604 2.83854 0 4.7608 0.465881 0.0172577 -0.962868 0.615738 -1.09135
303.653 -nan -5.20525 1.56908 0 -2.92959 1.69092 0.397362 -0.691406 0.594032 -1.12222
304.224 -nan 3.52365 -0.0979538 0 -1.87995 -0.980705 0.73381 -0.406197 0.571213 -1.15379
304.795 -nan 5.95286 -1.74796 0 5.24112 -0.648315 0.999771 -0.116364 0.550789 -1.18071
305.365 -nan -6.85208 -2.95065 0 -1.03061 1.77412 1.18662 0.182274 0.526672 -1.20864
305.936 -nan 5.1038 -3.39899 0 -4.67285 0.119591 1.28537 0.483734 0.50132 -1.23735
306.507 -nan 4.75163 -2.97811 0 3.56004 -1.57561 1.29388 0.782913 0.476952 -1.26728
307.078 -nan -6.59668 -1.79173 0 1.15192 1.38722 1.2077 1.07266 0.451317 -1.29408
307.648 -nan 6.183 -0.15139 0 -5.1035 1.07866 1.03011 1.34953 0.422119 -1.31952
308.219 -nan 3.0303 1.52266 0 1.57355 -1.75397 0.772835 1.60906 0.392456 -1.34605
308.79 -nan -4.57937 2.81061 0 4.46032 0.559906 0.449821 1.84444 0.363617 -1.37206
309.361 -nan 6.80286 3.38622 0 -4.11475 1.66105 0.0828094 2.04745 0.336388 -1.39406
309.932 -nan 0.773117 3.10435 0 -0.447983 -1.06661 -0.306297 2.21873 0.305489 -1.41777
310.502 -nan -1.80109 2.03903 0 4.87212 -0.547379 -0.679794 2.35278 0.273636 -1.44217
311.073 -nan 7.00188 0.456017 0 -2.08913 1.78926 -0.99675 2.44678 0.243217 -1.46716
311.644 -nan -1.93718 -1.24713 0 -4.09236 0.0216522 -1.21299 2.49229 0.211365 -1.48788
312.215 -nan 0.89534 -2.63307 0 4.59571 -1.51411 -1.29977 2.49142 0.177025 -1.50874
312.785 -nan 6.78141 -3.34871 0 -0.240982 1.44086 -1.24413 2.44569 0.142708 -1.5303
313.356 -nan -4.70284 -3.2067 0 -4.60645 1.00515 -1.05436 2.35581 0.11087 -1.55018
313.927 -nan 3.12826 -2.23904 0 2.58084 -1.77561 -0.756699 2.22184 0.0795059 -1.56708
314.498 -nan 6.13898 -0.703865 0 3.58513 0.646484 -0.389069 2.04792 0.0446396 -1.586
315.068 -nan -6.65248 1.00772 0 -4.98356 1.62713 0.00419617 1.83971 0.0100098 -1.60538
315.639 -nan 4.82372 2.46431 0 0.90303 -1.15615 0.384178 1.60217 -0.023262 -1.62383
316.21 -nan 5.03877 3.29279 0 4.34099 -0.446396 0.720619 1.33612 -0.0577011 -1.63842
316.781 -nan -6.81358 3.28936 0 -3.02848 1.79449 0.992073 1.04993 -0.093689 -1.65359
317.352 -nan 6.00109 2.45724 0 -2.97256 -0.0799026 1.18329 0.751961 -0.128548 -1.66918
317.922 -nan 3.42978 0.999825 0 5.2399 -1.44955 1.28452 0.448166 -0.160759 -1.68253
318.493 -nan -5.09281 -0.712936 0 -1.51822 1.48807 1.29227 0.141045 -0.193069 -1.69367
319.064 -nan 6.71106 -2.24511 0 -4.08054 0.929672 1.20985 -0.166367 -0.2286 -1.70769
319.635 -nan 1.27962 -3.20869 0 3.406 -1.79268 1.0387 -0.465706 -0.262566 -1.72071
320.205 -nan -2.38841 -3.3508 0 2.27428 0.734688 0.787186 -0.753296 -0.295227 -1.73293
320.776 -nan 6.99274 -2.62996 0 -5.34084 1.58804 0.463081 -1.0274 -0.328278 -1.74055
321.347 -nan -1.35717 -1.24079 0 2.08711 -1.23862 0.0936584 -1.28383 -0.360916 -1.75017
321.918 -nan 0.372467 0.46209 0 3.82464 -0.342018 -0.296577 -1.52072 -0.39357 -1.75965
322.489 -nan 6.86087 2.04768 0 -3.71586 1.79858 -0.66674 -1.7306 -0.420609 -1.76546
323.059 -nan -4.16229 3.1089 0 -1.52531 -0.177185 -0.984879 -1.92021 -0.451073 -1.77211
323.63 -nan 2.71365 3.38521 0 5.29974 -1.37794 -1.20691 -2.0852 -0.481461 -1.77898
324.201 -nan 6.31018 2.80763 0 -2.61459 1.5384 -1.30199 -2.22475 -0.5112 -1.78689
324.772 -nan -6.37144 1.51626 0 -3.58527 0.852585 -1.25085 -2.33378 -0.537544 -1.79047
325.342 -nan 4.51772 -0.157608 0 3.9762 -1.79839 -1.06199 -2.41463 -0.564056 -1.7925
325.913 -nan 5.30347 -1.79551 0 0.79129 0.820114 -0.766441 -2.46889 -0.590187 -1.79607
326.484 -nan -6.95171 -2.97938 0 -5.12763 1.54709 -0.402184 -2.49438 -0.614113 -1.79875
327.055 -nan 5.79507 -3.39867 0 3.08687 -1.31488 -0.0125198 -2.48924 -0.633812 -1.79829
327.626 -nan 3.80505 -2.94711 0 3.35072 -0.241631 0.369644 -2.4576 -0.656502 -1.79921
328.196 -nan -5.56582 -1.74192 0 -4.20015 1.80012 0.709305 -2.39861 -0.678024 -1.80017
328.767 -nan 6.6029 -0.0923309 0 -0.102646 -0.277924 0.984047 -2.31309 -0.697968 -1.80114
329.338 -nan 1.76792 1.57627 0 4.84534 -1.3028 1.17699 -2.1959 -0.713631 -1.79691
329.909 -nan -2.97245 2.84265 0 -3.49517 1.57986 1.28221 -2.05313 -0.729454 -1.79317
330.479 -nan 6.96938 3.39143 0 -3.10281 0.768478 1.29556 -1.88692 -0.744576 -1.79027
331.05 -nan -0.780495 3.0815 0 4.40389 -1.79877 1.21584 -1.69785 -0.756233 -1.78587
331.621 -nan -0.175446 1.99042 0 -0.52803 0.89798 1.04603 -1.4847 -0.765564 -1.77918
332.192 -nan 6.92179 0.397812 0 -4.48206 1.50143 0.795448 -1.2506 -0.776512 -1.77401
332.763 -nan -3.60019 -1.30085 0 3.83733 -1.39186 0.477005 -0.999023 -0.786163 -1.76897
333.333 -nan 2.27206 -2.67271 0 2.81924 -0.140549 0.109688 -0.731491 -0.792801 -1.76218
333.904 -nan 6.45765 -3.35857 0 -4.59325 1.79565 -0.281113 -0.447495 -0.795135 -1.75111
334.475 -nan -6.017 -3.18611 0 1.10107 -0.380829 -0.657272 -0.154205 -0.79792 -1.74155
335.046 -nan 4.18984 -2.19779 0 4.07469 -1.22122 -0.977585 0.143845 -0.799629 -1.73242
335.616 -nan 5.55186 -0.646301 0 -4.11067 1.61779 -1.20052 0.442184 -0.797852 -1.72136
336.187 -nan -6.99811 1.06332 0 -2.47546 0.68576 -1.29733 0.740616 -0.79425 -1.70871
336.758 -nan 5.5735 2.50163 0 4.76081 -1.79114 -1.2544 1.03411 -0.792053 -1.69804
337.329 -nan 4.16016 3.30775 0 -1.63373 0.97876 -1.074 1.31348 -0.787155 -1.6861
337.9 -nan -5.98996 3.27585 0 -3.65804 1.45518 -0.782745 1.57436 -0.77951 -1.67248
338.47 -nan 6.47092 2.41597 0 4.32641 -1.46072 -0.416 1.8131 -0.767067 -1.65454
339.041 -nan 2.23338 0.945595 0 2.06036 -0.036232 -0.0243301 2.02328 -0.756882 -1.64009
339.612 -nan -3.55643 -0.768677 0 -4.89703 1.78924 0.357262 2.19938 -0.74469 -1.62457
340.183 -nan 6.92537 -2.28989 0 2.14933 -0.476601 0.694992 2.3348 -0.729485 -1.60706
340.753 -nan -0.217041 -3.22626 0 3.26571 -1.13638 0.973404 2.43262 -0.713623 -1.58931
341.324 -nan -0.73674 -3.33847 0 -4.50011 1.65499 1.17254 2.4866 -0.697548 -1.5722
341.895 -nan 6.96791 -2.59297 0 -1.58952 0.600861 1.28248 2.49401 -0.680313 -1.55471
342.466 -nan -3.01727 -1.18458 0 4.9977 -1.77497 1.29729 2.4521 -0.658371 -1.53318
343.037 -nan 1.80801 0.51915 0 -2.65617 1.05476 1.21909 2.36467 -0.634636 -1.51056
343.607 -nan 6.58955 2.09198 0 -2.92392 1.40019 1.05426 2.23641 -0.613213 -1.49078
344.178 -nan -5.59708 3.13261 0 4.64039 -1.52382 0.807625 2.06709 -0.589973 -1.4696
344.749 -nan 3.83335 3.37785 0 1.10902 0.0616226 0.492073 1.86027 -0.564209 -1.44617
345.32 -nan 5.77837 2.77364 0 -5.0446 1.77787 0.125877 1.62323 -0.538422 -1.42382
345.89 -nan -6.95876 1.46509 0 3.12803 -0.579147 -0.261795 1.36029 -0.511925 -1.40083
346.461 -nan 5.32752 -0.218185 0 2.6266 -1.0508 -0.637077 1.07774 -0.485123 -1.37777
347.032 -nan 4.48975 -1.84516 0 -4.72765 1.68536 -0.960632 0.776169 -0.452431 -1.34901
347.603 -nan -6.34805 -3.0065 0 -0.635101 0.50824 -1.19171 0.468658 -0.422134 -1.32314
348.174 -nan 6.32266 -3.39929 0 5.00493 -1.7514 -1.29724 0.159187 -0.392197 -1.29764
348.744 -nan 2.68124 -2.91685 0 -3.55025 1.12337 -1.25983 -0.14669 -0.362068 -1.27132
349.315 -nan -4.1259 -1.68941 0 -2.3547 1.34418 -1.08568 -0.448708 -0.329063 -1.24278
349.886 -nan 6.86806 -0.0349121 0 4.75966 -1.58304 -0.800438 -0.740891 -0.296379 -1.21542
350.457 -nan 0.332169 1.62872 0 0.164154 0.162308 -0.440468 -1.01681 -0.264214 -1.18789
351.027 -nan -1.31676 2.87654 0 -4.86452 1.76376 -0.0477219 -1.27477 -0.230515 -1.15817
351.598 -nan 6.99092 3.39412 0 3.92207 -0.678589 0.339058 -1.51395 -0.193718 -1.12531
352.169 -nan -2.42738 3.05727 0 2.09808 -0.954941 0.683517 -1.72984 -0.159821 -1.0955
352.74 -nan 1.31483 1.94524 0 -4.75556 1.71351 0.963013 -1.91988 -0.127075 -1.06596
353.31 -nan 6.70215 0.338394 0 0.298851 0.420174 1.16242 -2.0831 -0.0937195 -1.03471
353.881 -nan -5.12241 -1.3537 0 4.63566 -1.71926 1.27637 -2.22276 -0.0579376 -1.00199
354.452 -nan 3.45874 -2.70737 0 -4.24563 1.19497 1.29892 -2.33591 -0.0232925 -0.970688
355.023 -nan 5.98676 -3.36924 0 -1.8595 1.28737 1.22605 -2.41807 0.0102386 -0.93856
355.594 -nan -6.82477 -3.16502 0 4.7399 -1.63372 1.06203 -2.47062 0.0451355 -0.903946
356.164 -nan 5.05969 -2.15317 0 -0.735497 0.26384 0.815331 -2.49512 0.0817108 -0.867599
356.735 -nan 4.80087 -0.590965 0 -4.34167 1.7439 0.503761 -2.49213 0.113716 -0.83548
357.306 -nan -6.63864 1.1189 0 4.51112 -0.773529 0.141342 -2.45941 0.145737 -0.801857
357.877 -nan 6.15051 2.54012 0 1.64475 -0.862045 -0.244774 -2.3974 0.177734 -0.766769
358.447 -nan 3.10351 3.31968 0 -4.7237 1.73802 -0.623436 -2.31101 0.212265 -0.731087
359.018 -nan -4.67495 3.26 0 1.12988 0.326088 -0.950264 -2.19704 0.244232 -0.696327
359.589 -nan 6.78954 2.37394 0 3.99055 -1.68347 -1.18503 -2.05528 0.275131 -0.660477
360.16 -nan 0.863388 0.888557 0 -4.715 1.2589 -1.2947 -1.8863 0.307114 -0.621826
360.731 -nan -1.90374 -0.823387 0 -1.44019 1.22115 -1.26371 -1.69517 0.339043 -0.583763
361.301 -nan 6.99987 -2.33263 0 4.71576 -1.6792 -1.09584 -1.48475 0.366447 -0.549316
361.872 -nan -1.83035 -3.24448 0 -1.49124 0.356323 -0.812904 -1.25177 0.394547 -0.51226
362.443 -nan 0.799225 -3.32425 0 -3.60573 1.71975 -0.453796 -0.999863 0.422432 -0.474205
363.014 -nan 6.79992 -2.55566 0 4.86553 -0.870804 -0.0613022 -0.73275 0.452843 -0.436211
363.584 -nan -4.60511 -1.12995 0 1.22949 -0.765366 0.323898 -0.452438 0.478683 -0.39859
364.155 -nan 3.05386 0.579842 0 -4.7264 1.75774 0.669945 -0.161812 0.503899 -0.360359
364.726 -nan 6.17056 2.13608 0 1.82828 0.228317 0.954407 0.138359 0.530182 -0.318573
365.297 -nan -6.6052 3.15437 0 3.21801 -1.63632 1.15865 0.436775 0.553909 -0.281219
365.868 -nan 4.76643 3.37293 0 -4.97315 1.32015 1.27414 0.732574 0.575508 -0.244026
366.438 -nan 5.08998 2.73681 0 -1.00051 1.15731 1.29654 1.02174 0.595703 -0.205818
367.009 -nan -6.84709 1.41171 0 4.75961 -1.71754 1.22861 1.30242 0.618744 -0.165268
367.58 -nan 5.96479 -0.275169 0 -2.15057 0.452911 1.07195 1.56505 0.640305 -0.126526
368.151 -nan 3.50507 -1.89629 0 -2.85992 1.6963 0.830589 1.80276 0.657906 -0.0879669
368.721 -nan -5.18858 -3.03403 0 5.03472 -0.962502 0.518028 2.0132 0.674995 -0.0475616
369.292 -nan 6.69173 -3.39665 0 0.753723 -0.662926 0.153831 2.19195 0.692513 -0.00608826
369.863 -nan 1.37769 -2.88812 0 -4.80492 1.7739 -0.230721 2.33178 0.707085 0.0306625
370.434 -nan -2.5042 -1.63839 0 2.47684 0.135216 -0.607536 2.43008 0.720009 0.0688171
371.005 -nan 6.988 0.0250397 0 2.54815 -1.58376 -0.936287 2.48468 0.732231 0.108353
371.575 -nan -1.24074 1.67876 0 -5.0689 1.37955 -1.1787 2.49731 0.747124 0.149139
372.146 -nan 0.262474 2.90773 0 -0.510963 1.08968 -1.29534 2.46188 0.7584 0.187729
372.717 -nan 6.87517 3.39794 0 4.85983 -1.74916 -1.26798 2.37847 0.766563 0.226974
373.288 -nan -4.05122 3.0305 0 -2.80728 0.545631 -1.10149 2.25122 0.774406 0.267845
373.858 -nan 2.62732 1.89909 0 -2.28843 1.66407 -0.821587 2.0853 0.78241 0.307671
374.429 -nan 6.34073 0.281242 0 5.08286 -1.05193 -0.467064 1.88426 0.787636 0.343681
375 -nan -6.30157 -1.4078 0 0.295067 -0.565544 -0.0757523 1.64927 0.79142 0.38221
375.571 -nan 4.45068 -2.74063 0 -4.91781 1.7851 0.310791 1.38791 0.795288 0.421745
376.142 -nan 5.35936 -3.37724 0 3.12634 0.0362625 0.660011 1.10735 0.80043 0.461166
376.712 -nan -6.97054 -3.14452 0 2.07539 -1.52812 0.945274 0.810852 0.800957 0.498718
377.283 -nan 5.75157 -2.10601 0 -5.06956 1.433 1.15179 0.50341 0.798813 0.537109
377.854 -nan 3.88003 -0.534439 0 -0.115326 1.01427 1.27144 0.192223 0.79705 0.576286
378.425 -nan -5.6602 1.17264 0 4.95663 -1.77353 1.29913 -0.11528 0.795151 0.613403
378.995 -nan 6.5734 2.57982 0 -3.41614 0.632713 1.23307 -0.414452 0.790359 0.647621
379.566 -nan 1.8706 3.33066 0 -1.88638 1.63044 1.07747 -0.7071 0.784912 0.685478
380.137 -nan -3.10052 3.24113 0 5.02027 -1.13946 0.839508 -0.985771 0.779045 0.723206
380.708 -nan 6.96429 2.33337 0 -0.0509338 -0.464279 0.532616 -1.24708 0.774445 0.760269
381.279 -nan -0.657112 0.831291 0 -4.95503 1.79453 0.170555 -1.48621 0.762924 0.795189
381.849 -nan -0.295349 -0.881355 0 3.68581 -0.0635452 -0.217308 -1.70448 0.752022 0.83123
382.42 -nan 6.93279 -2.37261 0 1.70957 -1.46067 -0.598351 -1.89963 0.740295 0.868088
382.991 -nan -3.47084 -3.26205 0 -4.95267 1.48344 -0.927689 -2.06597 0.729301 0.900078
383.562 -nan 2.16921 -3.31223 0 0.220589 0.941093 -1.17025 -2.2065 0.715126 0.933517
384.132 -nan 6.48833 -2.51414 0 4.91877 -1.7885 -1.29113 -2.32081 0.700012 0.968185
384.703 -nan -5.92857 -1.07578 0 -3.94399 0.722733 -1.2725 -2.40916 0.686096 1.00362
385.274 -nan 4.11192 0.6371 0 -1.5615 1.59575 -1.1131 -2.46674 0.670242 1.03609
385.845 -nan 5.6038 2.18254 0 4.88388 -1.22329 -0.83429 -2.49278 0.649567 1.06796
386.416 -nan -6.99765 3.17519 0 -0.373322 -0.359154 -0.478676 -2.49239 0.62989 1.10083
386.986 -nan 5.51987 3.36596 0 -4.84792 1.79938 -0.088089 -2.46409 0.610329 1.13287
387.557 -nan 4.2382 2.70264 0 4.17445 -0.160385 0.29483 -2.40692 0.590889 1.16062
388.128 -nan -6.0769 1.35689 0 1.44806 -1.39183 0.645103 -2.32143 0.567833 1.19151
388.699 -nan 6.43813 -0.333542 0 -4.81786 1.53097 0.934517 -2.20979 0.544678 1.22247
389.269 -nan 2.34167 -1.94514 0 0.502136 0.864105 1.14748 -2.07397 0.522697 1.25335
389.84 -nan -3.69245 -3.06102 0 4.73721 -1.79902 1.26943 -1.9091 0.496681 1.28067
390.411 -nan 6.91393 -3.39282 0 -4.36416 0.807175 1.29906 -1.71958 0.468803 1.30848
390.982 -nan -0.0877838 -2.8569 0 -1.36453 1.55109 1.23694 -1.50906 0.44149 1.33673
391.553 -nan -0.872849 -1.58871 0 4.75989 -1.30267 1.08594 -1.28011 0.415718 1.36277
392.123 -nan 6.97269 0.0839844 0 -0.607361 -0.259705 0.851105 -1.03181 0.388283 1.38656
392.694 -nan -2.87605 1.72872 0 -4.58283 1.79913 0.543861 -0.764999 0.358131 1.4132
393.265 -nan 1.69089 2.93638 0 4.51247 -0.263168 0.184052 -0.485558 0.328514 1.43954
393.836 -nan 6.6212 3.40187 0 1.2919 -1.31932 -0.202538 -0.196724 0.299286 1.46404
394.406 -nan -5.48656 3.00374 0 -4.72173 1.57444 -0.583122 0.100548 0.266632 1.4854
394.977 -nan 3.74643 1.84962 0 0.705986 0.779556 -0.91803 0.40123 0.233444 1.50812
395.548 -nan 5.82998 0.225288 0 4.41123 -1.79948 -1.16533 0.698921 0.201836 1.53036
396.119 -nan -6.9327 -1.46152 0 -4.62135 0.887283 -1.28982 0.988235 0.171387 1.54984
396.69 -nan 5.26073 -2.77534 0 -1.22431 1.50732 -1.27343 1.2673 0.138802 1.56856
397.26 -nan 4.56953 -3.38215 0 4.7096 -1.37833 -1.11964 1.53362 0.103851 1.59053
397.831 -nan -6.4294 -3.12183 0 -0.8078 -0.155792 -0.848152 1.77587 0.0705032 1.60999
398.402 -nan 6.28296 -2.05995 0 -4.24339 1.79861 -0.496437 1.98981 0.0376511 1.62753
398.973 -nan 2.78672 -0.475716 0 4.69298 -0.363838 -0.103783 2.17026 0.00149536 1.64248
399.543 -nan -4.26595 1.22662 0 1.16859 -1.23568 0.283737 2.31604 -0.0329056 1.65954
400.114 -nan 6.84943 2.61691 0 -4.72012 1.61465 0.634674 2.42047 -0.066246 1.67503
400.685 -nan 0.471527 3.34196 0 0.918907 0.699677 0.92308 2.47937 -0.0977173 1.68732
401.256 -nan -1.46556 3.22233 0 4.08582 -1.7919 1.13841 2.4948 -0.133568 1.70165
401.826 -nan 6.99648 2.29018 0 -4.73798 0.968407 1.26736 2.46535 -0.169037 1.71653
402.397 -nan -2.27338 0.775162 0 -1.13548 1.46127 1.30263 2.3893 -0.202438 1.729
402.968 -nan 1.18447 -0.938339 0 4.75436 -1.44762 1.2423 2.26668 -0.23584 1.73839
403.539 -nan 6.72742 -2.41347 0 -1.03735 -0.0512238 1.09079 2.10197 -0.270988 1.74752
404.11 -nan -4.99211 -3.27782 0 -3.94157 1.78973 0.860237 1.9043 -0.303223 1.75777
404.68 -nan 3.3544 -3.2999 0 4.77386 -0.462158 0.557648 1.67319 -0.334679 1.76598
405.251 -nan 6.03597 -2.47285 0 1.14174 -1.15373 0.202095 1.41432 -0.36441 1.77149
405.822 -nan -6.77577 -1.0199 0 -4.81626 1.65112 -0.185684 1.13215 -0.399307 1.78065
406.393 -nan 4.98464 0.693703 0 1.14161 0.611809 -0.565994 0.835861 -0.429985 1.7869
406.963 -nan 4.8817 2.22934 0 3.81258 -1.78043 -0.902504 0.529785 -0.459595 1.79211
407.534 -nan -6.70085 3.19487 0 -4.79076 1.04288 -1.15282 0.21624 -0.488304 1.79285
408.105 -nan 6.10419 3.35606 0 -1.18165 1.40612 -1.28556 -0.0944519 -0.517151 1.79635
408.676 -nan 3.21297 2.66853 0 4.89548 -1.51288 -1.27889 -0.39785 -0.543861 1.79904
409.247 -nan -4.81757 1.30277 0 -1.22229 0.0454102 -1.13216 -0.690208 -0.567986 1.79926
409.817 -nan 6.763 -0.392357 0 -3.69589 1.7782 -0.865921 -0.971298 -0.593269 1.79899
410.388 -nan 1.00536 -1.99145 0 4.77676 -0.563408 -0.516914 -1.23698 -0.619926 1.80055
410.959 -nan -2.06946 -3.08697 0 1.23837 -1.06573 -0.127716 -1.47977 -0.64238 1.79928
411.53 -nan 6.99919 -3.39006 0 -4.98064 1.68229 0.261505 -1.69931 -0.662376 1.7953
412.1 -nan -1.66954 -2.82383 0 1.28371 0.521095 0.617546 -1.89539 -0.681801 1.78972
412.671 -nan 0.655426 -1.53749 0 3.58882 -1.75579 0.912872 -2.06609 -0.701057 1.78661
413.242 -nan 6.82143 0.141594 0 -4.72823 1.11467 1.13023 -2.20822 -0.71727 1.78181
413.813 -nan -4.45114 1.77961 0 -1.29747 1.35268 1.26035 -2.32214 -0.731606 1.77462
414.384 -nan 2.93742 2.96424 0 5.06104 -1.57159 1.30006 -2.41 -0.747078 1.768
414.954 -nan 6.22307 3.40221 0 -1.34097 0.148384 1.24734 -2.46999 -0.761963 1.76221
415.525 -nan -6.52837 2.97691 0 -3.49882 1.76566 1.10109 -2.49719 -0.771477 1.75236
416.096 -nan 4.68005 1.79954 0 4.65871 -0.66053 0.870544 -2.49494 -0.779266 1.74086
416.667 -nan 5.16563 0.168045 0 1.3635 -0.970604 0.567886 -2.46453 -0.78653 1.72906
417.237 -nan -6.89172 -1.51378 0 -5.13821 1.71066 0.215797 -2.4085 -0.793335 1.71967
417.808 -nan 5.90398 -2.8099 0 1.39317 0.433601 -0.167374 -2.32249 -0.796722 1.70704
418.379 -nan 3.6148 -3.38645 0 3.44422 -1.726 -0.548187 -2.20869 -0.798248 1.69286
418.95 -nan -5.3298 -3.09808 0 -4.57735 1.18593 -0.89019 -2.07034 -0.801323 1.68021
419.521 -nan 6.66145 -2.01352 0 -1.45744 1.29485 -1.14658 -1.90662 -0.800774 1.66608
420.091 -nan 1.52255 -0.416412 0 5.20857 -1.62453 -1.28304 -1.7169 -0.796005 1.64861
420.662 -nan -2.6759 1.28031 0 -1.41856 0.246994 -1.2804 -1.50417 -0.789879 1.63017
421.233 -nan 6.98286 2.65212 0 -3.42503 1.74519 -1.13911 -1.27295 -0.784081 1.61318
421.804 -nan -1.06655 3.35303 0 4.47932 -0.756454 -0.879883 -1.0265 -0.777283 1.59706
422.374 -nan 0.10009 3.20348 0 1.57572 -0.879265 -0.532768 -0.760117 -0.766769 1.57719
422.945 -nan 6.89351 2.24516 0 -5.2655 1.73409 -0.143463 -0.480576 -0.755089 1.55698
423.516 -nan -3.88421 0.719574 0 1.41025 0.338982 0.24839 -0.190506 -0.744682 1.53851
424.087 -nan 2.49343 -0.994507 0 3.4324 -1.69063 0.60405 0.104469 -0.728493 1.51595
424.658 -nan 6.3863 -2.45628 0 -4.36706 1.25006 0.901497 0.403114 -0.711052 1.49261
425.228 -nan -6.19721 -3.29151 0 -1.7065 1.22935 1.12309 0.701477 -0.691681 1.46788
425.799 -nan 4.35178 -3.28551 0 5.30334 -1.67149 1.25812 0.990456 -0.675011 1.44681
426.37 -nan 5.4353 -2.43347 0 -1.36922 0.341171 1.3001 1.26823 -0.654861 1.42291
426.941 -nan -6.98685 -0.961678 0 -3.45615 1.72358 1.24902 1.53148 -0.632111 1.39686
427.511 -nan 5.68461 0.750572 0 4.24754 -0.853653 1.10847 1.77484 -0.609184 1.37115
428.082 -nan 3.99275 2.27281 0 1.82306 -0.782089 0.884186 1.98987 -0.58609 1.34592
428.653 -nan -5.79369 3.21533 0 -5.32925 1.75479 0.584862 2.16949 -0.558723 1.31692
429.224 -nan 6.53436 3.3456 0 1.30836 0.243614 0.230881 2.31464 -0.530975 1.28796
429.795 -nan 2.01495 2.63219 0 3.5076 -1.64473 -0.153412 2.42034 -0.503128 1.25935
430.365 -nan -3.28615 1.2494 0 -4.12522 1.31178 -0.532875 2.4826 -0.477715 1.23338
430.936 -nan 6.94834 -0.450798 0 -1.92508 1.16671 -0.874809 2.4986 -0.447632 1.20308
431.507 -nan -0.478172 -2.03806 0 5.33822 -1.71101 -1.1367 2.46944 -0.416298 1.17198
432.078 -nan -0.472466 -3.11088 0 -1.23631 0.439323 -1.28262 2.39637 -0.385529 1.14192
432.648 -nan 6.94913 -3.38584 0 -3.59712 1.69952 -1.2858 2.27684 -0.354279 1.11097
433.219 -nan -3.28627 -2.7906 0 4.00218 -0.946053 -1.14651 2.11427 -0.320328 1.07726
433.79 -nan 2.02376 -1.48523 0 2.02454 -0.68074 -0.887772 1.91632 -0.286621 1.04425
434.361 -nan 6.53213 0.198448 0 -5.32011 1.77219 -0.545013 1.68771 -0.254776 1.01307
434.931 -nan -5.79249 1.83063 0 1.15769 0.151222 -0.159515 1.43184 -0.223366 0.981743
435.502 -nan 3.99709 2.99296 0 3.72029 -1.59518 0.232445 1.15073 -0.187592 0.946327
436.073 -nan 5.67901 3.40067 0 -3.88412 1.37233 0.592552 0.854156 -0.152092 0.911392
436.644 -nan -6.98947 2.94909 0 -2.13215 1.09863 0.893448 0.548615 -0.11805 0.877457
437.215 -nan 5.4388 1.74902 0 5.27452 -1.74342 1.11598 0.237999 -0.0836105 0.841667
437.785 -nan 4.34413 0.108383 0 -1.07504 0.531349 1.25275 -0.0733261 -0.0475464 0.804169
438.356 -nan -6.19743 -1.56414 0 -3.87238 1.66786 1.29993 -0.377617 -0.013443 0.769119
438.927 -nan 6.38998 -2.84227 0 3.77642 -1.03599 1.25377 -0.670876 0.0192566 0.734634
439.498 -nan 2.49001 -3.39134 0 2.25838 -0.583618 1.11613 -0.950401 0.0520706 0.698898
440.068 -nan -3.88089 -3.07307 0 -5.21117 1.78538 0.893112 -1.21786 0.089325 0.659378
440.639 -nan 6.8969 -1.96671 0 0.971642 0.0504532 0.598152 -1.4623 0.122894 0.622566
441.21 -nan 0.0974579 -0.359169 0 4.04343 -1.53996 0.246956 -1.68424 0.155792 0.585754
441.781 -nan -1.06591 1.33458 0 -3.67054 1.4254 -0.137054 -1.87939 0.188347 0.546349
442.352 -nan 6.98215 2.68877 0 -2.39858 1.0247 -0.520485 -2.05217 0.221184 0.508484
442.922 -nan -2.67734 3.36217 0 5.13156 -1.76939 -0.864891 -2.19742 0.252792 0.470985
443.493 -nan 1.52323 3.18354 0 -0.834488 0.618477 -1.12815 -2.31341 0.281586 0.435211
444.064 -nan 6.6574 2.20075 0 -4.22157 1.63528 -1.27712 -2.40229 0.313957 0.394699
444.635 -nan -5.32825 0.661713 0 3.55027 -1.12572 -1.2878 -2.46378 0.346481 0.354279
445.206 -nan 3.61919 -1.05019 0 2.53771 -0.480171 -1.15623 -2.49503 0.375824 0.315979
445.776 -nan 5.90166 -2.49683 0 -5.02207 1.79346 -0.900887 -2.49522 0.403397 0.277321
446.347 -nan -6.88762 -3.30455 0 0.681389 -0.0487289 -0.557037 -2.4658 0.431526 0.236504
446.918 -nan 5.17142 -3.26955 0 4.4008 -1.47432 -0.171936 -2.41273 0.459366 0.198341
447.489 -nan 4.67806 -2.39326 0 -3.41776 1.47754 0.217499 -2.33032 0.485085 0.160385
448.059 -nan -6.53101 -0.904739 0 -2.67691 0.952866 0.575989 -2.21985 0.509209 0.122345
448.63 -nan 6.22454 0.807014 0 4.88246 -1.78774 0.881989 -2.08215 0.536888 0.0798264
449.201 -nan 2.93546 2.31487 0 -0.523834 0.710945 1.11072 -1.9206 0.561432 0.0402908
449.772 -nan -4.45955 3.2355 0 -4.57792 1.59956 1.25185 -1.73479 0.583199 0.00193024
450.342 -nan 6.82059 3.33453 0 3.28388 -1.2073 1.29906 -1.52416 0.602921 -0.0375443
450.913 -nan 0.655472 2.5944 0 2.82925 -0.376083 1.25599 -1.29437 0.624382 -0.0777512
451.484 -nan -1.67442 1.19624 0 -4.71953 1.79926 1.12405 -1.04866 0.644287 -0.115486
452.055 -nan 6.99911 -0.50914 0 0.358055 -0.144295 0.90596 -0.785599 0.661713 -0.153236
452.626 -nan -2.06104 -2.08546 0 4.75558 -1.40613 0.611977 -0.50647 0.679146 -0.193428
453.196 -nan 1.0042 -3.13326 0 -3.15414 1.52751 0.260033 -0.215843 0.698128 -0.235176
453.767 -nan 6.7646 -3.37968 0 -3.01481 0.873428 -0.122185 0.0783997 0.712601 -0.272903
454.338 -nan -4.80692 -2.75671 0 4.54363 -1.79688 -0.50563 0.376198 0.724876 -0.310905
454.909 -nan 3.21063 -1.43103 0 -0.149956 0.794044 -0.851974 0.673866 0.736427 -0.350182
455.479 -nan 6.10318 0.256546 0 -4.91765 1.55712 -1.12103 0.965126 0.749596 -0.388481
456.05 -nan -6.69716 1.87904 0 3.00794 -1.28814 -1.2748 1.24433 0.760361 -0.425026
456.621 -nan 4.87791 3.02057 0 3.23055 -0.276329 -1.28938 1.50862 0.768944 -0.463013
457.192 -nan 4.98458 3.39867 0 -4.35318 1.80001 -1.16271 1.75331 0.777809 -0.502533
457.763 -nan -6.78175 2.92078 0 -0.108879 -0.248688 -0.913239 1.97214 0.786903 -0.541672
458.333 -nan 6.03558 1.6993 0 5.05098 -1.33153 -0.574356 2.15442 0.790215 -0.576393
458.904 -nan 3.35899 0.0490112 0 -2.82458 1.56858 -0.188293 2.30228 0.793533 -0.61293
459.475 -nan -5.00446 -1.6152 0 -3.45948 0.791229 0.203583 2.41071 0.796227 -0.650093
460.046 -nan 6.72957 -2.87509 0 4.15182 -1.80096 0.563965 2.47845 0.800583 -0.68512
460.616 -nan 1.19725 -3.39593 0 0.406479 0.875427 0.869202 2.49844 0.800652 -0.720161
461.187 -nan -2.29021 -3.04585 0 -5.15417 1.51366 1.10091 2.47225 0.799484 -0.756386
461.758 -nan 6.99624 -1.91879 0 2.59168 -1.36606 1.24821 2.40165 0.798859 -0.793915
462.329 -nan -1.44904 -0.301308 0 3.68929 -0.171516 1.30183 2.28651 0.796173 -0.828217
462.9 -nan 0.454002 1.38891 0 -3.94142 1.79584 1.25946 2.12756 0.789307 -0.860367
463.47 -nan 6.84811 2.72318 0 -0.723915 -0.346298 1.12816 1.93231 0.78347 -0.894768
464.041 -nan -4.24619 3.36958 0 5.23805 -1.25089 0.912819 1.70486 0.77771 -0.929131
464.612 -nan 2.77564 3.1639 0 -2.31084 1.60998 0.626129 1.45224 0.772285 -0.960701
465.183 -nan 6.28485 2.15668 0 -3.91876 0.70993 0.276413 1.17147 0.761414 -0.993988
465.753 -nan -6.41463 0.603775 0 3.71973 -1.79483 -0.105888 0.875298 0.750961 -1.02699
466.324 -nan 4.56413 -1.10462 0 1.05216 0.959351 -0.491943 0.56778 0.740677 -1.06114
466.895 -nan 5.26984 -2.53653 0 -5.30096 1.46562 -0.836876 0.258034 0.726585 -1.08881
467.466 -nan -6.93722 -3.31925 0 1.99462 -1.43437 -1.10828 -0.0537567 0.711777 -1.11906
468.036 -nan 5.82396 -3.25194 0 4.14774 -0.0696487 -1.26772 -0.361023 0.696388 -1.14979
468.607 -nan 3.76064 -2.35134 0 -3.4877 1.79208 -1.29292 -0.656654 0.683365 -1.17948
469.178 -nan -5.51273 -0.848801 0 -1.39186 -0.444435 -1.17464 -0.939377 0.666138 -1.2075
469.749 -nan 6.61508 0.864105 0 5.33228 -1.16827 -0.930084 -1.20753 0.646194 -1.23693
470.32 -nan 1.71064 2.35624 0 -1.64824 1.64729 -0.594749 -1.45589 0.626747 -1.26647
470.89 -nan -2.90885 3.25263 0 -4.37016 0.623573 -0.211136 -1.67964 0.607254 -1.29332
471.461 -nan 6.9708 3.32242 0 3.24532 -1.78011 0.179909 -1.87646 0.584534 -1.31691
472.032 -nan -0.841415 2.55554 0 1.73615 1.03202 0.545273 -2.05085 0.56163 -1.34363
472.603 -nan -0.117043 1.14182 0 -5.32382 1.41437 0.855576 -2.19851 0.539658 -1.37001
473.174 -nan 6.91827 -0.566696 0 1.2726 -1.5013 1.09128 -2.31704 0.517662 -1.39429
473.744 -nan -3.65353 -2.13172 0 4.57764 0.0305328 1.24109 -2.40587 0.49099 -1.41805
474.315 -nan 2.31703 -3.15493 0 -2.99579 1.78069 1.29977 -2.46694 0.463181 -1.44318
474.886 -nan 6.44553 -3.3728 0 -2.08331 -0.546768 1.2646 -2.49837 0.436981 -1.46632
475.457 -nan -6.04923 -2.72244 0 5.28043 -1.08067 1.1368 -2.49866 0.409767 -1.48664
476.027 -nan 4.21603 -1.37651 0 -0.856445 1.67637 0.922676 -2.46856 0.380066 -1.50589
476.598 -nan 5.53169 0.315399 0 -4.76698 0.535568 0.636871 -2.41422 0.351616 -1.52856
477.169 -nan -7.00019 1.92691 0 2.72479 -1.76234 0.292679 -2.33088 0.322929 -1.54893
477.74 -nan 5.59017 3.04832 0 2.43101 1.10461 -0.0863113 -2.21947 0.293602 -1.56746
478.311 -nan 4.13326 3.39599 0 -5.20542 1.35877 -0.473251 -2.07847 0.259155 -1.58649
478.881 -nan -5.96094 2.88899 0 0.390167 -1.56285 -0.824562 -1.91466 0.22702 -1.60531
479.452 -nan 6.48111 1.64913 0 4.93096 0.131653 -1.09995 -1.72729 0.195816 -1.62184
480.023 -nan 2.20605 -0.00991821 0 -2.40932 1.76497 -1.26267 -1.51607 0.163452 -1.63576
480.594 -nan -3.522 -1.66671 0 -2.76363 -0.643501 -1.29173 -1.28436 0.129646 -1.65137
481.164 -nan 6.93095 -2.90522 0 5.09053 -0.990036 -1.18249 -1.03671 0.0973206 -1.6687
481.735 -nan -0.245338 -3.3992 0 0.106178 1.70773 -0.944725 -0.771744 0.0643845 -1.68253
482.306 -nan -0.710114 -3.01987 0 -5.06297 0.446571 -0.612869 -0.492714 0.0304642 -1.69514
482.877 -nan 6.96432 -1.87116 0 2.04434 -1.73279 -0.226196 -0.200226 -0.00713348 -1.70904
483.447 -nan -3.04362 -0.242691 0 3.07137 1.17651 0.165253 0.0935822 -0.0394897 -1.72039
484.018 -nan 1.82533 1.44316 0 -4.93122 1.3017 0.530914 0.390839 -0.07267 -1.73051
484.589 -nan 6.58283 2.75802 0 -0.61097 -1.6131 0.841568 0.686546 -0.106224 -1.7381
485.16 -nan -5.61208 3.37767 0 5.1554 0.230583 1.08305 0.978523 -0.141335 -1.75024
485.731 -nan 3.84719 3.14216 0 -1.63391 1.75013 1.23756 1.25765 -0.174538 -1.75963
486.301 -nan 5.77331 2.11037 0 -3.34988 -0.739578 1.29932 1.52016 -0.207619 -1.76663
486.872 -nan -6.95909 0.54689 0 4.72337 -0.894073 1.26688 1.76334 -0.2435 -1.77312
487.443 -nan 5.33456 -1.15907 0 1.10052 1.73318 1.1442 1.97975 -0.278053 -1.78033
488.014 -nan 4.48463 -2.57498 0 -5.20477 0.353493 0.936386 2.16138 -0.308571 -1.78468
488.584 -nan -6.34348 -3.33134 0 1.19514 -1.6965 0.652557 2.30743 -0.340019 -1.78786
489.155 -nan 6.32269 -3.23389 0 3.6172 1.24088 0.309189 2.41477 -0.372406 -1.79124
489.726 -nan 2.67683 -2.30972 0 -4.47026 1.24107 -0.0691833 2.48268 -0.404739 -1.79768
490.297 -nan -4.12486 -0.792999 0 -1.58871 -1.66373 -0.453995 2.50158 -0.434464 -1.79903
490.868 -nan 6.86739 0.920998 0 5.20308 0.327156 -0.807777 2.47443 -0.464287 -1.79945
491.438 -nan 0.329926 2.39713 0 -0.721916 1.72636 -1.09057 2.402 -0.495651 -1.80004
492.009 -nan -1.31738 3.26867 0 -3.88114 -0.837585 -1.26082 2.28699 -0.522461 -1.80015
492.58 -nan 6.99094 3.31047 0 4.16797 -0.798943 -1.29472 2.12946 -0.547325 -1.79774
493.151 -nan -2.41853 2.51582 0 2.08659 1.75117 -1.18704 1.93373 -0.573051 -1.79485
493.721 -nan 1.30916 1.08633 0 -5.13932 0.258759 -0.954399 1.70708 -0.599564 -1.79408
494.292 -nan 6.7067 -0.624146 0 0.203949 -1.65724 -0.627502 1.45348 -0.623558 -1.7925
494.863 -nan -5.11317 -2.17696 0 4.12798 1.30444 -0.243843 1.17366 -0.645103 -1.78641
495.434 -nan 3.45038 -3.1759 0 -3.8147 1.17384 0.151131 0.876991 -0.666618 -1.7804
496.005 -nan 5.9891 -3.364 0 -2.5816 -1.70546 0.519936 0.570808 -0.687294 -1.77512
496.575 -nan -6.81902 -2.68645 0 5.01198 0.422691 0.832153 0.262199 -0.703568 -1.76808
497.146 -nan 5.04791 -1.32222 0 0.355408 1.70024 1.07285 -0.0482254 -0.718842 -1.75912
497.717 -nan 4.81068 0.373718 0 -4.34451 -0.929634 1.23155 -0.355049 -0.735626 -1.75169
498.288 -nan -6.64957 1.97463 0 3.41081 -0.700111 1.29938 -0.651497 -0.75106 -1.74458
498.858 -nan 6.14656 3.07392 0 3.05032 1.77132 1.27235 -0.933762 -0.763046 -1.73504
499.429 -nan 3.11965 3.39229 0 -4.82114 0.162575 1.15052 -1.20127 -0.772285 -1.72154
