0 -nan 6.99998 3.4 0 5.09978 1.8 -1.3 -2.5 -0.800003 -1.8
1 -nan 0.872734 1.80325 0 -4.44235 -1.33771 -1.05608 -2.47484 -0.829147 -1.8307
2 -nan -4.7174 -1.57298 0 -3.10927 0.850227 -0.399269 -2.33625 -0.850395 -1.85529
3 -nan 6.25105 -3.46722 0 -0.925209 0.837646 0.357544 -2.09367 -0.862007 -1.86832
4 -nan 4.75494 -1.93175 0 -3.56699 -1.33836 0.962173 -1.73016 -0.837265 -1.84338
5 -nan -6.84245 1.42982 0 1.58208 1.80547 1.26579 -1.25996 -0.783936 -1.79233
6 -nan 3.53327 3.32664 0 4.18889 -1.30721 1.21004 -0.717049 -0.716522 -1.72958
7 -nan 6.56419 2.0717 0 -2.16731 0.771126 0.784569 -0.101364 -0.613144 -1.64111
9 -nan -2.33729 -0.997742 0 1.78 0.846947 0.0931473 0.551521 -0.518387 -1.58286
10 -nan -1.43942 -3.16235 0 -3.55076 -1.39384 -0.689034 1.2052 -0.415062 -1.53714
11 -nan 6.81493 -2.49874 0 3.67657 1.76175 -1.24202 1.7998 -0.380348 -1.57436
12 -nan 2.88563 0.703537 0 4.23807 -1.16978 -1.34209 2.30661 -0.427811 -1.69457
13 -nan -6.60652 3.4764 0 4.71257 0.786469 -0.942635 2.62135 -0.547165 -1.8253
14 -nan 5.58267 2.48361 0 3.60336 0.80146 -0.324509 2.59969 -0.657143 -1.79967
15 -nan 5.52045 -0.42955 0 4.70239 -1.21541 0.516052 2.08426 -0.153824 -1.21729
17 -nan -5.22301 -2.57845 0 11.3523 1.00397 0.101593 1.74055 -0.65284 -1.14523
18 -nan 1.56268 -3.1002 0 -0.166145 -1.0335 1.4992 1.75952 0.075737 -1.45453
19 -nan 6.81477 1.05994 0 9.99384 1.34167 1.49753 1.94157 -0.892616 -1.86526
20 -nan 0.660698 1.13563 0 17.4764 0.636223 -0.832001 -0.511627 0.68483 0.446945
21 -nan -5.31638 4.92535 0 -14.9382 -3.55855 -1.53513 -0.747452 1.15221 -1.92189
22 -nan 10.8564 -5.37521 0 37.9262 5.19166 0.656532 4.30031 -4.70615 -6.98504
23 -nan 3.74033 -6.01591 0 23.9144 -4.13235 -3.50881 -0.0638275 -1.26984 -4.35626
25 -nan -9.31981 -4.13248 0 -2.23045 3.22607 -4.25518 -1.26332 -0.963593 -4.27678
26 -nan 7.34153 1.70709 0 9.28487 0.931107 -3.27842 -2.38223 -0.648605 -4.1927
27 -nan 7.70654 5.91034 0 -1.75799 -2.75601 -1.16663 -3.36002 -0.335541 -4.09383
28 -nan -6.63793 4.50094 0 5.63252 4.51827 1.21194 -4.17582 -0.0206146 -3.99722
29 -nan 1.9456 -1.16952 0 -1.4993 -3.96435 3.15101 -4.78256 0.293015 -3.8804
30 -nan 9.46829 -5.74734 0 3.93321 3.01393 4.18121 -5.17178 0.600494 -3.76777
31 -nan 0.207771 -4.81623 0 -1.2109 1.18873 4.00359 -5.31329 0.904892 -3.63996
33 -nan -6.09853 0.733093 0 2.89788 -3.03226 2.5535 -5.20218 1.20044 -3.50938
34 -nan 8.96226 5.57162 0 -0.849419 4.57549 0.121063 -4.83017 1.48691 -3.37158
35 -nan 5.56652 5.11028 0 2.17937 -3.78687 -2.47495 -4.20122 1.76363 -3.22666
36 -nan -9.38016 -0.185364 0 -0.448059 2.78311 -4.09043 -3.33003 2.03118 -3.07423
37 -nan 5.66175 -5.3205 0 1.66616 1.43486 -3.98401 -2.25115 2.27885 -2.91843
38 -nan 8.66072 -5.37628 0 -0.0422211 -3.29805 -2.35862 -1.00422 2.52505 -2.75394
39 -nan -3.97294 -0.260468 0 1.33221 4.62282 -0.0176544 0.330902 2.7387 -2.58462
41 -nan -1.09344 5.08996 0 0.327904 -3.59214 2.23069 1.68272 2.95156 -2.41335
42 -nan 9.55608 5.59047 0 1.12942 2.53607 3.77624 2.94046 3.13052 -2.22982
43 -nan 2.57704 0.803619 0 0.648697 1.68024 4.26089 4.01199 3.30114 -2.05052
44 -nan -8.55716 -4.75457 0 0.961037 -3.52198 3.47141 4.79734 3.44538 -1.8617
45 -nan 8.04906 -5.78208 0 0.904572 4.65661 1.49086 5.23362 3.57048 -1.67144
46 -nan 7.04101 -1.25036 0 0.758095 -3.39414 -1.15472 5.28882 3.67356 -1.47865
47 -nan -7.902 4.46327 0 1.09019 2.31111 -3.42946 4.97102 3.75368 -1.28102
49 -nan 3.42547 5.92753 0 0.499321 1.89745 -4.26482 4.32378 3.81169 -1.07846
50 -nan 9.27206 1.77129 0 1.22758 -3.72417 -3.35311 3.41724 3.84526 -0.87899
51 -nan -1.23148 -4.06565 0 0.185112 4.68249 -1.26493 2.32251 3.85686 -0.669739
52 -nan -4.37261 -6.03885 0 1.37208 -3.1929 1.11506 1.12844 3.83741 -0.467522
53 -nan 9.28938 -2.21151 0 -0.170883 2.07478 3.08937 -0.101135 3.80039 -0.257416
54 -nan 4.60384 3.72291 0 1.61416 2.10397 4.15804 -1.29388 3.72992 -0.050087
55 -nan -9.56573 6.10683 0 -0.537788 -3.90768 4.04506 -2.40063 3.64036 0.158203
57 -nan 6.65845 2.69579 0 2.02097 4.6898 2.65543 -3.37431 3.52465 0.36554
58 -nan 8.17489 -3.26701 0 -0.875092 -2.98421 0.253593 -4.1789 3.38219 0.573387
59 -nan -5.48361 -6.13656 0 2.60953 1.82755 -2.36652 -4.78559 3.21899 0.778854
60 -nan 0.641068 -3.10894 0 -1.13371 2.30647 -4.05451 -5.16973 3.03112 0.984009
61 -nan 9.556 2.88365 0 3.43712 -4.07204 -4.02402 -5.31333 2.81745 1.19183
62 -nan 1.30673 6.1282 0 -1.26781 4.68864 -2.44701 -5.20537 2.59053 1.38986
63 -nan -7.3471 3.55598 0 4.68482 -2.77496 -0.10759 -4.83578 2.33311 1.5966
65 -nan 8.61246 -2.38692 0 -1.28289 1.59231 2.14301 -4.20952 2.06568 1.78458
66 -nan 6.27857 -6.07346 0 6.96026 2.48945 3.73808 -3.34393 1.77341 1.98426
67 -nan -8.87961 -3.9282 0 -1.19969 -4.20296 4.26353 -2.26657 1.46934 2.16879
68 -nan 4.7316 1.97164 0 13.4189 4.678 3.53386 -1.02742 1.15055 2.35574
69 -nan 8.97725 5.9846 0 -0.791954 -2.57713 1.59354 0.308571 0.821098 2.53477
70 -nan -2.73369 4.31079 0 33.1612 1.35448 -1.04703 1.65647 0.482887 2.70905
71 -nan -2.56754 -1.43367 0 74.6921 2.65527 -3.36048 2.9202 0.133698 2.87888
73 -nan 9.48288 -5.83624 0 11.21 -4.3183 -4.26392 3.99103 -0.210434 3.04108
74 -nan 3.53814 -4.6452 0 21.1302 4.65196 -3.41099 4.78383 -0.561707 3.20094
75 -nan -9.22197 1.00446 0 -1.5354 -2.37344 -1.36663 5.22861 -0.901924 3.35115
76 -nan 7.48507 5.68137 0 15.5675 1.10992 1.02509 5.29118 -1.24631 3.50018
77 -nan 7.59367 4.95545 0 -4.13541 2.81591 3.01393 4.97853 -1.5685 3.63146
78 -nan -6.88929 -0.454414 0 11.0966 -4.42127 4.13499 4.33691 -1.89008 3.76544
79 -nan 2.23349 -5.44943 0 -2.52825 4.61787 4.06957 3.43097 -2.19013 3.8856
81 -nan 9.4408 -5.23313 0 6.78864 -2.16241 2.72657 2.34134 -2.47404 3.99969
82 -nan -0.0509872 0.00713348 0 0.372223 0.876892 0.354111 1.14688 -2.73962 4.10814
83 -nan -5.79293 5.22851 0 2.909 2.96021 -2.27297 -0.0807495 -2.97753 4.20351
84 -nan 9.03182 5.47481 0 2.84591 -4.48941 -4.01225 -1.27675 -3.19289 4.2937
85 -nan 5.40417 0.536774 0 -0.0732574 4.59055 -4.06071 -2.38788 -3.38248 4.37737
86 -nan -9.45404 -4.91912 0 4.31083 -1.98119 -2.53327 -3.36647 -3.53762 4.44767
87 -nan 5.8593 -5.68855 0 -1.67707 0.673439 -0.224686 -4.17429 -3.6668 4.51354
89 -nan 8.58287 -0.990227 0 4.54228 3.09274 2.05699 -4.78462 -3.75884 4.56623
90 -nan -4.25414 4.64528 0 -1.48714 -4.55096 3.68124 -5.16768 -3.8194 4.60901
91 -nan -0.77359 5.8527 0 3.65096 4.55268 4.26365 -5.31228 -3.84753 4.64438
92 -nan 9.56811 1.51463 0 -0.0769577 -1.80927 3.58329 -5.20123 -3.84309 4.66891
93 -nan 2.35893 -4.26254 0 2.0275 0.466469 1.68715 -4.83114 -3.80709 4.68494
94 -nan -8.36957 -5.98638 0 1.33342 3.20991 -0.93647 -4.20518 -3.74046 4.69216
95 -nan 8.16243 -1.95543 0 0.241196 -4.59911 -3.28283 -3.33749 -3.64328 4.68963
97 -nan 6.9153 3.93269 0 2.31602 4.50794 -4.25969 -2.25656 -3.51433 4.67458
98 -nan -8.10945 6.07907 0 -1.07265 -1.63142 -3.49186 -1.01435 -3.36565 4.66033
99 -nan 3.66594 2.4566 0 2.78171 0.237999 -1.46889 0.330376 -3.17715 4.62086
100 -nan 9.23494 -3.49592 0 -1.27686 3.33359 0.916016 1.67546 -2.98264 4.58826
101 -nan -1.48898 -6.12702 0 2.58064 -4.62749 2.94618 2.93961 -2.7503 4.53176
102 -nan -4.05704 -2.87404 0 -0.303238 4.44941 4.11011 4.00669 -2.51296 4.47657
103 -nan 9.3309 3.11787 0 1.71397 -1.43014 4.10298 4.79491 -2.24908 4.40589
105 -nan 4.42794 6.13577 0 0.938461 0.036499 2.82106 5.23034 -1.97616 4.32981
106 -nan -9.54504 3.3264 0 0.438515 3.44061 0.48925 5.28332 -1.69066 4.24474
107 -nan 6.8139 -2.62985 0 1.79155 -4.65131 -2.15453 4.96352 -1.39371 4.15165
108 -nan 8.08644 -6.10308 0 -0.754044 4.39366 -3.96666 4.31329 -1.08951 4.05038
109 -nan -5.73882 -3.71568 0 2.14983 -1.26027 -4.0952 3.40058 -0.780251 3.94008
110 -nan 0.926796 2.22463 0 -1.20812 -0.167465 -2.62388 2.30755 -0.464165 3.82703
111 -nan 9.54601 6.03648 0 2.0928 3.54463 -0.316399 1.10818 -0.14946 3.69849
113 -nan 1.08228 4.11765 0 -0.519096 -4.67004 1.97639 -0.115089 0.163284 3.57283
114 -nan -7.09533 -1.69784 0 1.57408 4.33477 3.63566 -1.3083 0.475571 3.42907
115 -nan 8.69695 -5.91877 0 0.725983 -1.08718 4.26644 -2.40899 0.779922 3.28734
116 -nan 6.13672 -4.46245 0 0.606613 -0.368118 3.64489 -3.37881 1.07941 3.13488
117 -nan -9.01359 1.26857 0 1.76989 3.64474 1.80151 -4.18036 1.37103 2.97677
118 -nan 4.93587 5.77999 0 -0.516937 -4.66463 -0.805374 -4.78264 1.65051 2.81548
119 -nan 8.91945 4.79458 0 2.25023 4.26293 -3.19815 -5.16535 1.92105 2.64717
121 -nan -2.99128 -0.725143 0 -1.19015 -0.887589 -4.25968 -5.31003 2.18113 2.47343
122 -nan -2.25383 -5.57321 0 2.15341 -0.58902 -3.54868 -5.19901 2.42039 2.29828
123 -nan 9.5164 -5.09531 0 -0.757233 3.75395 -1.56142 -4.83807 2.65641 2.11655
124 -nan 3.34583 0.279327 0 1.64231 -4.65448 0.82769 -4.21227 2.86037 1.93127
125 -nan -9.12017 5.37561 0 0.532097 4.19438 2.8832 -3.35751 3.0611 1.74562
126 -nan 7.61138 5.3511 0 0.791939 -0.708794 4.08268 -2.28087 3.2299 1.55058
127 -nan 7.49588 0.265152 0 1.89613 -0.79705 4.13208 -1.04861 3.38748 1.35946
128 -nan -7.11642 -5.08331 0 -0.315643 3.84071 2.89711 0.286728 3.51959 1.1616
130 -nan 2.48987 -5.58086 0 2.77973 -4.63947 0.593452 1.63469 3.63151 0.963455
131 -nan 9.42056 -0.71582 0 -1.21687 4.11304 -2.06105 2.89883 3.72094 0.763557
132 -nan -0.288765 4.82111 0 2.90472 -0.539459 -3.92668 3.9757 3.78719 0.563461
133 -nan -5.5191 5.76992 0 -1.06662 -1.0064 -4.12639 4.77735 3.83132 0.357048
134 -nan 9.09798 1.24813 0 2.30264 3.92699 -2.70445 5.22411 3.84978 0.159653
135 -nan 5.2579 -4.46051 0 0.321732 -4.61571 -0.411797 5.29584 3.84701 -0.0481262
0 -nan -9.51063 -5.92207 0 1.20836 4.02661 1.88852 4.98237 3.81103 -0.245277
1 -nan 6.03114 -1.69712 0 2.19615 -0.351189 3.58997 4.34567 3.75894 -0.449501
3 -nan 8.51159 4.14165 0 -0.128578 -1.21661 4.26335 3.43755 3.67407 -0.64875
4 -nan -4.50458 6.03226 0 3.84628 4.01323 3.69308 2.34698 3.568 -0.848495
5 -nan -0.483665 2.2011 0 -1.38776 -4.56689 1.88989 1.15291 3.43867 -1.04517
6 -nan 9.57746 -3.71543 0 4.68627 3.93119 -0.709816 -0.0754929 3.28089 -1.24132
7 -nan 2.15948 -6.10822 0 -1.62476 -0.176231 -3.12939 -1.2686 3.104 -1.4337
8 -nan -8.19158 -2.63009 0 4.3289 -1.41029 -4.25242 -2.37666 2.90257 -1.62433
9 -nan 8.26266 3.35339 0 0.0188522 4.08643 -3.60899 -3.35593 2.67675 -1.81463
11 -nan 6.8032 6.14194 0 2.73801 -4.52525 -1.66578 -4.16258 2.43743 -1.99506
12 -nan -8.28528 3.10117 0 3.09574 3.84802 0.731735 -4.77804 2.16935 -2.18049
13 -nan 3.89109 -2.87949 0 0.23436 -0.0186844 2.80511 -5.16098 1.89084 -2.34862
14 -nan 9.19801 -6.13364 0 6.93545 -1.59669 4.06046 -5.31477 1.58998 -2.52452
15 -nan -1.73375 -3.49622 0 -2.46867 4.15212 4.15324 -5.20947 1.27798 -2.68775
16 -nan -3.77153 2.48007 0 11.0292 -4.47154 2.96745 -4.85057 0.952789 -2.85026
17 -nan 9.37519 6.08656 0 -3.95838 3.75384 0.693748 -4.23627 0.618561 -3.00662
19 -nan 4.26527 3.90989 0 14.9965 0.141708 -1.96539 -3.37967 0.276863 -3.15714
20 -nan -9.5188 -1.96376 0 -1.27398 -1.78178 -3.88139 -2.30907 -0.0702972 -3.30278
21 -nan 6.95959 -5.99273 0 19.3708 4.21996 -4.15879 -1.07522 -0.417206 -3.44386
22 -nan 8.01019 -4.27554 0 11.5359 -4.39357 -2.78484 0.269135 -0.768219 -3.57851
23 -nan -5.9748 1.54 0 53.4308 3.63508 -0.520439 1.61592 -1.10399 -3.70235
24 -nan 1.1862 5.87445 0 12.0498 0.335472 1.80492 2.88711 -1.43906 -3.82373
25 -nan 9.53838 4.61743 0 -1.25193 -1.99099 3.53319 3.96277 -1.75395 -3.9299
27 -nan 0.872604 -1.00248 0 7.36726 4.28485 4.26416 4.76968 -2.06713 -4.03879
28 -nan -6.86276 -5.68953 0 -1.6369 -4.31579 3.75047 5.22004 -2.35653 -4.13439
29 -nan 8.77225 -4.929 0 5.65181 3.51305 2.00127 5.28834 -2.62891 -4.2249
30 -nan 6.00789 0.560265 0 -1.62505 0.512894 -0.573586 4.98103 -2.88078 -4.30976
31 -nan -9.12799 5.50371 0 4.63301 -2.19972 -3.03165 4.33653 -3.10485 -4.38362
32 -nan 5.12162 5.21078 0 -1.58656 4.3444 -4.24055 3.42738 -3.30363 -4.45137
33 -nan 8.87132 -0.0147095 0 3.85756 -4.23 -3.67802 2.33498 -3.47792 -4.51562
35 -nan -3.22979 -5.23817 0 -1.48665 3.38412 -1.75648 1.13235 -3.61485 -4.56481
36 -nan -1.97202 -5.46278 0 3.19034 0.694206 0.635231 -0.0900116 -3.72522 -4.61052
37 -nan 9.53638 -0.439438 0 -1.28303 -2.40903 2.74422 -1.28748 -3.79844 -4.64362
38 -nan 3.16911 4.99374 0 2.59614 4.40369 4.0308 -2.38714 -3.84066 -4.66889
39 -nan -9.00841 5.66927 0 -0.969521 -4.12534 4.17858 -3.3605 -3.84992 -4.68633
40 -nan 7.72836 0.975502 0 2.08231 3.25011 3.05135 -4.16371 -3.8277 -4.69559
41 -nan 7.39826 -4.64983 0 -0.582047 0.888985 0.821541 -4.76913 -3.77257 -4.69489
43 -nan -7.31696 -5.84678 0 1.67995 -2.63047 -1.84462 -5.15823 -3.68889 -4.68845
44 -nan 2.71694 -1.42391 0 -0.163956 4.46258 -3.82707 -5.30873 -3.57455 -4.67206
45 -nan 9.39626 4.34638 0 1.40205 -3.98508 -4.18135 -5.20746 -3.4297 -4.64439
46 -nan -0.504639 5.98285 0 0.253639 3.06361 -2.87143 -4.86124 -3.26625 -4.61858
47 -nan -5.26426 1.94186 0 1.17736 1.11944 -0.607933 -4.24751 -3.066 -4.56962
48 -nan 9.15791 -3.94495 0 0.640785 -2.8766 1.72441 -3.40973 -2.85844 -4.52657
49 -nan 5.1181 -6.07818 0 0.911911 4.51959 3.48904 -2.34412 -2.61523 -4.461
51 -nan -9.55403 -2.37336 0 0.982582 -3.83791 4.26003 -1.1245 -2.36767 -4.39763
52 -nan 6.18211 3.58896 0 0.573303 2.86987 3.79512 0.208061 -2.09543 -4.31966
53 -nan 8.44805 6.13016 0 1.27505 1.33605 2.08842 1.55608 -1.81527 -4.23693
54 -nan -4.73341 2.85135 0 0.168266 -3.10665 -0.47261 2.82848 -1.52303 -4.14565
55 -nan -0.225792 -3.12713 0 1.54373 4.5647 -2.96018 3.92061 -1.22204 -4.04635
56 -nan 9.58786 -6.14719 0 -0.274803 -3.67075 -4.23227 4.74106 -0.912178 -3.93997
57 -nan 1.97588 -3.26046 0 1.88625 2.66785 -3.72298 5.20738 -0.601097 -3.8231
59 -nan -8.02788 2.73912 0 -0.725159 1.55634 -1.84438 5.30359 -0.28363 -3.70621
60 -nan 8.35029 6.12024 0 2.43289 -3.32706 0.548836 5.00623 0.0310364 -3.57185
61 -nan 6.69928 3.69342 0 -1.15233 4.6067 2.67587 4.38512 0.342743 -3.44229
62 -nan -8.43479 -2.22887 0 3.24837 -3.48185 4.00118 3.48188 0.652664 -3.29475
63 -nan 4.08408 -6.05113 0 -1.51708 2.44378 4.19844 2.39711 0.953987 -3.14906
64 -nan 9.1594 -4.06483 0 4.39545 1.78079 3.11599 1.20125 1.24854 -2.99436
65 -nan -1.95083 1.81115 0 -1.7913 -3.55279 0.911049 -0.0290451 1.53535 -2.83279
67 -nan -3.50929 5.95242 0 6.06039 4.63013 -1.75803 -1.22345 1.80816 -2.66908
68 -nan 9.41029 4.43343 0 -1.98072 -3.27958 -3.78371 -2.33546 2.07176 -2.49715
69 -nan 4.11942 -1.27787 0 8.81951 2.20087 -4.20565 -3.31966 2.32466 -2.31924
70 -nan -9.48212 -5.79391 0 -2.17279 2.00098 -2.94433 -4.12976 2.5556 -2.1395
71 -nan 7.08512 -4.76634 0 15.1461 -3.76453 -0.707733 -4.75491 2.78136 -1.95319
72 -nan 7.92947 0.837265 0 -2.71112 4.64516 1.6361 -5.14653 2.9758 -1.76247
73 -nan -6.18304 5.63082 0 53.8672 -3.06406 3.43819 -5.31458 3.16381 -1.57159
74 -nan 1.41266 5.06242 0 -1.40091 1.94687 4.24997 -5.22179 3.32239 -1.37209
76 -nan 9.53314 -0.293663 0 18.0627 2.21819 3.83755 -4.88274 3.467 -1.17513
77 -nan 0.683914 -5.38421 0 2.36198 -3.94231 2.16855 -4.28708 3.58753 -0.973381
78 -nan -6.65565 -5.32952 0 5.64472 4.65018 -0.375877 -3.45173 3.68665 -0.769852
79 -nan 8.83903 -0.157959 0 2.76723 -2.84071 -2.88586 -2.40186 3.76312 -0.564163
80 -nan 5.89318 5.15421 0 2.15932 1.69503 -4.21526 -1.18358 3.81619 -0.359634
81 -nan -9.22415 5.56326 0 2.98284 2.42838 -3.77725 0.150742 3.84708 -0.145599
82 -nan 5.28426 0.69725 0 0.642212 -4.10859 -1.93938 1.49816 3.8509 0.0569153
84 -nan 8.82997 -4.83526 0 3.08896 4.64844 0.456596 2.78699 3.83468 0.272614
85 -nan -3.44136 -5.75584 0 -0.128586 -2.60587 2.60102 3.88176 3.78281 0.475922
86 -nan -1.73156 -1.15295 0 3.09417 1.42542 3.97584 4.71815 3.71706 0.687035
87 -nan 9.55355 4.54273 0 -0.585526 2.62421 4.21561 5.19773 3.61713 0.892441
88 -nan 3.01704 5.91109 0 3.0052 -4.25327 3.18807 5.29858 3.49771 1.09723
89 -nan -8.90613 1.67319 0 -0.912422 4.62339 1.0299 5.01712 3.35358 1.29899
90 -nan 7.82516 -4.15238 0 2.81982 -2.3671 -1.63831 4.39156 3.1827 1.49938
92 -nan 7.31589 -6.03286 0 -1.12682 1.1469 -3.72075 3.49451 2.991 1.69671
93 -nan -7.49095 -2.11572 0 2.55455 2.81647 -4.22861 2.40552 2.77765 1.89073
94 -nan 2.90974 3.81258 0 -1.19382 -4.3763 -3.02337 1.20191 2.53849 2.08553
95 -nan 9.38021 6.10951 0 2.25081 4.59114 -0.805283 -0.0256653 2.28747 2.26862
96 -nan -0.69265 2.61019 0 -1.09994 -2.12822 1.56451 -1.23093 2.00877 2.45694
97 -nan -5.03339 -3.3648 0 1.96055 0.881775 3.38712 -2.33717 1.71918 2.62863
98 -nan 9.20122 -6.1492 0 -0.854858 2.98847 4.24709 -3.31998 1.41026 2.8047
100 -nan 4.99294 -3.02599 0 1.74941 -4.46804 3.88071 -4.13036 1.09013 2.97013
101 -nan -9.57863 2.98342 0 -0.500107 4.54798 2.26498 -4.74593 0.758858 3.13049
102 -nan 6.31548 6.14548 0 1.62135 -1.90267 -0.250191 -5.14542 0.419937 3.28561
103 -nan 8.39113 3.46976 0 -0.0887833 0.615074 -2.78809 -5.30754 0.0746918 3.43262
104 -nan -4.93051 -2.48608 0 1.48581 3.14671 -4.19535 -5.22355 -0.274147 3.5741
105 -nan -0.00357056 -6.10066 0 0.336937 -4.54489 -3.83456 -4.89201 -0.621025 3.71036
106 -nan 9.59451 -3.86195 0 1.26585 4.49892 -2.01964 -4.30103 -0.969414 3.83875
108 -nan 1.8122 2.07835 0 0.74659 -1.67612 0.36425 -3.4826 -1.30022 3.95512
109 -nan -7.8746 6.02269 0 0.929321 0.344719 2.54451 -2.4386 -1.63412 4.06999
110 -nan 8.42868 4.24239 0 1.13143 3.29885 3.94112 -1.23402 -1.94161 4.16657
111 -nan 6.6083 -1.54481 0 0.482582 -4.59941 4.23324 0.0888596 -2.24532 4.26435
112 -nan -8.56361 -5.88363 0 1.54206 4.42604 3.24917 1.43663 -2.52354 4.34693
113 -nan 4.24804 -4.58664 0 -0.0489578 -1.43565 1.12252 2.71924 -2.78342 4.42369
114 -nan 9.12904 1.10673 0 2.11556 0.0819092 -1.54736 3.83238 -3.01944 4.4913
116 -nan -2.14003 5.73485 0 -0.633537 3.43457 -3.67326 4.67945 -3.22948 4.54976
117 -nan -3.28868 4.90797 0 3.01668 -4.62069 -4.23967 5.18282 -3.40951 4.59679
118 -nan 9.44588 -0.563095 0 -1.23734 4.37107 -3.09143 5.3115 -3.56726 4.64272
119 -nan 3.99348 -5.51308 0 4.39286 -1.22996 -0.883423 5.04641 -3.6848 4.66965
120 -nan -9.4473 -5.1956 0 -1.84973 -0.146454 1.48051 4.44613 -3.77499 4.69237
121 -nan 7.18611 0.107697 0 6.55441 3.55508 3.33926 3.55801 -3.82892 4.70172
122 -nan 7.86615 5.299 0 -2.47301 -4.63989 4.23562 2.47913 -3.85146 4.70245
124 -nan -6.35619 5.44485 0 10.5162 4.29985 3.91762 1.28188 -3.84156 4.694
125 -nan 1.60743 0.43644 0 -3.27939 -1.03755 2.34055 0.0480347 -3.80087 4.6772
126 -nan 9.52482 -4.99603 0 21.26 -0.375153 -0.159943 -1.15356 -3.72763 4.64893
127 -nan 0.52079 -5.66388 0 -5.41088 3.66248 -2.72081 -2.27408 -3.62669 4.61461
128 -nan -6.47222 -0.890152 0 79.4943 -4.6431 -4.1787 -3.26345 -3.49503 4.56875
129 -nan 8.89172 4.7183 0 -12.565 4.22256 -3.86924 -4.08522 -3.33333 4.51059
130 -nan 5.79845 5.84042 0 18.2286 -0.840691 -2.10634 -4.72068 -3.15527 4.45425
132 -nan -9.29394 1.42476 0 0.0835571 -0.622231 0.280952 -5.12878 -2.94057 4.3744
133 -nan 5.41974 -4.34846 0 7.18756 3.76805 2.46896 -5.30933 -2.71953 4.29945
134 -nan 8.78427 -5.98021 0 1.76299 -4.61975 3.90817 -5.2367 -2.46705 4.20448
135 -nan -3.62317 -1.86905 0 3.16859 4.13074 4.2428 -4.91737 -2.20832 4.10939
0 -nan -1.52402 4.01569 0 2.53838 -0.628136 3.30312 -4.3443 -1.9297 4.00193
1 -nan 9.56945 6.07471 0 1.19421 -0.839966 1.20728 -3.53385 -1.64191 3.88874
2 -nan 2.8829 2.37012 0 2.97086 3.86167 -1.45927 -2.50854 -1.34465 3.76807
3 -nan -8.80873 -3.57981 0 0.125084 -4.59795 -3.61977 -1.30874 -1.03992 3.63986
5 -nan 7.9084 -6.13938 0 3.18124 4.04728 -4.25504 0.00939178 -0.726204 3.50555
6 -nan 7.24313 -2.79886 0 -0.489532 -0.443634 -3.15303 1.35849 -0.413651 3.36095
7 -nan -7.63895 3.20996 0 3.21688 -1.0568 -0.978409 2.65357 -0.0968094 3.21853
8 -nan 3.07342 6.1517 0 -0.903419 3.94961 1.40037 3.77708 0.217613 3.05784
9 -nan 9.36426 3.25904 0 3.0929 -4.57098 3.28713 4.64342 0.526283 2.90458
10 -nan -0.854454 -2.71716 0 -1.17637 3.9553 4.22333 5.1644 0.833473 2.73337
11 -nan -4.84045 -6.12877 0 2.83897 -0.259262 3.95417 5.30637 1.13029 2.56535
13 -nan 9.23703 -3.65561 0 -1.27119 -1.26743 2.42596 5.06116 1.41953 2.38962
14 -nan 4.88872 2.30962 0 2.49171 4.03216 -0.045433 4.46504 1.70031 2.2075
15 -nan -9.59295 6.06718 0 -1.15816 -4.51191 -2.61808 3.58688 1.96656 2.02504
16 -nan 6.42124 4.0592 0 2.10382 3.84595 -4.14756 2.5052 2.22158 1.83757
17 -nan 8.34674 -1.78613 0 -0.848442 -0.0486374 -3.92251 1.30331 2.46675 1.64494
18 -nan -5.09773 -5.95396 0 1.75496 -1.499 -2.1943 0.0666885 2.68802 1.45354
19 -nan 0.180313 -4.42104 0 -0.405006 4.12091 0.190987 -1.14539 2.90247 1.25742
20 -nan 9.59277 1.35055 0 1.4874 -4.45142 2.40344 -2.2664 3.08681 1.05891
22 -nan 1.68013 5.82465 0 0.0974045 3.74164 3.87975 -3.26004 3.26188 0.860977
23 -nan -7.73373 4.75697 0 1.23673 0.138954 4.25258 -4.08364 3.41023 0.658371
24 -nan 8.48795 -0.808479 0 0.593765 -1.71454 3.36465 -4.71318 3.54053 0.45668
25 -nan 6.52679 -5.62213 0 0.911964 4.18986 1.31594 -5.12523 3.64868 0.255035
26 -nan -8.66619 -5.05789 0 1.0333 -4.38608 -1.34093 -5.30322 3.73367 0.0505142
27 -nan 4.38407 0.356735 0 0.490349 3.62726 -3.55109 -5.23689 3.79646 -0.152596
28 -nan 9.1007 5.42148 0 1.39389 0.31884 -4.26589 -4.92051 3.83525 -0.35289
30 -nan -2.29752 5.33218 0 -0.00267792 -1.9312 -3.22861 -4.35503 3.85211 -0.560165
31 -nan -3.09644 0.188286 0 1.69911 4.25799 -1.07249 -3.55406 3.84052 -0.753792
32 -nan 9.47128 -5.14217 0 -0.520531 -4.31324 1.32411 -2.53732 3.80998 -0.958481
33 -nan 3.87893 -5.56256 0 2.03753 3.50064 3.23007 -1.34608 3.74226 -1.15
34 -nan -9.40851 -0.649979 0 -0.997246 0.52066 4.21387 -0.0402451 3.66176 -1.34699
35 -nan 7.27038 4.87382 0 2.52164 -2.14791 3.98544 1.30425 3.54752 -1.53733
36 -nan 7.81189 5.75878 0 -1.36003 4.32477 2.50195 2.59399 3.41351 -1.72616
38 -nan -6.5033 1.18516 0 3.15703 -4.20693 0.0537033 3.72655 3.25459 -1.91115
39 -nan 1.76983 -4.51643 0 -1.53784 3.36834 -2.54069 4.60413 3.07115 -2.09306
40 -nan 9.51917 -5.92147 0 3.87962 0.712013 -4.12524 5.14829 2.86433 -2.27261
41 -nan 0.381927 -1.63802 0 -1.474 -2.35669 -3.96042 5.31303 2.64008 -2.44527
42 -nan -6.31963 4.19801 0 4.61899 4.3849 -2.26662 5.09048 2.38814 -2.61921
43 -nan 8.94185 6.03661 0 -1.16472 -4.10869 0.102127 4.51725 2.12609 -2.7779
44 -nan 5.71709 2.15252 0 5.30792 3.23653 2.33882 3.653 1.83739 -2.94246
46 -nan -9.353 -3.77469 0 -0.593292 0.889923 3.84011 2.58098 1.5379 -3.09042
47 -nan 5.52895 -6.11913 0 5.92303 -2.55599 4.26357 1.38566 1.22173 -3.24064
48 -nan 8.75027 -2.58656 0 0.501358 4.43384 3.42124 0.146935 0.894981 -3.38248
49 -nan -3.77546 3.40933 0 6.55993 -3.99732 1.40136 -1.06642 0.558578 -3.51686
50 -nan -1.34544 6.15466 0 3.66666 3.09559 -1.25423 -2.19701 0.216415 -3.64796
51 -nan 9.58252 3.05524 0 7.77248 1.06829 -3.50059 -3.19937 -0.131073 -3.77029
52 -nan 2.77176 -2.93184 0 24.8285 -2.75501 -4.27187 -4.03783 -0.480385 -3.88753
54 -nan -8.72704 -6.15059 0 17.9146 4.47958 -3.28961 -4.68204 -0.825012 -3.99781
55 -nan 7.97356 -3.4684 0 18.617 -3.86312 -1.15177 -5.1098 -1.16931 -4.10119
56 -nan 7.18179 2.53285 0 -4.05521 2.94041 1.23364 -5.30184 -1.49462 -4.19231
57 -nan -7.75299 6.10793 0 11.7277 1.26243 3.17895 -5.25187 -1.82034 -4.28236
58 -nan 3.213 3.88045 0 -3.95759 -2.94225 4.19328 -4.94845 -2.12053 -4.35651
59 -nan 9.34633 -2.01231 0 9.00703 4.51501 4.01651 -4.39949 -2.41212 -4.43005
60 -nan -0.994102 -6.01266 0 -3.26786 -3.7421 2.57163 -3.61227 -2.67944 -4.49221
62 -nan -4.67682 -4.2495 0 7.23373 2.78883 0.143875 -2.61046 -2.92489 -4.54704
63 -nan 9.26776 1.58183 0 -2.61874 1.4221 -2.46348 -1.43185 -3.14556 -4.59411
64 -nan 4.79962 5.89788 0 5.73806 -3.11671 -4.09915 -0.132362 -3.34035 -4.6345
65 -nan -9.60133 4.60616 0 -1.92905 4.54395 -3.99178 1.21512 -3.50194 -4.66187
66 -nan 6.51688 -1.04411 0 4.36876 -3.62012 -2.3522 2.51305 -3.64186 -4.6911
67 -nan 8.30729 -5.71626 0 -1.10012 2.63444 0.019989 3.66417 -3.73994 -4.70057
68 -nan -5.24195 -4.92287 0 3.11336 1.58392 2.26295 4.55817 -3.80988 -4.70675
70 -nan 0.333717 0.587997 0 -0.195839 -3.2859 3.80801 5.12589 -3.84428 -4.70106
71 -nan 9.59641 5.53037 0 2.0266 4.57096 4.27013 5.30972 -3.84687 -4.68738
72 -nan 1.56573 5.20931 0 0.667831 -3.47346 3.47382 5.10709 -3.81785 -4.66595
73 -nan -7.61907 -0.0419464 0 1.14787 2.47273 1.49757 4.54736 -3.75842 -4.63704
74 -nan 8.53749 -5.26405 0 1.39877 1.75784 -1.14037 3.69045 -3.66624 -4.59692
75 -nan 6.46159 -5.46223 0 0.469704 -3.44549 -3.42486 2.62082 -3.54749 -4.55156
76 -nan -8.75186 -0.417778 0 1.94609 4.58891 -4.27861 1.42151 -3.40021 -4.4973
78 -nan 4.49339 5.01308 0 -0.0866394 -3.32288 -3.36037 0.174431 -3.22359 -4.43076
79 -nan 9.08361 5.67847 0 2.29115 2.31401 -1.25527 -1.04614 -3.03156 -4.36582
80 -nan -2.42986 0.960907 0 -0.584953 1.90729 1.15503 -2.18703 -2.80623 -4.2804
81 -nan -2.93954 -4.67657 0 2.42418 -3.58582 3.12395 -3.19234 -2.57254 -4.19719
82 -nan 9.4845 -5.85643 0 -0.98671 4.60171 4.18073 -4.03479 -2.31165 -4.09749
83 -nan 3.78858 -1.41391 0 2.36716 -3.19098 4.04713 -4.6788 -2.04256 -3.99554
84 -nan -9.36828 4.36717 0 -1.20632 2.15758 2.65118 -5.10616 -1.75845 -3.88421
86 -nan 7.34239 5.98872 0 2.17349 2.04483 0.258713 -5.30072 -1.46367 -3.76596
87 -nan 7.76453 1.93047 0 -1.17279 -3.71507 -2.35727 -5.24963 -1.16233 -3.64096
88 -nan -6.62319 -3.9574 0 1.92827 4.60887 -4.0583 -4.949 -0.854141 -3.50813
89 -nan 1.90105 -6.09419 0 -0.87133 -3.05097 -4.04188 -4.40457 -0.537987 -3.36978
90 -nan 9.51175 -2.3755 0 1.71667 1.99286 -2.43772 -3.61657 -0.224113 -3.21986
91 -nan 0.267937 3.60583 0 -0.372452 2.19112 -0.0791016 -2.62585 0.0910873 -3.0738
92 -nan -6.18657 6.14243 0 1.50333 -3.84277 2.1918 -1.44646 0.404785 -2.90748
94 -nan 8.9802 2.85601 0 0.214012 4.60946 3.76958 -0.158447 0.710434 -2.74987
95 -nan 5.64767 -3.13233 0 1.18713 -2.87532 4.27395 1.1844 1.01383 -2.57505
96 -nan -9.39852 -6.15992 0 0.789177 1.80938 3.52866 2.47655 1.30508 -2.40398
97 -nan 5.61835 -3.27216 0 0.726624 2.33812 1.59061 3.62598 1.58869 -2.22449
98 -nan 8.72158 2.73908 0 1.28297 -3.96252 -1.04227 4.53128 1.86122 -2.04101
99 -nan -3.89907 6.13466 0 0.153717 4.60331 -3.36362 5.11071 2.12142 -1.8535
100 -nan -1.20436 3.70153 0 1.68285 -2.72546 -4.27831 5.31181 2.36572 -1.66315
102 -nan 9.59702 -2.22973 0 -0.456467 1.63463 -3.41946 5.13072 2.60381 -1.46498
103 -nan 2.67971 -6.06126 0 2.06252 2.47105 -1.33678 4.58327 2.81357 -1.26823
104 -nan -8.66118 -4.08652 0 -1.01801 -4.07607 1.073 3.74566 3.01779 -1.06706
105 -nan 8.02633 1.80263 0 2.53552 4.59443 3.06345 2.6806 3.19078 -0.862328
106 -nan 7.13703 5.9649 0 -1.4239 -2.56814 4.16315 1.49042 3.35316 -0.659058
107 -nan -7.84818 4.45362 0 3.09663 1.45788 4.07589 0.244698 3.48991 -0.451736
108 -nan 3.31995 -1.26778 0 -1.57013 2.60563 2.7242 -0.979668 3.60658 -0.244133
110 -nan 9.3345 -5.80251 0 3.63201 -4.17027 0.355957 -2.12218 3.70168 -0.0383072
111 -nan -1.10465 -4.78287 0 -1.38729 4.58202 -2.27932 -3.14025 3.77297 0.171783
112 -nan -4.5471 0.818039 0 4.01069 -2.38506 -4.03053 -3.99277 3.82118 0.3815
113 -nan 9.29401 5.6307 0 -0.876465 1.2452 -4.06846 -4.64881 3.84571 0.587395
114 -nan 4.7358 5.09077 0 4.09296 2.76488 -2.51057 -5.09451 3.84831 0.800255
115 -nan -9.60818 -0.274185 0 -0.0832291 -4.27548 -0.168724 -5.29705 3.82128 1.00056
116 -nan 6.58641 -5.38898 0 3.77125 4.55567 2.12087 -5.26597 3.77605 1.21049
118 -nan 8.27139 -5.35342 0 1.12579 -2.17319 3.72412 -4.97227 3.69482 1.40879
119 -nan -5.35046 -0.187294 0 2.96735 1.00822 4.28159 -4.44257 3.59901 1.61031
120 -nan 0.455818 5.14826 0 3.40959 2.91845 3.57689 -3.66966 3.47178 1.80576
121 -nan 9.60114 5.58489 0 1.56004 -4.37215 1.67374 -2.68557 3.32337 1.99828
122 -nan 1.47444 0.729851 0 8.75964 4.51758 -0.951637 -1.52342 3.15081 2.18655
123 -nan -7.52573 -4.82482 0 -0.89991 -1.96506 -3.30357 -0.237343 2.95544 2.37044
124 -nan 8.57954 -5.78428 0 28.3063 0.764107 -4.27978 1.10458 2.73459 2.55311
126 -nan 6.41119 -1.18697 0 -7.0713 3.06846 -3.48049 2.40138 2.50035 2.72542
127 -nan -8.82074 4.53033 0 49.5271 -4.45634 -1.4222 3.56986 2.23637 2.90137
128 -nan 4.59062 5.93193 0 -49.7544 4.47657 0.978477 4.4839 1.96796 3.0554
129 -nan 9.06705 1.71143 0 29.6929 -1.74742 3.0085 5.09114 1.6698 3.22038
130 -nan -2.54146 -4.13683 0 -19.6049 0.527176 4.14071 5.30959 1.36264 3.36532
131 -nan -2.81441 -6.05381 0 17.6834 3.21699 4.10461 5.14742 1.03939 3.5129
132 -nan 9.50143 -2.1566 0 -4.81344 -4.51672 2.79955 4.62015 0.707153 3.65023
134 -nan 3.71397 3.79105 0 10.3041 4.41553 0.463371 3.7869 0.366478 3.77882
135 -nan -9.33793 6.12533 0 -1.1378 -1.50571 -2.17239 2.73218 0.0215454 3.90231
0 -nan 7.3996 2.64461 0 5.689 0.236366 -3.98378 1.53545 -0.326965 4.01643
1 -nan 7.7289 -3.33732 0 0.866539 3.37366 -4.10881 0.28231 -0.67569 4.12349
2 -nan -6.7243 -6.16495 0 2.62238 -4.56984 -2.61466 -0.949249 -1.01836 4.22453
3 -nan 2.00471 -3.07486 0 2.19634 4.34837 -0.270988 -2.10842 -1.3587 4.31566
4 -nan 9.50991 2.95406 0 0.653793 -1.25595 2.03243 -3.12778 -1.6785 4.39298
5 -nan 0.177696 6.15777 0 3.06551 -0.0533752 3.68663 -3.99039 -1.99561 4.4674
6 -nan -6.07759 3.51348 0 -0.493935 3.52194 4.2821 -4.64819 -2.28857 4.52698
8 -nan 9.00711 -2.45092 0 3.55143 -4.59454 3.63076 -5.09174 -2.56757 4.58141
9 -nan 5.58952 -6.10458 0 -1.10359 4.26324 1.77544 -5.29992 -2.82442 4.6264
10 -nan -9.4318 -3.90256 0 3.68172 -1.00166 -0.827103 -5.26052 -3.05504 4.65974
11 -nan 5.6925 2.03103 0 -1.41422 -0.341774 -3.21392 -4.97322 -3.26123 4.68564
12 -nan 8.7009 6.02345 0 3.4845 3.66248 -4.27797 -4.44005 -3.44055 4.70376
13 -nan -3.99728 4.29036 0 -1.47144 -4.5986 -3.55135 -3.66457 -3.58501 4.70681
14 -nan -1.0911 -1.50365 0 3.02217 4.17606 -1.53849 -2.68846 -3.7067 4.71109
16 -nan 9.60587 -5.88267 0 -1.22092 -0.741013 0.88932 -1.52017 -3.78661 4.69431
17 -nan 2.60175 -4.63235 0 2.38432 -0.635025 2.93726 -0.24456 -3.83738 4.67376
18 -nan -8.60201 1.05218 0 -0.676086 3.79803 4.12152 1.09605 -3.85332 4.64025
19 -nan 8.07347 5.72733 0 1.68568 -4.58424 4.13285 2.38866 -3.8373 4.59858
20 -nan 7.09689 4.95272 0 0.0354996 4.06208 2.8783 3.55057 -3.79015 4.54825
21 -nan -7.92579 -0.509377 0 1.03235 -0.48951 0.572968 4.47572 -3.7124 4.48928
22 -nan 3.40963 -5.50064 0 0.754501 -0.933426 -2.07554 5.08092 -3.60419 4.42072
24 -nan 9.32549 -5.23548 0 0.470802 3.91637 -3.94384 5.31396 -3.46743 4.34352
25 -nan -1.19512 0.0499954 0 1.3656 -4.54856 -4.14168 5.16272 -3.30608 4.26084
26 -nan -4.44315 5.27689 0 -0.0365601 3.93944 -2.68496 4.64001 -3.11346 4.16262
27 -nan 9.32193 5.48787 0 1.8012 -0.233009 -0.366196 3.82352 -2.90874 4.0677
28 -nan 4.67711 0.498573 0 -0.518402 -1.23434 1.95783 2.76695 -2.67091 3.95168
29 -nan -9.61453 -4.97408 0 2.02141 4.02988 3.63835 1.58044 -2.4258 3.83808
30 -nan 6.64098 -5.70109 0 -0.916176 -4.48632 4.28345 0.327721 -2.15671 3.70964
32 -nan 8.248 -0.956894 0 2.03104 3.81421 3.68463 -0.905617 -1.87819 3.57771
33 -nan -5.43972 4.69009 0 -1.13317 0.00519562 1.87123 -2.06119 -1.58891 3.43895
34 -nan 0.553619 5.87066 0 1.87563 -1.50325 -0.725975 -3.09399 -1.28779 3.29268
35 -nan 9.60352 1.48469 0 -1.08762 4.12525 -3.14668 -3.95723 -0.982765 3.14153
36 -nan 1.40028 -4.3097 0 1.64359 -4.41266 -4.27036 -4.6266 -0.671448 2.98379
37 -nan -7.45694 -6.01446 0 -0.757423 3.68317 -3.60976 -5.08479 -0.353806 2.82149
38 -nan 8.61228 -1.94093 0 1.40829 0.24118 -1.62001 -5.29669 -0.0393829 2.65041
40 -nan 6.37424 3.97916 0 -0.222412 -1.77133 0.796318 -5.27626 0.274139 2.48253
41 -nan -8.86816 6.1003 0 1.12141 4.2142 2.87304 -4.99116 0.585457 2.29886
42 -nan 4.65837 2.43794 0 0.389114 -4.32765 4.09798 -4.47161 0.887665 2.12234
43 -nan 9.05323 -3.53185 0 0.712357 3.53823 4.15704 -3.70624 1.1864 1.93246
44 -nan -2.6217 -6.15751 0 0.956116 0.469978 2.94945 -2.73299 1.47337 1.74487
45 -nan -2.72348 -2.87017 0 0.186943 -2.03141 0.670334 -1.58018 1.75065 1.55239
46 -nan 9.51598 3.15279 0 1.40118 4.29034 -1.98829 -0.301071 2.01645 1.35616
48 -nan 3.6644 6.16895 0 -0.381599 -4.21193 -3.90607 1.03345 2.27045 1.15752
49 -nan -9.31574 3.32452 0 1.71429 3.3817 -4.16518 2.33036 2.50461 0.960846
50 -nan 7.44521 -2.66113 0 -0.893852 0.690758 -2.76584 3.50745 2.73508 0.756157
51 -nan 7.70492 -6.1349 0 1.96855 -2.26244 -0.460464 4.43906 2.93324 0.556824
52 -nan -6.79634 -3.73052 0 -1.24539 4.35725 1.87841 5.06863 3.12755 0.353828
53 -nan 2.07967 2.24371 0 2.23387 -4.10606 3.59136 5.31126 3.28887 0.149727
54 -nan 9.51236 6.07284 0 -1.33237 3.24662 4.28503 5.17565 3.43928 -0.0518951
56 -nan 0.112305 4.12718 0 2.43896 0.877602 3.73042 4.66862 3.56396 -0.255379
57 -nan -6.0074 -1.71915 0 -1.09227 -2.47337 1.95595 3.85288 3.66765 -0.458473
58 -nan 9.03145 -5.95065 0 2.45181 4.40434 -0.615326 2.80819 3.74964 -0.657715
59 -nan 5.55323 -4.48261 0 -0.555588 -3.99792 -3.06229 1.61295 3.80753 -0.859695
60 -nan -9.45941 1.27633 0 2.18161 3.10258 -4.26047 0.356758 3.84288 -1.05908
61 -nan 5.74441 5.81154 0 0.169304 1.05853 -3.67815 -0.883446 3.85367 -1.25306
62 -nan 8.69289 4.82302 0 1.59927 -2.68042 -1.7301 -2.05438 3.84202 -1.45145
64 -nan -4.07227 -0.734756 0 0.996536 4.45065 0.689987 -3.08736 3.80033 -1.63645
65 -nan -1.01668 -5.6069 0 0.752998 -3.88017 2.80623 -3.96401 3.7401 -1.82815
66 -nan 9.61016 -5.11719 0 2.01173 2.93583 4.06771 -4.63244 3.6447 -2.00964
67 -nan 2.5578 0.273056 0 -0.259102 1.2568 4.17908 -5.08699 3.53294 -2.19085
68 -nan -8.56165 5.39411 0 3.41563 -2.87764 3.01824 -5.30168 3.39399 -2.36637
69 -nan 8.10292 5.38239 0 -1.3255 4.48533 0.778542 -5.26878 3.23032 -2.53812
70 -nan 7.07362 0.274185 0 5.32029 -3.73116 -1.87421 -4.98641 3.04564 -2.70501
72 -nan -7.97772 -5.10368 0 -2.32329 2.78372 -3.84612 -4.45512 2.83758 -2.86716
73 -nan 3.46379 -5.61738 0 7.76406 1.43501 -4.19664 -3.68494 2.60477 -3.02721
74 -nan 9.32578 -0.736305 0 -3.11624 -3.06168 -2.86578 -2.7092 2.35993 -3.17636
75 -nan -1.24963 4.83467 0 10.7632 4.52379 -0.569107 -1.54665 2.0853 -3.32809
76 -nan -4.37263 5.80151 0 -3.59918 -3.5984 1.77898 -0.273079 1.80374 -3.45856
77 -nan 9.33723 1.27644 0 14.3814 2.62843 3.54279 1.06449 1.49726 -3.59816
78 -nan 4.64037 -4.46606 0 -3.65132 1.59943 4.27714 2.35716 1.18214 -3.71817
80 -nan -9.61833 -5.96184 0 19.295 -3.2335 3.78297 3.52252 0.853424 -3.8402
81 -nan 6.67913 -1.73229 0 -1.38722 4.54494 2.05904 4.45383 0.516632 -3.95206
82 -nan 8.23374 4.14066 0 26.7296 -3.45681 -0.495804 5.06828 0.174034 -4.05524
83 -nan -5.49683 6.06686 0 12.5688 2.465 -2.97514 5.31538 -0.172935 -4.15394
84 -nan 0.615776 2.23724 0 29.9173 1.76303 -4.24524 5.17487 -0.520599 -4.24475
85 -nan 9.6084 -3.71042 0 6.5264 -3.40204 -3.73042 4.67006 -0.867363 -4.329
86 -nan 1.35371 -6.14569 0 0.207687 4.5639 -1.82594 3.86268 -1.20547 -4.40718
87 -nan -7.41283 -2.68156 0 4.40061 -3.28901 0.600769 2.81377 -1.54119 -4.47594
89 -nan 8.63738 3.34164 0 -0.798531 2.28441 2.72775 1.62777 -1.85443 -4.53141
90 -nan 6.35036 6.17288 0 3.66924 1.94617 4.0392 0.372307 -2.16236 -4.58421
