0 -nan 6.99998 3.4 0 5.09979 1.8 -1.3 -2.5 -0.800003 -1.8
1 -nan 0.860626 1.79272 0 -6.06466 -1.30882 -1.02509 -2.44155 -0.796387 -1.79829
2 -nan -4.67437 -1.52025 0 4.86361 0.792908 -0.349876 -2.26656 -0.784172 -1.79168
3 -nan 6.14899 -3.38903 0 -4.92056 0.876259 0.414696 -1.98492 -0.769302 -1.78602
4 -nan 4.81396 -2.00725 0 4.29195 -1.38697 1.01017 -1.59653 -0.744247 -1.77399
5 -nan -6.81678 1.29053 0 -3.3556 1.79668 1.28544 -1.12254 -0.713776 -1.75836
6 -nan 3.43658 3.35632 0 3.05524 -1.23074 1.20071 -0.576164 -0.680565 -1.74406
7 -nan 6.71026 2.24035 0 -0.667542 0.707077 0.755325 0.0206604 -0.634293 -1.71894
9 -nan -2.38385 -1.00511 0 0.376823 0.953033 0.0584183 0.624756 -0.590797 -1.69689
10 -nan -1.36736 -3.29791 0 0.765068 -1.45834 -0.707649 1.21468 -0.539246 -1.67165
11 -nan 6.85826 -2.42736 0 -3.9504 1.79038 -1.22117 1.73141 -0.480881 -1.63739
12 -nan 2.72461 0.760345 0 2.91549 -1.14646 -1.23512 2.14302 -0.424652 -1.60719
13 -nan -6.38542 3.21888 0 -4.22793 0.621368 -0.733337 2.40989 -0.359642 -1.57011
14 -nan 5.29478 2.62644 0 6.68536 1.03037 0.0229874 2.50066 -0.295547 -1.53083
15 -nan 5.80653 -0.459091 0 -4.76418 -1.52016 0.731201 2.41158 -0.229538 -1.48982
17 -nan -5.54055 -3.11396 0 4.58475 1.78291 1.18593 2.1489 -0.161491 -1.44524
18 -nan 1.73891 -2.78698 0 -5.52532 -1.05646 1.2915 1.7384 -0.0909882 -1.39735
19 -nan 6.97003 0.207939 0 3.5594 0.533463 1.02681 1.21971 -0.0236816 -1.34726
20 -nan -0.13855 2.9995 0 -1.50226 1.10293 0.446373 0.637207 0.0432587 -1.29845
21 -nan -3.64243 2.94415 0 1.4356 -1.57939 -0.320129 0.0248337 0.113541 -1.24008
22 -nan 6.44775 0.0957642 0 0.0656281 1.76746 -1.00002 -0.566254 0.176018 -1.18405
23 -nan 4.2141 -2.84868 0 -2.36117 -0.967407 -1.30067 -1.11823 0.243324 -1.12589
25 -nan -6.99842 -3.06734 0 3.02896 0.440376 -1.04752 -1.59608 0.306458 -1.06137
26 -nan 4.13448 -0.347389 0 -3.78432 1.17007 -0.390038 -1.98254 0.363762 -1.00094
27 -nan 6.48206 2.6954 0 4.90605 -1.63191 0.379417 -2.27021 0.423363 -0.934174
28 -nan -3.50897 3.18091 0 -5.76546 1.75134 0.985916 -2.44353 0.476898 -0.866211
29 -nan -0.261734 0.651802 0 5.21541 -0.872337 1.28167 -2.50233 0.52742 -0.797836
30 -nan 6.96352 -2.5042 0 -4.76308 0.349251 1.21004 -2.44351 0.573921 -0.727936
31 -nan 1.84292 -3.26749 0 5.47527 1.23862 0.782761 -2.2687 0.618088 -0.655228
33 -nan -5.6315 -0.897949 0 -3.57497 -1.6756 0.0885239 -1.98009 0.654785 -0.581146
34 -nan 5.76491 2.3226 0 2.01315 1.73186 -0.673416 -1.59394 0.690033 -0.509415
35 -nan 5.34583 3.33559 0 -2.00604 -0.775093 -1.20966 -1.11179 0.721535 -0.430725
36 -nan -6.32407 1.18575 0 -1.02176 0.25322 -1.24452 -0.563019 0.742645 -0.356285
37 -nan 2.65406 -2.09397 0 2.21589 1.30017 -0.76915 0.0329895 0.766342 -0.279289
38 -nan 6.87101 -3.37697 0 -2.84969 -1.71639 -0.0142441 0.645615 0.78157 -0.198212
39 -nan -1.28339 -1.42183 0 5.90568 1.70582 0.700829 1.22818 0.792213 -0.12236
41 -nan -2.4563 1.88484 0 -4.92741 -0.678329 1.17186 1.74606 0.798637 -0.0436935
42 -nan 6.69997 3.39883 0 4.87858 0.156456 1.29534 2.15394 0.800034 0.0351028
43 -nan 3.47301 1.69335 0 -4.58121 1.36042 1.04752 2.41375 0.794998 0.116318
44 -nan -6.82939 -1.62712 0 1.98595 -1.74612 0.480957 2.49847 0.7855 0.191032
45 -nan 4.79754 -3.39926 0 0.0377655 1.68017 -0.278992 2.40664 0.775574 0.271553
46 -nan 6.15437 -1.90856 0 -3.24354 -0.577866 -0.974701 2.1337 0.752518 0.349815
47 -nan -4.66973 1.39983 0 4.84796 0.0593185 -1.29695 1.72201 0.730812 0.424301
49 -nan 0.864914 3.37195 0 -4.83465 1.41514 -1.0732 1.19897 0.702782 0.503647
50 -nan 7.00095 2.15026 0 4.71103 -1.77316 -0.422646 0.612915 0.670532 0.579262
51 -nan 0.789948 -1.11512 0 -5.47625 1.64464 0.348503 0.00441742 0.632561 0.653839
52 -nan -4.58812 -3.32304 0 3.07664 -0.480011 0.964981 -0.585609 0.592842 0.725502
53 -nan 6.18201 -2.34545 0 -0.347916 -0.042984 1.27899 -1.13432 0.546989 0.801453
54 -nan 4.74946 0.873154 0 -0.0949097 1.46531 1.22044 -1.6053 0.496155 0.870079
55 -nan -6.8587 3.25599 0 2.08456 -1.78963 0.813644 -1.98917 0.446861 0.938171
57 -nan 3.53368 2.55103 0 -4.10892 1.60875 0.127693 -2.27219 0.388107 1.00768
58 -nan 6.68037 -0.575424 0 5.23885 -0.377533 -0.637985 -2.44173 0.329094 1.07136
59 -nan -2.56219 -3.15907 0 -5.27598 -0.142639 -1.19249 -2.49912 0.267647 1.13519
60 -nan -1.17271 -2.71555 0 4.72691 1.51407 -1.25844 -2.4406 0.205147 1.19602
61 -nan 6.88432 0.324715 0 -4.56284 -1.79884 -0.796089 -2.26543 0.137245 1.25662
62 -nan 2.55996 3.04842 0 0.963188 1.56669 -0.0493622 -1.9788 0.0718307 1.30914
63 -nan -6.25065 2.88275 0 0.869164 -0.276901 0.675156 -1.59528 0.00440216 1.36598
65 -nan 5.40144 -0.0177841 0 -3.20273 -0.245995 1.15939 -1.11486 -0.0676804 1.41832
66 -nan 5.70881 -2.91019 0 6.37546 1.5589 1.29688 -0.569336 -0.133926 1.46535
67 -nan -5.74888 -3.0139 0 -4.88007 -1.79906 1.0666 0.0245132 -0.201668 1.51025
68 -nan 1.97786 -0.230576 0 3.32693 1.52652 0.511192 0.632942 -0.268623 1.55374
69 -nan 6.95251 2.76398 0 0.0123367 -0.171631 -0.247879 1.22144 -0.337334 1.59406
70 -nan -0.442871 3.13584 0 -2.10159 -0.343254 -0.949257 1.73615 -0.396294 1.62683
71 -nan -3.31129 0.53479 0 3.29582 1.60076 -1.29601 2.14899 -0.45929 1.66266
73 -nan 6.5292 -2.58178 0 -4.91031 -1.79267 -1.09097 2.41061 -0.516457 1.69086
74 -nan 3.99922 -3.2319 0 6.49874 1.47753 -0.453545 2.50055 -0.569489 1.71712
75 -nan -6.98705 -0.781708 0 -4.48558 -0.0737457 0.316406 2.40791 -0.617271 1.73915
76 -nan 4.35955 2.408 0 2.74783 -0.445717 0.945999 2.14462 -0.662766 1.76032
77 -nan 6.38148 3.3084 0 -2.19427 1.63663 1.27002 1.72878 -0.699966 1.77341
78 -nan -3.92062 1.07397 0 -2.24616 -1.77879 1.23164 1.21175 -0.731285 1.78515
79 -nan 0.146164 -2.18608 0 3.68159 1.42789 0.835419 0.624992 -0.760857 1.79604
81 -nan 6.98621 -3.3617 0 -4.77702 0.0271606 0.159004 0.0169144 -0.77951 1.79931
82 -nan 1.4612 -1.31386 0 5.4323 -0.547302 -0.610817 -0.576645 -0.792274 1.7996
83 -nan -5.25258 1.98397 0 -1.78451 1.66795 -1.17622 -1.11974 -0.797493 1.79607
84 -nan 5.94019 3.39446 0 -0.796021 -1.75966 -1.26829 -1.59997 -0.800598 1.79315
85 -nan 5.11671 1.58736 0 4.37169 1.37146 -0.824608 -1.98444 -0.789703 1.77991
86 -nan -6.58988 -1.7308 0 -6.60976 0.125412 -0.0864563 -2.26849 -0.776405 1.76748
87 -nan 3.03882 -3.39919 0 4.65533 -0.644768 0.644157 -2.44199 -0.7547 1.74975
89 -nan 6.80105 -1.80939 0 -2.52811 1.701 1.14442 -2.5025 -0.728256 1.7304
90 -nan -1.84223 1.50352 0 1.91078 -1.72653 1.29713 -2.44109 -0.691437 1.70309
91 -nan -1.87427 3.38496 0 1.85824 1.31612 1.08515 -2.26987 -0.655167 1.67804
92 -nan 6.79541 2.05653 0 -3.66793 0.224899 0.537987 -1.98443 -0.609528 1.64675
93 -nan 3.06012 -1.22733 0 4.69285 -0.744194 -0.213074 -1.59558 -0.55883 1.61103
94 -nan -6.60126 -3.3451 0 -6.21746 1.72491 -0.926514 -1.11726 -0.504318 1.57316
95 -nan 5.1053 -2.2534 0 2.38312 -1.69238 -1.28983 -0.571289 -0.449409 1.53461
97 -nan 5.9491 0.987625 0 0.56028 1.25355 -1.1138 0.0283432 -0.385971 1.4906
98 -nan -5.23846 3.28484 0 -4.3786 0.321022 -0.488823 0.63768 -0.320625 1.44113
99 -nan 1.44709 2.47003 0 6.7373 -0.841476 0.282188 1.22393 -0.255058 1.39278
